[7l----total-cpu-usage---- -dsk/total- -net/total- ---paging-- ---system-- ----system----
usr sys idl wai hiq siq| read  writ| recv  send|  in   out | int   csw |     time     
  9   5  77   8   0   2| 266k 1519k|   0     0 |   0     0 | 412  1581 |30-11 22:20:00
  3   3  93   0   0   2|   0     0 |4356k  154k|   0     0 | 615  2545 |30-11 22:20:01
  2   3  94   0   0   2|   0     0 |4055k  143k|   0     0 | 589  2366 |30-11 22:20:02
  1   3  94   0   0   2|   0     0 |3943k  142k|   0     0 | 584  2337 |30-11 22:20:03
  2   2  96   0   0   1|   0  8192B|3934k  141k|   0     0 | 575  2373 |30-11 22:20:04
  2   2  93   2   0   3|   0    72k|3909k  140k|   0     0 | 579  2341 |30-11 22:20:05
  2   2  96   0   0   1|   0     0 |3969k  143k|   0     0 | 579  2339 |30-11 22:20:06
  1   3  94   0   0   2|   0     0 |4026k  144k|   0     0 | 596  2407 |30-11 22:20:07
  1   3  94   0   0   3|   0     0 |3994k  141k|   0     0 | 572  2370 |30-11 22:20:08
  2   3  95   0   0   1|   0     0 |4079k  147k|   0     0 | 599  2429 |30-11 22:20:09
  2   3  94   0   0   2|   0     0 |3986k  141k|   0     0 | 584  2351 |30-11 22:20:10
  2   3  94   0   0   2|   0     0 |3921k  139k|   0     0 | 570  2339 |30-11 22:20:11
  3   3  92   0   0   2|   0     0 |3960k  144k|   0     0 | 585  2387 |30-11 22:20:12
  2   2  94   0   0   3|   0     0 |3915k  138k|   0     0 | 567  2322 |30-11 22:20:13
  1   2  95   0   0   3|   0     0 |3915k  138k|   0     0 | 568  2285 |30-11 22:20:14
  3   4  91   0   0   2|   0     0 |3972k  143k|   0     0 | 573  2337 |30-11 22:20:15
  1   2  95   0   0   2|   0     0 |3878k  137k|   0     0 | 594  2235 |30-11 22:20:16
  2   4  93   0   0   1|   0     0 |3857k  137k|   0     0 | 579  2286 |30-11 22:20:17
  2   4  92   0   0   3|   0     0 |3975k  143k|   0     0 | 589  2333 |30-11 22:20:18
  2   3  94   0   0   2|   0     0 |4010k  143k|   0     0 | 579  2398 |30-11 22:20:19
  1   2  95   0   0   2|   0     0 |3675k  130k|   0     0 | 537  2190 |30-11 22:20:20
  1   1  98   0   0   0|   0  4096B|5914B 3426B|   0     0 |  54   235 |30-11 22:20:21
  0   1 100   0   0   0|   0     0 |   0     0 |   0     0 |  35    83 |30-11 22:20:22
  0   0 100   0   0   0|   0     0 |   0     0 |   0     0 |  23    35 |30-11 22:20:23
  1   0  99   0   0   0|   0     0 |5422B 2788B|   0     0 |  33    85 |30-11 22:20:24
  0   0 100   0   0   0|   0     0 |   0     0 |   0     0 |  19    33 |30-11 22:20:25
  0   0 100   0   0   0|   0     0 |  74B   74B|   0     0 |  18    25 |30-11 22:20:26
  7   3  88   0   0   1|   0     0 |1762k   67k|   0     0 | 463  1576 |30-11 22:20:27
  2   3  94   0   0   1|   0     0 |3951k  142k|   0     0 | 575  2328 |30-11 22:20:28
  1   3  95   0   0   2|   0     0 |3965k  140k|   0     0 | 582  2306 |30-11 22:20:29
  1   2  95   0   0   2|   0    12k|4128k  146k|   0     0 | 596  2415 |30-11 22:20:30
  2   1  94   0   0   3|   0     0 |4026k  147k|   0     0 | 597  2411 |30-11 22:20:31
  1   3  94   0   0   2|   0     0 |3921k  140k|   0     0 | 584  2377 |30-11 22:20:32
  3   2  94   0   0   1|   0     0 |4167k  147k|   0     0 | 608  2425 |30-11 22:20:33
  2   2  94   0   0   3|   0     0 |4031k  146k|   0     0 | 589  2392 |30-11 22:20:34
  2   3  95   0   0   1|   0    32k|4054k  144k|   0     0 | 611  2386 |30-11 22:20:35
  2   3  92   2   0   3|   0    52k|4048k  144k|   0     0 | 599  2390 |30-11 22:20:36
  2   2  95   0   0   2|   0     0 |4036k  145k|   0     0 | 593  2355 |30-11 22:20:37
  4   1  94   0   0   2|   0     0 |3853k  137k|   0     0 | 558  2264 |30-11 22:20:38
  1   3  94   0   0   3|   0     0 |3912k  139k|   0     0 | 596  2293 |30-11 22:20:39
  1   2  96   0   0   1|   0     0 |3929k  141k|   0     0 | 582  2326 |30-11 22:20:40
  1   2  96   0   0   2|   0     0 |3923k  138k|   0     0 | 581  2247 |30-11 22:20:41
  1   3  95   0   0   2|   0     0 |4004k  141k|   0     0 | 589  2356 |30-11 22:20:42
  3   3  92   0   0   3|   0     0 |3904k  140k|   0     0 | 560  2308 |30-11 22:20:43
  1   3  95   0   0   2|   0     0 |4043k  143k|   0     0 | 611  2368 |30-11 22:20:44
  2   2  95   0   0   2|   0     0 |3950k  140k|   0     0 | 576  2289 |30-11 22:20:45
  2   2  94   0   0   3|   0     0 |3931k  142k|   0     0 | 593  2336 |30-11 22:20:46
  1   4  94   0   0   1|   0  4096B|2377k   85k|   0     0 | 392  1563 |30-11 22:20:47
  0   0 100   0   0   0|   0     0 |   0     0 |   0     0 |  22    43 |30-11 22:20:48
  0   0 100   0   0   0|   0     0 |5422B 2788B|   0     0 |  25    64 |30-11 22:20:49
  0   0 100   0   0   0|   0     0 |   0     0 |   0     0 |  23    37 |30-11 22:20:50
  0   0 100   0   0   0|   0     0 |   0     0 |   0     0 |  26    47 |30-11 22:20:51
  2   1  97   0   0   0|   0     0 |7709B 4991B|   0     0 |  71   257 |30-11 22:20:52
  9   5  85   0   0   1|   0     0 |2717k   98k|   0     0 | 568  2064 |30-11 22:20:53
  1   1  97   0   0   1|   0     0 |4171k  148k|   0     0 | 613  2453 |30-11 22:20:54
  3   2  93   0   0   3|   0     0 |4124k  148k|   0     0 | 597  2445 |30-11 22:20:55
  1   2  96   0   0   1|   0     0 |4191k  149k|   0     0 | 602  2442 |30-11 22:20:56
  2   3  93   0   0   2|   0     0 |3890k  145k|   0     0 | 603  2441 |30-11 22:20:57
  2   3  93   0   0   2|   0     0 |4040k  146k|   0     0 | 597  2407 |30-11 22:20:58
  1   4  94   0   0   2|   0     0 |4067k  144k|   0     0 | 598  2356 |30-11 22:20:59
  1   3  95   0   0   2|   0  4096B|3862k  138k|   0     0 | 587  2287 |30-11 22:21:00
  2   1  95   0   0   2|   0     0 |3956k  143k|   0     0 | 581  2314 |30-11 22:21:01
  1   2  96   0   0   1|   0     0 |3928k  140k|   0     0 | 611  2337 |30-11 22:21:02
  1   4  93   0   0   2|   0     0 |4098k  145k|   0     0 | 620  2397 |30-11 22:21:03
  3   1  94   0   0   3|   0     0 |3995k  144k|   0     0 | 613  2369 |30-11 22:21:04
  2   2  94   0   0   3|   0     0 |3885k  137k|   0     0 | 565  2314 |30-11 22:21:05
  1   3  95   0   0   2|   0  8192B|4044k  143k|   0     0 | 595  2337 |30-11 22:21:06
  3   2  92   1   0   2|   0    60k|3989k  143k|   0     0 | 589  2378 |30-11 22:21:07
  3   2  94   0   0   2|   0     0 |4000k  141k|   0     0 | 577  2342 |30-11 22:21:08
  2   2  94   0   0   3|   0     0 |4225k  149k|   0     0 | 618  2499 |30-11 22:21:09
  2   2  95   0   0   1|   0     0 |3960k  143k|   0     0 | 588  2316 |30-11 22:21:10
  2   2  94   0   0   3|   0    52k|3912k  139k|   0     0 | 579  2335 |30-11 22:21:11
  2   4  93   0   0   1|   0     0 |3939k  140k|   0     0 | 576  2356 |30-11 22:21:12
  2   2  95   0   0   1|   0  4096B|1696k   63k|   0     0 | 292  1174 |30-11 22:21:13
  0   0 100   0   0   0|   0     0 |   0     0 |   0     0 |  23    37 |30-11 22:21:14
  0   0 100   0   0   0|   0     0 |   0     0 |   0     0 |  24    41 |30-11 22:21:15
  1   0  99   0   0   0|   0     0 |5844B 3500B|   0     0 |  26    79 |30-11 22:21:16
  0   1 100   0   0   0|   0     0 |   0     0 |   0     0 |  35    78 |30-11 22:21:17
  8   2  90   0   0   0|   0     0 |3621B 2761B|   0     0 | 150   420 |30-11 22:21:18
  2   4  94   0   0   1|   0     0 |3445k  133k|   0     0 | 240   872 |30-11 22:21:19
  2   2  97   0   0   0|   0     0 |4044k  144k|   0     0 | 127   725 |30-11 22:21:20
  1   1  98   0   0   0|   0  4096B|4044k  143k|   0     0 | 166   765 |30-11 22:21:21
  2   2  96   0   0   1|   0     0 |3833k  120k|   0     0 | 182   787 |30-11 22:21:22
  1   2  97   0   0   1|   0     0 |1966k   79k|   0     0 | 163   610 |30-11 22:21:23
  1   2  97   0   0   1|   0     0 |3215k  125k|   0     0 | 205   821 |30-11 22:21:24
  1   1  98   0   0   1|   0     0 |4193k  149k|   0     0 | 145   790 |30-11 22:21:25
  2   1  96   0   0   1|   0     0 |4061k  145k|   0     0 | 140   717 |30-11 22:21:26
  2   3  93   0   0   2|   0     0 |3982k  145k|   0     0 | 234   901 |30-11 22:21:27
  1   0  98   0   0   1|   0     0 |4161k  146k|   0     0 | 251   794 |30-11 22:21:28
  1   1  97   0   0   1|   0     0 |4161k  146k|   0     0 | 235   711 |30-11 22:21:29
  1   3  95   0   0   2|   0     0 |4111k  147k|   0     0 | 155   705 |30-11 22:21:30
  1   2  96   0   0   1|   0     0 |4275k  150k|   0     0 | 153   809 |30-11 22:21:31
  1   3  96   0   0   1|   0     0 |4048k  144k|   0     0 | 182   744 |30-11 22:21:32
  1   2  96   0   0   1|   0     0 |4050k  146k|   0     0 | 120   757 |30-11 22:21:33
  1   1  98   0   0   0|   0     0 |4022k  142k|   0     0 |  94   723 |30-11 22:21:34
  1   1  98   0   0   1|   0     0 |4110k  145k|   0     0 |  62   794 |30-11 22:21:35
  1   1  96   0   0   2|   0     0 |4191k  149k|   0     0 | 146   763 |30-11 22:21:36
  1   2  83  14   0   1|   0    40k|4148k  146k|   0     0 |  97   771 |30-11 22:21:37
  0   3  97   0   0   0|   0     0 |4063k  144k|   0     0 |  81   804 |30-11 22:21:38
  2   0  98   0   0   1|   0  4096B| 716k   29k|   0     0 |  56   360 |30-11 22:21:39
  0   0 100   0   0   0|   0     0 |   0     0 |   0     0 |  24    47 |30-11 22:21:40
  0   0 100   0   0   0|   0  8192B| 102B  192B|   0     0 |  25    55 |30-11 22:21:41
  1   1  99   0   0   0|   0     0 |5422B 2788B|   0     0 |  37   116 |30-11 22:21:42
  0   0 100   0   0   0|   0     0 |   0     0 |   0     0 |  23    48 |30-11 22:21:43
  9   3  88   0   0   0|   0     0 | 775k   35k|   0     0 | 213   662 |30-11 22:21:44
  1   3  96   0   0   1|   0     0 |4091k  151k|   0     0 | 110   740 |30-11 22:21:45
  1   3  95   0   0   2|   0     0 |4078k  145k|   0     0 | 173   765 |30-11 22:21:46
  1   1  97   0   0   1|   0     0 |4047k  141k|   0     0 | 131   724 |30-11 22:21:47
  1   2  96   0   0   1|   0     0 |4158k  149k|   0     0 | 141   780 |30-11 22:21:48
  1   2  98   0   0   0|   0     0 |4010k  141k|   0     0 | 122   761 |30-11 22:21:49
  1   2  96   0   0   2|   0     0 |4105k  145k|   0     0 | 183   767 |30-11 22:21:50
  1   3  96   0   0   1|   0     0 |4173k  152k|   0     0 | 169   814 |30-11 22:21:51
  2   2  96   0   0   1|   0  4096B|3987k  142k|   0     0 |  84   798 |30-11 22:21:52
  1   2  97   0   0   1|   0     0 |4126k  144k|   0     0 | 104   869 |30-11 22:21:53
  1   3  95   0   0   1|   0     0 |4161k  149k|   0     0 |  91   806 |30-11 22:21:54
  1   1  97   0   0   1|   0     0 |4116k  144k|   0     0 | 103   807 |30-11 22:21:55
  1   1  97   0   0   1|   0     0 |4131k  145k|   0     0 | 132   775 |30-11 22:21:56
  4   4  91   0   0   1|   0     0 |4172k  158k|   0     0 | 122   915 |30-11 22:21:57
  1   2  97   0   0   1|   0     0 |4170k  146k|   0     0 |  76   742 |30-11 22:21:58
  1   2  96   0   0   2|   0     0 |4074k  144k|   0     0 | 175   780 |30-11 22:21:59
  1   1  97   0   0   1|   0     0 |4038k  145k|   0     0 | 168   784 |30-11 22:22:00
  1   2  97   0   0   1|   0     0 |4082k  145k|   0     0 |  73   754 |30-11 22:22:01
  2   3  95   0   0   1|   0     0 |4144k  145k|   0     0 |  86   743 |30-11 22:22:02
  2   1  97   0   0   1|   0     0 |4201k  151k|   0     0 |  73   752 |30-11 22:22:03
  1   1  98   0   0   0|   0     0 |3616k  127k|   0     0 |  60   638 |30-11 22:22:04
  0   1 100   0   0   0|   0  4096B|1416B 2486B|   0     0 |  54   201 |30-11 22:22:05
  1   0  99   0   0   0|   0     0 |5422B 2788B|   0     0 |  24    78 |30-11 22:22:06
  1   0  99   0   0   0|   0  8192B|   0     0 |   0     0 |  31    94 |30-11 22:22:07
  0   0  99   1   0   0|   0    52k|   0     0 |   0     0 |  19    45 |30-11 22:22:08
  1   1  99   0   0   0|   0     0 |5422B 2788B|   0     0 |  24    55 |30-11 22:22:09
  0   1 100   0   0   0|   0     0 | 247B  247B|   0     0 |  30    65 |30-11 22:22:10
  8   5  87   0   0   0|   0     0 |1620k   67k|   0     0 | 236   813 |30-11 22:22:11
  1   2  97   0   0   1|   0  8192B|3824k  123k|   0     0 | 107   799 |30-11 22:22:12
  1   1  97   0   0   1|   0     0 |1747k   66k|   0     0 | 127   584 |30-11 22:22:13
  0   1  98   0   0   1|   0     0 |2775k   84k|   0     0 | 100   684 |30-11 22:22:14
  1   1  98   0   0   1|   0     0 |2246k  103k|   0     0 |  65   576 |30-11 22:22:15
  2   2  96   0   0   1|   0     0 |4162k  156k|   0     0 |  99   820 |30-11 22:22:16
  1   3  96   0   0   1|   0     0 |4184k  148k|   0     0 | 108   758 |30-11 22:22:17
  0   2  98   0   0   1|   0     0 |4119k  146k|   0     0 | 164   770 |30-11 22:22:18
  1   2  96   0   0   1|   0     0 |3986k  145k|   0     0 | 169   698 |30-11 22:22:19
  0   2  97   0   0   1|   0     0 |4071k  145k|   0     0 | 194   704 |30-11 22:22:20
  1   2  97   0   0   1|   0     0 |4121k  145k|   0     0 | 133   671 |30-11 22:22:21
  1   2  96   0   0   1|   0     0 |4128k  147k|   0     0 | 188   715 |30-11 22:22:22
  1   1  97   0   0   1|   0     0 |4129k  145k|   0     0 | 184   680 |30-11 22:22:23
  0   3  95   0   0   1|   0     0 |4108k  144k|   0     0 | 181   722 |30-11 22:22:24
  1   2  97   0   0   1|   0     0 |4079k  148k|   0     0 | 146   724 |30-11 22:22:25
  1   1  98   0   0   0|   0     0 |4090k  145k|   0     0 | 156   766 |30-11 22:22:26
  1   3  95   0   0   1|   0     0 |4120k  145k|   0     0 | 193   725 |30-11 22:22:27
  1   3  95   0   0   1|   0     0 |4101k  147k|   0     0 | 183   748 |30-11 22:22:28
  1   2  96   0   0   2|   0     0 |4156k  146k|   0     0 | 218   753 |30-11 22:22:29
  1   2  97   0   0   1|   0     0 |4136k  146k|   0     0 | 209   777 |30-11 22:22:30
  1   1  98   0   0   1|   0     0 |2720k   97k|   0     0 | 152   527 |30-11 22:22:31
  1   1  99   0   0   0|   0  4096B|1416B 2486B|   0     0 |  75   252 |30-11 22:22:32
  0   0 100   0   0   0|   0     0 |   0     0 |   0     0 |  23    48 |30-11 22:22:33
  1   0  99   0   0   0|   0     0 |5422B 2788B|   0     0 |  27    66 |30-11 22:22:34
  0   0 100   0   0   0|   0     0 |   0     0 |   0     0 |  23    35 |30-11 22:22:35
  0   0 100   0   0   0|   0     0 |   0     0 |   0     0 |  24    47 |30-11 22:22:36
  1   1  98   0   0   0|   0     0 |7465B 4639B|   0     0 |  59   161 |30-11 22:22:37
  8   5  86   0   0   1|   0    16k|2315k   91k|   0     0 | 246   828 |30-11 22:22:38
  1   2  95   2   0   1|   0    40k|3968k  147k|   0     0 | 154   619 |30-11 22:22:39
  1   2  95   0   0   2|   0     0 |5117k  187k|   0     0 | 147   700 |30-11 22:22:40
  0   2  97   0   0   1|   0     0 |4171k  147k|   0     0 | 165   669 |30-11 22:22:41
  2   1  97   0   0   0|   0     0 |4149k  149k|   0     0 | 176   686 |30-11 22:22:42
  2   1  95   0   0   3|   0    12k|4132k  147k|   0     0 | 116   695 |30-11 22:22:43
  0   3  96   0   0   1|   0     0 |3953k  139k|   0     0 | 123   746 |30-11 22:22:44
  1   2  97   0   0   0|   0     0 |4376k  154k|   0     0 | 102   650 |30-11 22:22:45
  2   1  97   0   0   0|   0     0 |3866k  138k|   0     0 | 109   637 |30-11 22:22:46
  1   2  95   0   0   2|   0     0 |3918k  139k|   0     0 | 102   662 |30-11 22:22:47
  1   2  97   0   0   1|   0     0 |4216k  150k|   0     0 | 103   612 |30-11 22:22:48
  2   1  96   0   0   2|   0     0 |4232k  153k|   0     0 | 103   701 |30-11 22:22:49
  2   3  96   0   0   0|   0     0 |4078k  144k|   0     0 | 123   717 |30-11 22:22:50
  1   2  96   0   0   2|   0     0 |4170k  151k|   0     0 | 134   725 |30-11 22:22:51
  2   2  95   0   0   1|   0     0 |4458k  162k|   0     0 | 137   749 |30-11 22:22:52
  2   1  97   0   0   1|   0     0 |4619k  164k|   0     0 | 102   728 |30-11 22:22:53
  1   1  98   0   0   0|   0     0 |3699k  130k|   0     0 | 104   660 |30-11 22:22:54
  2   1  96   0   0   2|   0     0 |4103k  146k|   0     0 | 112   738 |30-11 22:22:55
  1   1  97   0   0   1|   0     0 |4075k  143k|   0     0 | 129   704 |30-11 22:22:56
  2   3  94   0   0   1|   0     0 |4051k  149k|   0     0 | 196   804 |30-11 22:22:57
  1   2  98   0   0   0|   0     0 |2491k   86k|   0     0 | 108   382 |30-11 22:22:58
  1   1  99   0   0   1|   0  4096B|7894B 7386B|   0     0 |  55   204 |30-11 22:22:59
  0   0 100   0   0   0|   0     0 |   0     0 |   0     0 |  23    55 |30-11 22:23:00
  0   0 100   0   0   0|   0     0 |   0     0 |   0     0 |  20    41 |30-11 22:23:01
  1   1  99   0   0   0|   0     0 |5422B 2788B|   0     0 |  40   117 |30-11 22:23:02
  0   0 100   0   0   0|   0  8192B|   0     0 |   0     0 |  22    45 |30-11 22:23:03
  3   2  95   0   0   0|   0     0 |3621B 2695B|   0     0 | 132   345 |30-11 22:23:04
  6   4  90   0   0   1|   0     0 |2852k  114k|   0     0 | 181   735 |30-11 22:23:05
  1   2  96   0   0   2|   0     0 |3770k  138k|   0     0 | 171   673 |30-11 22:23:06
  1   2  97   0   0   0|   0     0 |4031k  145k|   0     0 | 169   644 |30-11 22:23:07
  1   2  96   0   0   1|   0     0 |4249k  154k|   0     0 | 164   696 |30-11 22:23:08
  1   2  97   0   0   1|   0     0 |4169k  150k|   0     0 | 165   672 |30-11 22:23:09
  1   3  96   1   0   0|   0    64k|3811k  133k|   0     0 | 168   653 |30-11 22:23:10
  1   3  95   0   0   1|   0     0 |4427k  158k|   0     0 | 160   696 |30-11 22:23:11
  2   1  96   0   0   1|   0     0 |4032k  142k|   0     0 | 170   620 |30-11 22:23:12
  1   2  96   0   0   1|   0     0 |4167k  146k|   0     0 | 144   662 |30-11 22:23:13
  2   3  95   0   0   0|   0    56k|4178k  150k|   0     0 | 158   657 |30-11 22:23:14
  1   2  97   0   0   1|   0     0 |4028k  143k|   0     0 | 154   679 |30-11 22:23:15
  1   2  97   0   0   1|   0     0 |3921k  140k|   0     0 | 133   633 |30-11 22:23:16
  2   3  94   0   0   1|   0     0 |4387k  154k|   0     0 | 151   688 |30-11 22:23:17
  1   2  96   0   0   1|   0     0 |3948k  146k|   0     0 | 136   607 |30-11 22:23:18
  1   3  96   0   0   1|   0     0 |4170k  150k|   0     0 | 128   636 |30-11 22:23:19
  1   3  96   0   0   1|   0     0 |3452k  128k|   0     0 | 167   653 |30-11 22:23:20
  1   2  96   0   0   1|   0     0 |3807k  134k|   0     0 | 181   639 |30-11 22:23:21
  1   1  98   0   0   1|   0     0 |4279k  150k|   0     0 | 158   694 |30-11 22:23:22
  2   3  95   0   0   1|   0     0 |3811k  136k|   0     0 | 160   685 |30-11 22:23:23
  1   2  97   0   0   1|   0     0 |4093k  144k|   0     0 | 168   683 |30-11 22:23:24
  0   1  98   0   0   1|   0     0 |1610k   55k|   0     0 |  68   246 |30-11 22:23:25
  1   1  99   0   0   0|   0  4096B|7894B 7386B|   0     0 |  56   234 |30-11 22:23:26
  1   0  99   0   0   0|   0     0 |   0     0 |   0     0 |  34    90 |30-11 22:23:27
  0   0 100   0   0   0|   0     0 |   0     0 |   0     0 |  23    42 |30-11 22:23:28
  0   1 100   0   0   0|   0     0 |5422B 2788B|   0     0 |  31    82 |30-11 22:23:29
  0   0 100   0   0   0|   0     0 |   0     0 |   0     0 |  23    41 |30-11 22:23:30
  8   3  89   0   0   1|   0     0 |3687B 3877B|   0     0 | 196   552 |30-11 22:23:31
  2   3  95   0   0   1|   0     0 |3738k  146k|   0     0 | 139   618 |30-11 22:23:32
  1   2  96   0   0   1|   0     0 |4141k  150k|   0     0 | 146   558 |30-11 22:23:33
  1   1  97   0   0   1|   0     0 |4370k  158k|   0     0 | 142   644 |30-11 22:23:34
  1   1  97   0   0   2|   0     0 |4029k  144k|   0     0 | 160   676 |30-11 22:23:35
  2   1  96   0   0   1|   0     0 |4060k  144k|   0     0 | 137   522 |30-11 22:23:36
  1   2  97   0   0   1|   0     0 |4045k  140k|   0     0 | 157   710 |30-11 22:23:37
  2   1  97   0   0   1|   0     0 |4387k  157k|   0     0 | 155   655 |30-11 22:23:38
  1   2  98   0   0   0|   0  8192B|3980k  140k|   0     0 | 151   652 |30-11 22:23:39
  1   2  95   1   0   1|   0    40k|4113k  144k|   0     0 | 159   690 |30-11 22:23:40
  2   2  95   0   0   2|   0     0 |4423k  160k|   0     0 | 169   660 |30-11 22:23:41
  1   2  97   0   0   1|   0     0 |4111k  147k|   0     0 | 172   685 |30-11 22:23:42
  2   1  97   0   0   1|   0     0 |4274k  151k|   0     0 | 156   650 |30-11 22:23:43
  1   1  98   0   0   0|   0     0 |4029k  146k|   0     0 | 149   653 |30-11 22:23:44
  1   2  97   0   0   1|   0     0 |4528k  163k|   0     0 | 152   620 |30-11 22:23:45
  2   1  96   0   0   1|   0     0 |4208k  154k|   0     0 | 164   624 |30-11 22:23:46
  1   3  96   0   0   0|   0     0 |4454k  161k|   0     0 | 175   712 |30-11 22:23:47
  1   1  98   0   0   1|   0     0 |4005k  141k|   0     0 | 158   656 |30-11 22:23:48
  1   3  96   0   0   1|   0  4096B|4011k  140k|   0     0 | 190   708 |30-11 22:23:49
  1   2  96   0   0   1|   0     0 |3825k  136k|   0     0 | 204   751 |30-11 22:23:50
  1   0  99   0   0   1|   0     0 |1418k   45k|   0     0 | 101   369 |30-11 22:23:51
  1   0  99   0   0   0|   0     0 | 249k   15k|   0     0 |  51   233 |30-11 22:23:52
  0   1  99   0   0   0|   0  4096B|2472B 4598B|   0     0 |  47   210 |30-11 22:23:53
  1   0  99   0   0   0|   0     0 |5422B 2788B|   0     0 |  28    81 |30-11 22:23:54
  0   0 100   0   0   0|   0     0 |   0     0 |   0     0 |  22    34 |30-11 22:23:55
  0   0 100   0   0   0|   0     0 |   0     0 |   0     0 |  25    49 |30-11 22:23:56
  1   1  99   0   0   0|   0     0 |2881B 3680B|   0     0 |  53   129 |30-11 22:23:57
  2   1  97   0   0   0|   0     0 |8663B 7207B|   0     0 |  91   262 |30-11 22:23:58
  8   3  88   0   0   1|   0     0 |2475k   90k|   0     0 | 247   867 |30-11 22:23:59
  0   1  98   0   0   1|   0     0 |3071k  127k|   0     0 | 156   648 |30-11 22:24:00
  1   3  96   0   0   1|   0     0 |3566k  139k|   0     0 | 157   702 |30-11 22:24:01
  2   2  96   0   0   1|   0     0 |4113k  150k|   0     0 | 177   660 |30-11 22:24:02
  2   2  96   0   0   1|   0     0 |4113k  151k|   0     0 | 121   621 |30-11 22:24:03
  1   2  97   0   0   0|   0     0 |3367k  132k|   0     0 | 184   716 |30-11 22:24:04
  1   2  96   0   0   1|   0     0 |4094k  149k|   0     0 | 184   714 |30-11 22:24:05
  1   1  97   0   0   1|   0     0 |3724k  139k|   0     0 | 167   707 |30-11 22:24:06
  2   2  96   0   0   1|   0     0 |3745k  136k|   0     0 | 152   678 |30-11 22:24:07
  1   2  97   0   0   1|   0     0 |3708k  138k|   0     0 | 171   718 |30-11 22:24:08
  1   3  96   0   0   1|   0     0 |3850k  143k|   0     0 | 163   655 |30-11 22:24:09
  1   1  97   0   0   1|   0     0 |3995k  147k|   0     0 | 160   669 |30-11 22:24:10
  2   1  94   1   0   1|   0    56k|4089k  150k|   0     0 | 170   689 |30-11 22:24:11
  2   2  95   0   0   2|   0     0 |4237k  156k|   0     0 | 202   771 |30-11 22:24:12
  1   2  97   0   0   1|   0     0 |3578k  137k|   0     0 | 151   669 |30-11 22:24:13
  1   2  97   0   0   1|   0     0 |3720k  136k|   0     0 | 154   659 |30-11 22:24:14
  1   1  97   0   0   1|   0    40k|4006k  151k|   0     0 | 201   749 |30-11 22:24:15
  2   1  96   0   0   2|   0     0 |3927k  147k|   0     0 | 161   692 |30-11 22:24:16
  1   2  96   0   0   1|   0     0 |3850k  140k|   0     0 | 175   680 |30-11 22:24:17
  3   3  93   0   0   1|   0     0 |6050k  222k|   0     0 | 182   765 |30-11 22:24:18
  2   3  94   0   0   1|   0     0 |8739k  310k|   0     0 | 305  1187 |30-11 22:24:19
  1   1  99   0   0   0|   0    12k|3330B 6182B|   0     0 |  50   226 |30-11 22:24:20
  0   0 100   0   0   0|   0     0 |   0     0 |   0     0 |  24    55 |30-11 22:24:21
  1   0  99   0   0   0|   0     0 |5844B 3500B|   0     0 |  40   105 |30-11 22:24:22
  0   0 100   0   0   0|   0     0 |   0     0 |   0     0 |  24    41 |30-11 22:24:23
  0   0 100   0   0   0|   0     0 |   0     0 |   0     0 |  23    42 |30-11 22:24:24
  9   3  88   0   0   0|   0  4096B|9043B 6555B|   0     0 | 199   570 |30-11 22:24:25
  1   2  96   0   0   1|   0     0 |3824k  149k|   0     0 | 141   603 |30-11 22:24:26
  2   2  96   0   0   1|   0     0 |4064k  153k|   0     0 | 185   711 |30-11 22:24:27
  1   2  97   0   0   1|   0     0 |3594k  137k|   0     0 | 153   632 |30-11 22:24:28
  2   2  96   0   0   1|   0     0 |4086k  148k|   0     0 | 182   707 |30-11 22:24:29
  1   2  97   0   0   0|   0  4096B|4231k  155k|   0     0 | 179   686 |30-11 22:24:30
  1   2  96   0   0   1|   0     0 |3646k  139k|   0     0 | 173   725 |30-11 22:24:31
  1   3  96   0   0   1|   0     0 |3337k  131k|   0     0 | 185   712 |30-11 22:24:32
  1   2  97   0   0   1|   0     0 |3854k  141k|   0     0 | 180   682 |30-11 22:24:33
  1   3  95   0   0   1|   0     0 |4267k  158k|   0     0 | 177   687 |30-11 22:24:34
  1   1  97   0   0   1|   0     0 |4256k  154k|   0     0 | 185   661 |30-11 22:24:35
  2   2  96   0   0   1|   0     0 |4101k  146k|   0     0 | 136   633 |30-11 22:24:36
  1   2  96   0   0   2|   0     0 |3527k  132k|   0     0 | 160   636 |30-11 22:24:37
  1   2  96   0   0   1|   0     0 |3975k  140k|   0     0 | 130   602 |30-11 22:24:38
  0   3  96   0   0   1|   0     0 |3964k  146k|   0     0 | 169   690 |30-11 22:24:39
  3   2  95   0   0   1|   0     0 |4272k  158k|   0     0 | 100   657 |30-11 22:24:40
  1   1  98   0   0   1|   0     0 |3707k  141k|   0     0 | 108   633 |30-11 22:24:41
  1   3  94   1   0   1|   0    44k|4164k  152k|   0     0 | 131   701 |30-11 22:24:42
  1   2  96   0   0   1|   0     0 |3623k  136k|   0     0 | 112   717 |30-11 22:24:43
  1   2  96   0   0   1|   0     0 |3888k  149k|   0     0 | 123   719 |30-11 22:24:44
  1   2  96   0   0   1|   0     0 |4064k  151k|   0     0 | 105   691 |30-11 22:24:45
  0   1  99   0   0   0|   0     0 | 542k   18k|   0     0 |  30   125 |30-11 22:24:46
  1   1  98   0   0   0|   0  4096B|8752B 8970B|   0     0 |  66   282 |30-11 22:24:47
  0   0 100   0   0   0|   0     0 |   0     0 |   0     0 |  22    60 |30-11 22:24:48
  0   0 100   0   0   0|   0     0 |   0     0 |   0     0 |  23    35 |30-11 22:24:49
  0   0 100   0   0   0|   0     0 |5422B 2788B|   0     0 |  24    67 |30-11 22:24:50
  0   0 100   0   0   0|   0  8192B|   0     0 |   0     0 |  23    37 |30-11 22:24:51
  8   5  86   0   0   1|   0     0 |1361k   64k|   0     0 | 221   733 |30-11 22:24:52
  1   3  95   0   0   1|   0     0 |4016k  153k|   0     0 |  95   658 |30-11 22:24:53
  1   2  97   0   0   1|   0     0 |3732k  142k|   0     0 | 122   664 |30-11 22:24:54
  2   3  96   0   0   1|   0     0 |4339k  158k|   0     0 | 121   672 |30-11 22:24:55
  1   1  97   0   0   1|   0  4096B|4006k  153k|   0     0 | 142   734 |30-11 22:24:56
  1   3  95   0   0   1|   0     0 |3773k  141k|   0     0 | 140   705 |30-11 22:24:57
  1   2  96   0   0   1|   0     0 |3134k  118k|   0     0 | 104   668 |30-11 22:24:58
  2   3  95   0   0   1|   0     0 |2625k   95k|   0     0 | 138   708 |30-11 22:24:59
  1   2  97   0   0   1|   0     0 |2860k  115k|   0     0 | 118   668 |30-11 22:25:00
  1   2  97   0   0   1|   0     0 |4168k  149k|   0     0 | 103   711 |30-11 22:25:01
  2   2  96   0   0   1|   0     0 |3733k  138k|   0     0 | 125   679 |30-11 22:25:02
  2   2  95   0   0   2|   0     0 |3988k  145k|   0     0 | 132   675 |30-11 22:25:03
  1   2  97   0   0   1|   0     0 |3768k  141k|   0     0 | 146   713 |30-11 22:25:04
  2   2  95   0   0   1|   0     0 |4554k  165k|   0     0 | 111   680 |30-11 22:25:05
  1   2  95   0   0   1|   0     0 |3575k  133k|   0     0 | 109   625 |30-11 22:25:06
  2   1  97   0   0   1|   0     0 |3951k  147k|   0     0 | 120   725 |30-11 22:25:07
  3   1  96   0   0   1|   0     0 |3843k  146k|   0     0 | 134   736 |30-11 22:25:08
  1   1  97   0   0   1|   0     0 |3988k  145k|   0     0 |  99   665 |30-11 22:25:09
  1   2  97   0   0   1|   0     0 |3915k  143k|   0     0 |  97   702 |30-11 22:25:10
  2   2  96   0   0   1|   0     0 |4074k  155k|   0     0 | 131   693 |30-11 22:25:11
  1   2  93   4   0   0|   0    64k|3746k  139k|   0     0 | 130   680 |30-11 22:25:12
  1   1  99   0   0   0|   0  4096B|3264B 6182B|   0     0 |  53   239 |30-11 22:25:13
  0   1 100   0   0   0|   0     0 |5422B 2788B|   0     0 |  25    66 |30-11 22:25:14
  0   0 100   0   0   0|   0     0 |   0     0 |   0     0 |  21    28 |30-11 22:25:15
  0   0 100   0   0   0|   0    36k|   0     0 |   0     0 |  21    39 |30-11 22:25:16
  1   0 100   0   0   0|   0     0 |5422B 2788B|   0     0 |  23    68 |30-11 22:25:17
  1   1  99   0   0   0|   0     0 |1715B 1289B|   0     0 |  40   105 |30-11 22:25:18
  7   6  87   0   0   1|   0     0 |1585k   77k|   0     0 | 213   771 |30-11 22:25:19
  2   3  95   0   0   1|   0     0 |4177k  163k|   0     0 | 114   721 |30-11 22:25:20
  1   3  95   0   0   2|   0     0 |4757k  183k|   0     0 | 130   756 |30-11 22:25:21
  1   3  95   0   0   1|   0  4096B|3948k  155k|   0     0 | 123   731 |30-11 22:25:22
  2   3  95   0   0   1|   0     0 |4675k  178k|   0     0 | 118   718 |30-11 22:25:23
  2   1  98   0   0   0|   0     0 |3766k  146k|   0     0 | 111   724 |30-11 22:25:24
  1   2  96   0   0   1|   0     0 |4251k  161k|   0     0 | 108   702 |30-11 22:25:25
  2   3  96   0   0   0|   0     0 |3838k  151k|   0     0 | 117   730 |30-11 22:25:26
  2   2  96   0   0   1|   0  4096B|4508k  173k|   0     0 | 139   777 |30-11 22:25:27
  1   1  98   0   0   0|   0     0 |3196k  122k|   0     0 | 127   743 |30-11 22:25:28
  2   2  95   0   0   1|   0     0 |3917k  154k|   0     0 | 114   706 |30-11 22:25:29
  1   1  97   0   0   1|   0     0 |4119k  156k|   0     0 | 124   779 |30-11 22:25:30
  1   1  97   0   0   1|   0     0 |4032k  149k|   0     0 | 128   738 |30-11 22:25:31
  1   2  97   0   0   1|   0     0 |4398k  167k|   0     0 | 123   731 |30-11 22:25:32
  1   1  98   0   0   1|   0     0 |3924k  146k|   0     0 | 102   675 |30-11 22:25:33
  1   2  97   0   0   1|   0     0 |3929k  148k|   0     0 | 117   707 |30-11 22:25:34
  2   2  96   0   0   1|   0     0 |4142k  160k|   0     0 | 113   704 |30-11 22:25:35
  1   1  97   0   0   2|   0     0 |3892k  149k|   0     0 | 120   734 |30-11 22:25:36
  1   3  94   0   0   1|   0     0 |4389k  167k|   0     0 | 114   741 |30-11 22:25:37
  1   2  96   0   0   1|   0     0 |4484k  170k|   0     0 | 142   802 |30-11 22:25:38
  1   1  97   0   0   1|   0     0 |2333k   90k|   0     0 |  98   566 |30-11 22:25:39
  1   1  99   0   0   0|   0  4096B|5528B 7832B|   0     0 |  43   212 |30-11 22:25:40
  1   0  99   0   0   0|   0     0 |5422B 2788B|   0     0 |  23    64 |30-11 22:25:41
  0   0 100   0   0   0|   0     0 | 102B  192B|   0     0 |  23    52 |30-11 22:25:42
  0   1  97   2   0   0|   0    40k|   0     0 |   0     0 |  33    92 |30-11 22:25:43
  0   0 100   0   0   0|   0     0 |5422B 2788B|   0     0 |  26    67 |30-11 22:25:44
  1   0  98   0   0   0|   0     0 |2725B 2601B|   0     0 |  48   135 |30-11 22:25:45
  9   4  87   0   0   1|   0     0 |2331k  102k|   0     0 | 211   778 |30-11 22:25:46
  1   2  97   0   0   1|   0    24k|3829k  147k|   0     0 | 106   682 |30-11 22:25:47
  2   2  95   0   0   1|   0     0 |3764k  142k|   0     0 | 134   756 |30-11 22:25:48
  1   2  96   0   0   1|   0     0 |4234k  157k|   0     0 | 117   714 |30-11 22:25:49
  1   3  95   0   0   1|   0     0 |4104k  166k|   0     0 | 131   723 |30-11 22:25:50
  2   3  95   0   0   0|   0     0 |3988k  154k|   0     0 | 125   731 |30-11 22:25:51
  2   2  95   0   0   2|   0     0 |3894k  151k|   0     0 | 124   829 |30-11 22:25:52
  2   2  96   0   0   1|   0     0 |3977k  154k|   0     0 | 134   730 |30-11 22:25:53
  2   1  96   0   0   1|   0     0 |4103k  156k|   0     0 | 124   739 |30-11 22:25:54
  1   4  94   0   0   1|   0     0 |4556k  166k|   0     0 | 119   711 |30-11 22:25:55
  1   2  97   0   0   1|   0     0 |4049k  154k|   0     0 | 114   690 |30-11 22:25:56
  2   2  95   0   0   1|   0     0 |4155k  162k|   0     0 | 201   746 |30-11 22:25:57
  2   1  96   0   0   2|   0     0 |3801k  146k|   0     0 | 172   703 |30-11 22:25:58
  2   2  95   0   0   2|   0     0 |4180k  165k|   0     0 | 176   763 |30-11 22:25:59
  1   3  95   0   0   1|   0     0 |4498k  169k|   0     0 | 185   771 |30-11 22:26:00
  1   2  96   0   0   2|   0     0 |4040k  155k|   0     0 | 178   713 |30-11 22:26:01
  1   1  97   0   0   2|   0     0 |3921k  151k|   0     0 | 169   695 |30-11 22:26:02
  2   2  95   0   0   1|   0     0 |4576k  172k|   0     0 | 158   681 |30-11 22:26:03
  1   1  98   0   0   1|   0     0 |3632k  139k|   0     0 | 158   674 |30-11 22:26:04
  2   2  96   0   0   1|   0     0 |4057k  162k|   0     0 | 200   753 |30-11 22:26:05
  1   1  98   0   0   1|   0     0 |1662k   65k|   0     0 |  96   409 |30-11 22:26:06
  0   1  99   0   0   0|   0     0 |4122B 7766B|   0     0 |  53   236 |30-11 22:26:07
  0   1 100   0   0   0|   0     0 |   0     0 |   0     0 |  36    87 |30-11 22:26:08
  1   0 100   0   0   0|   0     0 |5422B 2788B|   0     0 |  30    70 |30-11 22:26:09
  0   0 100   0   0   0|   0     0 |   0     0 |   0     0 |  22    33 |30-11 22:26:10
  0   0 100   0   0   0|   0     0 |   0     0 |   0     0 |  18    23 |30-11 22:26:11
  8   2  90   0   0   0|   0     0 |9043B 5549B|   0     0 | 152   412 |30-11 22:26:12
  1   2  96   0   0   1|   0     0 |4181k  167k|   0     0 | 194   823 |30-11 22:26:13
  1   2  94   3   0   1|   0    68k|3940k  151k|   0     0 | 140   684 |30-11 22:26:14
  1   3  95   0   0   1|   0     0 |4012k  164k|   0     0 | 180   740 |30-11 22:26:15
  2   1  96   0   0   1|   0     0 |4014k  157k|   0     0 | 175   724 |30-11 22:26:16
  0   2  97   0   0   2|   0     0 |3771k  147k|   0     0 | 160   659 |30-11 22:26:17
  2   1  97   0   0   1|   0    12k|3599k  141k|   0     0 | 175   710 |30-11 22:26:18
  0   3  97   0   0   1|   0     0 |3801k  143k|   0     0 | 147   624 |30-11 22:26:19
  1   2  96   0   0   1|   0     0 |3705k  145k|   0     0 | 162   695 |30-11 22:26:20
  1   1  97   0   0   2|   0     0 |4269k  168k|   0     0 | 176   711 |30-11 22:26:21
  1   2  96   0   0   2|   0     0 |4411k  162k|   0     0 | 158   682 |30-11 22:26:22
  1   3  95   0   0   1|   0     0 |3918k  146k|   0     0 | 161   722 |30-11 22:26:23
  2   3  95   0   0   1|   0     0 |4343k  169k|   0     0 | 186   740 |30-11 22:26:24
  1   1  97   0   0   1|   0     0 |3957k  149k|   0     0 | 114   685 |30-11 22:26:25
  2   2  95   0   0   2|   0     0 |4171k  164k|   0     0 | 102   744 |30-11 22:26:26
  0   2  98   0   0   1|   0     0 |3760k  145k|   0     0 | 118   709 |30-11 22:26:27
  2   2  96   0   0   1|   0     0 |4093k  151k|   0     0 | 104   659 |30-11 22:26:28
  1   2  96   0   0   1|   0     0 |3887k  152k|   0     0 | 109   745 |30-11 22:26:29
  2   3  95   0   0   1|   0     0 |3992k  153k|   0     0 | 144   775 |30-11 22:26:30
  1   2  96   0   0   1|   0     0 |3568k  139k|   0     0 | 152   711 |30-11 22:26:31
  1   3  95   0   0   0|   0     0 |3655k  144k|   0     0 |  85   716 |30-11 22:26:32
  2   0  98   0   0   0|   0     0 | 727k   29k|   0     0 |  58   284 |30-11 22:26:33
  0   1  99   0   0   0|   0  4096B|4056B 7766B|   0     0 |  46   195 |30-11 22:26:34
  0   0 100   0   0   0|   0     0 |   0     0 |   0     0 |  20    43 |30-11 22:26:35
  0   0 100   0   0   1|   0     0 |5422B 2788B|   0     0 |  20    66 |30-11 22:26:36
  0   0 100   0   0   0|   0     0 |   0     0 |   0     0 |  19    37 |30-11 22:26:37
  0   1 100   0   0   0|   0     0 |   0     0 |   0     0 |  33    73 |30-11 22:26:38
  9   4  87   0   0   0|   0  4096B|  19k   21k|   0     0 | 209   588 |30-11 22:26:39
  1   1  98   0   0   1|   0     0 |2781k  109k|   0     0 |  70   514 |30-11 22:26:40
  1   3  95   0   0   1|   0     0 |4190k  166k|   0     0 | 125   753 |30-11 22:26:41
  2   2  95   0   0   2|   0     0 |3922k  164k|   0     0 | 114   761 |30-11 22:26:42
  1   4  95   0   0   1|   0     0 |4017k  164k|   0     0 | 134   770 |30-11 22:26:43
  2   2  85  10   0   2|   0    76k|4006k  168k|   0     0 | 121   761 |30-11 22:26:44
  1   2  96   0   0   1|   0     0 |3701k  161k|   0     0 | 126   789 |30-11 22:26:45
  1   2  96   0   0   1|   0     0 |3705k  151k|   0     0 |  99   734 |30-11 22:26:46
  1   2  95   0   0   2|   0     0 |4472k  176k|   0     0 | 121   715 |30-11 22:26:47
  2   2  94   0   0   2|   0     0 |3815k  150k|   0     0 | 111   769 |30-11 22:26:48
  2   2  96   0   0   1|   0  4096B|3798k  156k|   0     0 | 124   736 |30-11 22:26:49
  1   1  97   0   0   1|   0     0 |3638k  149k|   0     0 | 117   726 |30-11 22:26:50
  2   1  96   0   0   2|   0     0 |3494k  146k|   0     0 | 131   778 |30-11 22:26:51
  1   1  97   0   0   1|   0     0 |3669k  145k|   0     0 | 118   725 |30-11 22:26:52
  1   1  97   0   0   1|   0     0 |3928k  153k|   0     0 | 133   721 |30-11 22:26:53
  1   2  96   0   0   1|   0     0 |4598k  179k|   0     0 | 158   742 |30-11 22:26:54
  1   2  96   0   0   1|   0     0 |4072k  161k|   0     0 | 158   755 |30-11 22:26:55
  2   3  95   0   0   0|   0     0 |3585k  144k|   0     0 | 179   741 |30-11 22:26:56
  1   3  96   0   0   1|   0     0 |3999k  155k|   0     0 | 176   731 |30-11 22:26:57
  1   2  97   0   0   0|   0     0 |3711k  145k|   0     0 | 167   739 |30-11 22:26:58
  1   2  96   0   0   1|   0     0 |4195k  171k|   0     0 | 209   791 |30-11 22:26:59
  1   1  99   0   0   0|   0  4096B| 174k   14k|   0     0 |  57   224 |30-11 22:27:00
  0   0 100   0   0   0|   0     0 | 254B   66B|   0     0 |  24    67 |30-11 22:27:01
  0   0 100   0   0   0|   0     0 |   0     0 |   0     0 |  24    44 |30-11 22:27:02
  0   1 100   0   0   0|   0     0 |   0     0 |   0     0 |  36    71 |30-11 22:27:03
  1   0  99   0   0   0|   0     0 |5422B 2788B|   0     0 |  23    70 |30-11 22:27:04
  0   0 100   0   0   0|   0     0 |   0     0 |   0     0 |  25    36 |30-11 22:27:05
  8   4  88   0   0   1|   0     0 |1049k   57k|   0     0 | 230   728 |30-11 22:27:06
  2   3  94   0   0   1|   0     0 |5714k  216k|   0     0 | 174   684 |30-11 22:27:07
  1   3  96   0   0   0|   0     0 |4907k  186k|   0     0 | 184   716 |30-11 22:27:08
  1   2  96   0   0   2|   0     0 |4181k  156k|   0     0 | 177   684 |30-11 22:27:09
  2   1  97   0   0   1|   0  4096B|3980k  155k|   0     0 | 182   713 |30-11 22:27:10
  2   2  95   0   0   2|   0     0 |4020k  159k|   0     0 | 168   758 |30-11 22:27:11
  1   2  96   0   0   1|   0     0 |3646k  148k|   0     0 | 180   727 |30-11 22:27:12
  2   1  97   0   0   1|   0     0 |3774k  152k|   0     0 | 182   807 |30-11 22:27:13
  0   2  97   0   0   1|   0     0 |3499k  145k|   0     0 | 190   758 |30-11 22:27:14
  1   2  95   2   0   1|   0   112k|4054k  159k|   0     0 | 183   762 |30-11 22:27:15
  2   1  96   0   0   1|   0     0 |4215k  172k|   0     0 | 159   748 |30-11 22:27:16
  1   2  97   0   0   0|   0     0 |3571k  149k|   0     0 | 178   735 |30-11 22:27:17
  1   2  96   0   0   1|   0     0 |3366k  128k|   0     0 | 173   732 |30-11 22:27:18
  2   2  96   0   0   1|   0     0 |3314k  142k|   0     0 | 195   773 |30-11 22:27:19
  1   2  96   0   0   2|   0  8192B|3971k  150k|   0     0 | 165   704 |30-11 22:27:20
  1   2  97   0   0   1|   0     0 |3521k  138k|   0     0 | 157   684 |30-11 22:27:21
  1   2  97   0   0   0|   0     0 |3822k  149k|   0     0 | 164   743 |30-11 22:27:22
  2   2  96   0   0   1|   0     0 |3734k  148k|   0     0 | 184   737 |30-11 22:27:23
  1   2  96   0   0   1|   0     0 |4321k  167k|   0     0 | 186   718 |30-11 22:27:24
  1   3  95   0   0   1|   0     0 |4182k  166k|   0     0 | 177   726 |30-11 22:27:25
  1   1  98   0   0   1|   0     0 |3341k  123k|   0     0 | 139   577 |30-11 22:27:26
  1   1  99   0   0   0|   0  4096B|4650B 8822B|   0     0 |  54   205 |30-11 22:27:27
  1   1  99   0   0   0|   0     0 |5422B 2788B|   0     0 |  41   126 |30-11 22:27:28
  0   0 100   0   0   0|   0     0 |   0     0 |   0     0 |  26    48 |30-11 22:27:29
  0   0 100   0   0   0|   0     0 |   0     0 |   0     0 |  23    37 |30-11 22:27:30
  1   0 100   0   0   0|   0     0 |5422B 2788B|   0     0 |  22    60 |30-11 22:27:31
  1   0  99   0   0   0|   0     0 |2043B 1851B|   0     0 |  35    88 |30-11 22:27:32
  8   3  88   0   0   1|   0     0 |3288k  140k|   0     0 | 257   927 |30-11 22:27:33
  2   2  95   0   0   1|   0     0 |4092k  161k|   0     0 | 188   733 |30-11 22:27:34
  2   2  95   0   0   2|   0     0 |3953k  156k|   0     0 | 187   691 |30-11 22:27:35
  1   3  95   0   0   1|   0     0 |3898k  152k|   0     0 | 170   720 |30-11 22:27:36
  1   3  95   0   0   1|   0     0 |4129k  163k|   0     0 | 172   702 |30-11 22:27:37
  2   2  96   0   0   0|   0     0 |4281k  168k|   0     0 | 178   718 |30-11 22:27:38
  1   2  96   0   0   1|   0     0 |3875k  156k|   0     0 | 170   728 |30-11 22:27:39
  2   2  95   0   0   1|   0  4096B|4434k  174k|   0     0 | 148   712 |30-11 22:27:40
  2   2  96   0   0   1|   0     0 |4319k  169k|   0     0 | 167   726 |30-11 22:27:41
  1   2  95   0   0   2|   0     0 |4052k  163k|   0     0 | 183   735 |30-11 22:27:42
  2   2  95   0   0   1|   0     0 |3353k  135k|   0     0 | 161   716 |30-11 22:27:43
  2   2  96   0   0   1|   0     0 |3717k  143k|   0     0 | 180   673 |30-11 22:27:44
  1   2  96   0   0   1|   0     0 |4158k  167k|   0     0 | 180   743 |30-11 22:27:45
  2   3  94   1   0   1|   0    48k|3900k  157k|   0     0 | 184   758 |30-11 22:27:46
  0   1  97   0   0   2|   0     0 |2514k   96k|   0     0 | 135   599 |30-11 22:27:47
  1   1  97   0   0   1|   0     0 |1483k   70k|   0     0 | 124   480 |30-11 22:27:48
  1   2  95   0   0   1|   0     0 |3251k  120k|   0     0 | 173   750 |30-11 22:27:49
  1   1  97   0   0   1|   0     0 |2052k   99k|   0     0 | 117   577 |30-11 22:27:50
  1   2  96   0   0   1|   0  8192B|3762k  149k|   0     0 | 166   699 |30-11 22:27:51
  2   2  95   0   0   2|   0     0 |3870k  163k|   0     0 | 184   785 |30-11 22:27:52
  1   1  98   0   0   1|   0     0 |2148k   78k|   0     0 | 132   487 |30-11 22:27:53
  1   1  98   0   0   0|   0  4096B|4650B 8978B|   0     0 |  58   225 |30-11 22:27:54
  0   1 100   0   0   0|   0     0 |5422B 2788B|   0     0 |  25    74 |30-11 22:27:55
  0   0 100   0   0   0|   0     0 |   0     0 |   0     0 |  21    43 |30-11 22:27:56
  0   0 100   0   0   0|   0     0 |   0     0 |   0     0 |  23    41 |30-11 22:27:57
  1   1  99   0   0   0|   0     0 |5422B 2788B|   0     0 |  39   112 |30-11 22:27:58
  5   3  91   0   0   1|   0     0 |6366B 8844B|   0     0 | 184   484 |30-11 22:27:59
  5   4  91   0   0   0|   0     0 |2666k  126k|   0     0 | 168   677 |30-11 22:28:00
  1   2  95   0   0   2|   0  8192B|3505k  143k|   0     0 | 195   751 |30-11 22:28:01
  1   2  96   0   0   1|   0     0 |3536k  151k|   0     0 | 191   766 |30-11 22:28:02
  1   3  96   0   0   1|   0     0 |3423k  146k|   0     0 | 195   792 |30-11 22:28:03
  1   2  97   0   0   1|   0     0 |4201k  178k|   0     0 | 216   870 |30-11 22:28:04
  2   3  94   0   0   2|   0     0 |4370k  183k|   0     0 | 210   816 |30-11 22:28:05
  1   2  96   0   0   2|   0     0 |4105k  164k|   0     0 | 192   799 |30-11 22:28:06
  1   2  96   0   0   1|   0     0 |3754k  155k|   0     0 | 197   785 |30-11 22:28:07
  1   3  95   0   0   1|   0     0 |4136k  169k|   0     0 | 196   824 |30-11 22:28:08
  1   2  95   0   0   3|   0     0 |4241k  167k|   0     0 | 215   819 |30-11 22:28:09
  1   2  97   0   0   1|   0     0 |4000k  163k|   0     0 | 202   776 |30-11 22:28:10
  2   3  95   0   0   1|   0     0 |3418k  140k|   0     0 | 206   788 |30-11 22:28:11
  2   2  95   0   0   2|   0     0 |3494k  143k|   0     0 | 184   739 |30-11 22:28:12
  2   2  96   0   0   1|   0     0 |3721k  144k|   0     0 | 201   781 |30-11 22:28:13
  2   2  96   0   0   1|   0     0 |4213k  169k|   0     0 | 214   808 |30-11 22:28:14
  1   3  95   0   0   2|   0     0 |4175k  169k|   0     0 | 225   812 |30-11 22:28:15
  0   2  96   0   0   2|   0  8192B|4013k  158k|   0     0 | 201   805 |30-11 22:28:16
  3   1  93   2   0   1|   0    64k|3982k  168k|   0     0 | 205   791 |30-11 22:28:17
  2   2  96   0   0   1|   0     0 |4228k  173k|   0     0 | 210   818 |30-11 22:28:18
  2   2  95   0   0   1|   0     0 |4010k  165k|   0     0 | 217   783 |30-11 22:28:19
  2   1  97   0   0   0|   0     0 |2293k   85k|   0     0 |  83   356 |30-11 22:28:20
  0   1  99   0   0   0|   0  4096B|5706B   11k|   0     0 |  56   213 |30-11 22:28:21
  0   0 100   0   0   0|   0     0 |   0     0 |   0     0 |  24    43 |30-11 22:28:22
  1   1  99   0   0   0|   0     0 |5422B 2788B|   0     0 |  42   118 |30-11 22:28:23
  0   0 100   0   0   0|   0     0 |   0     0 |   0     0 |  23    48 |30-11 22:28:24
  0   0 100   0   0   0|   0     0 |   0     0 |   0     0 |  22    48 |30-11 22:28:25
  9   5  86   0   0   1|   0  4096B|  21k   25k|   0     0 | 212   635 |30-11 22:28:26
  1   1  97   0   0   1|   0     0 |2637k  113k|   0     0 | 141   587 |30-11 22:28:27
  1   2  96   0   0   1|   0     0 |4134k  164k|   0     0 | 204   755 |30-11 22:28:28
  2   2  96   0   0   1|   0     0 |3625k  149k|   0     0 | 192   748 |30-11 22:28:29
  2   2  95   0   0   1|   0     0 |3645k  152k|   0     0 | 222   823 |30-11 22:28:30
  1   3  95   0   0   2|   0  4096B|4092k  169k|   0     0 | 218   811 |30-11 22:28:31
  1   2  95   0   0   2|   0     0 |3787k  160k|   0     0 | 197   800 |30-11 22:28:32
  2   2  96   0   0   1|   0     0 |3788k  156k|   0     0 | 201   802 |30-11 22:28:33
  1   3  95   0   0   2|   0     0 |4420k  168k|   0     0 | 184   721 |30-11 22:28:34
  2   2  95   0   0   2|   0     0 |3862k  163k|   0     0 | 179   786 |30-11 22:28:35
  2   1  96   0   0   1|   0     0 |4148k  168k|   0     0 | 190   780 |30-11 22:28:36
  1   2  96   0   0   2|   0     0 |3665k  149k|   0     0 | 182   822 |30-11 22:28:37
  2   3  93   0   0   2|   0     0 |4276k  174k|   0     0 | 194   831 |30-11 22:28:38
  2   2  96   0   0   1|   0     0 |3828k  159k|   0     0 | 203   786 |30-11 22:28:39
  2   2  95   0   0   2|   0     0 |3639k  149k|   0     0 | 198   782 |30-11 22:28:40
  2   3  94   0   0   2|   0     0 |4321k  176k|   0     0 | 176   782 |30-11 22:28:41
  1   1  97   0   0   2|   0     0 |4355k  177k|   0     0 | 209   777 |30-11 22:28:42
  2   2  96   0   0   1|   0     0 |4235k  169k|   0     0 | 189   784 |30-11 22:28:43
  3   2  95   0   0   1|   0     0 |4033k  164k|   0     0 | 202   780 |30-11 22:28:44
  1   2  97   0   0   1|   0     0 |3814k  158k|   0     0 | 190   761 |30-11 22:28:45
  0   2  97   0   0   1|   0     0 |4073k  161k|   0     0 | 212   762 |30-11 22:28:46
  1   0  97   2   0   0|   0    68k| 298k   20k|   0     0 |  47   182 |30-11 22:28:47
  0   1  99   0   0   0|   0     0 | 360B  132B|   0     0 |  60   238 |30-11 22:28:48
  0   0 100   0   0   0|   0     0 |   0     0 |   0     0 |  24    39 |30-11 22:28:49
  1   0 100   0   0   0|   0     0 |5422B 2788B|   0     0 |  27    67 |30-11 22:28:50
  0   0 100   0   0   0|   0     0 |   0     0 |   0     0 |  22    34 |30-11 22:28:51
  0   0 100   0   0   0|   0  4096B|   0     0 |   0     0 |  29   120 |30-11 22:28:52
 10   4  85   0   0   1|   0     0 |2247k  112k|   0     0 | 249   819 |30-11 22:28:53
  1   3  95   0   0   2|   0     0 |4377k  172k|   0     0 | 178   729 |30-11 22:28:54
  1   2  96   0   0   1|   0     0 |4189k  176k|   0     0 | 203   800 |30-11 22:28:55
  2   2  95   0   0   1|   0     0 |3866k  167k|   0     0 | 211   813 |30-11 22:28:56
  1   2  95   0   0   2|   0    24k|3882k  164k|   0     0 | 194   784 |30-11 22:28:57
  1   3  94   0   0   2|   0     0 |3875k  165k|   0     0 | 214   821 |30-11 22:28:58
  3   1  95   0   0   1|   0     0 |4155k  182k|   0     0 | 226   905 |30-11 22:28:59
  1   2  96   0   0   1|   0     0 |4154k  172k|   0     0 | 202   823 |30-11 22:29:00
  1   2  96   0   0   2|   0     0 |3560k  147k|   0     0 | 146   781 |30-11 22:29:01
  2   1  96   0   0   1|   0     0 |4414k  175k|   0     0 | 123   781 |30-11 22:29:02
  2   1  96   0   0   2|   0     0 |3945k  162k|   0     0 | 145   789 |30-11 22:29:03
  1   2  96   0   0   1|   0     0 |4179k  174k|   0     0 | 158   855 |30-11 22:29:04
  1   2  97   0   0   0|   0     0 |4139k  171k|   0     0 | 142   781 |30-11 22:29:05
  2   3  95   0   0   1|   0     0 |4046k  165k|   0     0 | 145   775 |30-11 22:29:06
  0   3  95   0   0   1|   0     0 |3701k  146k|   0     0 | 145   758 |30-11 22:29:07
  2   2  94   0   0   2|   0     0 |4212k  171k|   0     0 | 144   864 |30-11 22:29:08
  1   2  97   0   0   1|   0     0 |3548k  141k|   0     0 | 113   770 |30-11 22:29:09
  1   2  96   0   0   2|   0     0 |3938k  158k|   0     0 | 152   764 |30-11 22:29:10
  1   2  97   0   0   1|   0     0 |3578k  149k|   0     0 | 132   752 |30-11 22:29:11
  2   2  95   0   0   1|   0     0 |4001k  163k|   0     0 | 148   830 |30-11 22:29:12
  1   3  95   0   0   1|   0     0 |3615k  134k|   0     0 | 129   761 |30-11 22:29:13
  1   1  98   0   0   0|   0     0 |  11k   13k|   0     0 |  38   214 |30-11 22:29:14
  0   0 100   0   0   0|   0     0 |   0     0 |   0     0 |  18    27 |30-11 22:29:15
  0   0 100   0   0   0|   0     0 |   0     0 |   0     0 |  19    31 |30-11 22:29:16
  1   0 100   0   0   0|   0     0 |5168B 2722B|   0     0 |  20    57 |30-11 22:29:17
  1   1  97   2   0   0|   0    92k| 254B   66B|   0     0 |  31    93 |30-11 22:29:18
  1   0 100   0   0   0|   0     0 |1895B 1421B|   0     0 |  31    64 |30-11 22:29:19
  9   4  88   0   0   0|   0     0 |1743k   93k|   0     0 | 212   817 |30-11 22:29:20
  1   2  95   0   0   2|   0     0 |4096k  163k|   0     0 | 124   733 |30-11 22:29:21
  1   1  96   0   0   3|   0     0 |4165k  171k|   0     0 | 139   793 |30-11 22:29:22
  1   3  95   0   0   2|   0     0 |3454k  155k|   0     0 | 148   783 |30-11 22:29:23
  2   1  96   0   0   1|   0    20k|4197k  174k|   0     0 | 142   779 |30-11 22:29:24
  1   3  94   0   0   2|   0     0 |3894k  171k|   0     0 | 139   797 |30-11 22:29:25
  1   2  97   0   0   1|   0     0 |3954k  168k|   0     0 | 124   785 |30-11 22:29:26
  2   2  95   0   0   1|   0     0 |4232k  183k|   0     0 | 188   755 |30-11 22:29:27
  1   2  96   0   0   1|   0     0 |3595k  158k|   0     0 | 205   771 |30-11 22:29:28
  1   1  97   0   0   1|   0  8192B|3492k  148k|   0     0 | 178   743 |30-11 22:29:29
  1   2  95   0   0   2|   0     0 |3678k  164k|   0     0 | 193   803 |30-11 22:29:30
  1   2  97   0   0   1|   0     0 |3565k  151k|   0     0 | 158   781 |30-11 22:29:31
  1   2  96   0   0   1|   0     0 |4299k  180k|   0     0 | 134   769 |30-11 22:29:32
  2   2  94   0   0   2|   0     0 |4063k  169k|   0     0 | 131   816 |30-11 22:29:33
  2   3  95   0   0   1|   0     0 |3799k  162k|   0     0 | 129   807 |30-11 22:29:34
  1   2  95   0   0   2|   0  8192B|3574k  159k|   0     0 | 138   808 |30-11 22:29:35
  2   2  95   0   0   2|   0     0 |3834k  167k|   0     0 | 140   825 |30-11 22:29:36
  1   2  97   0   0   1|   0     0 |3785k  168k|   0     0 | 135   806 |30-11 22:29:37
  1   2  95   0   0   2|   0     0 |3749k  158k|   0     0 | 144   803 |30-11 22:29:38
  1   1  95   0   0   3|   0     0 |3975k  158k|   0     0 | 130   762 |30-11 22:29:39
  1   2  97   0   0   0|   0  8192B|2420k  108k|   0     0 | 108   613 |30-11 22:29:40
  0   0 100   0   0   0|   0     0 |  13k  672B|   0     0 |  24    85 |30-11 22:29:41
  1   1  99   0   0   1|   0  8192B|  14k 9120B|   0     0 |  48   251 |30-11 22:29:42
  0   1  99   0   0   0|   0     0 |3810B 9372B|   0     0 |  32    99 |30-11 22:29:43
  0   0 100   0   0   0|   0     0 |   0     0 |   0     0 |  18    33 |30-11 22:29:44
  1   0  99   0   0   0|   0     0 |5422B 2788B|   0     0 |  28    64 |30-11 22:29:45
  0   0 100   0   0   0|   0  8192B|   0     0 |   0     0 |  22    43 |30-11 22:29:46
  3   1  96   0   0   0|   0     0 |3621B 2695B|   0     0 | 126   327 |30-11 22:29:47
  8   4  87   0   0   1|   0     0 |3162k  161k|   0     0 | 183   745 |30-11 22:29:48
  1   2  95   1   0   2|   0    44k|3678k  161k|   0     0 | 149   780 |30-11 22:29:49
  1   3  95   0   0   2|   0     0 |4063k  182k|   0     0 | 154   825 |30-11 22:29:50
  2   1  96   0   0   1|   0     0 |3953k  178k|   0     0 | 144   810 |30-11 22:29:51
  1   2  96   0   0   1|   0    40k|3875k  171k|   0     0 | 132   798 |30-11 22:29:52
  2   2  96   0   0   1|   0     0 |4206k  185k|   0     0 | 165   824 |30-11 22:29:53
  1   3  95   0   0   1|   0     0 |3719k  162k|   0     0 | 150   812 |30-11 22:29:54
  1   2  96   0   0   1|   0     0 |3834k  165k|   0     0 | 134   779 |30-11 22:29:55
  0   3  94   0   0   2|   0     0 |3942k  167k|   0     0 | 133   790 |30-11 22:29:56
  2   2  96   0   0   1|   0     0 |3806k  170k|   0     0 | 119   781 |30-11 22:29:57
  2   1  97   0   0   1|   0     0 |3863k  175k|   0     0 | 153   817 |30-11 22:29:58
  2   3  94   0   0   1|   0     0 |3836k  166k|   0     0 | 146   813 |30-11 22:29:59
  2   2  95   0   0   1|   0     0 |3514k  156k|   0     0 | 119   792 |30-11 22:30:00
  2   1  96   0   0   1|   0     0 |3861k  163k|   0     0 | 138   770 |30-11 22:30:01
  2   1  96   0   0   1|   0  8192B|3830k  162k|   0     0 | 154   775 |30-11 22:30:02
  3   1  94   0   0   2|   0     0 |4050k  175k|   0     0 | 141   826 |30-11 22:30:03
  1   2  96   0   0   1|   0     0 |3765k  171k|   0     0 | 134   807 |30-11 22:30:04
  1   2  96   0   0   2|   0     0 |3773k  158k|   0     0 | 156   780 |30-11 22:30:05
  1   2  95   0   0   2|   0     0 |3445k  158k|   0     0 | 127   765 |30-11 22:30:06
  1   2  96   0   0   1|   0     0 |3528k  153k|   0     0 | 136   771 |30-11 22:30:07
  1   1  98   0   0   0|   0  8192B|1523k   61k|   0     0 |  93   519 |30-11 22:30:08
  0   1  99   0   0   0|   0     0 |5422B 2788B|   0     0 |  29    73 |30-11 22:30:09
  0   0 100   0   0   0|   0     0 |   0     0 |   0     0 |  18    25 |30-11 22:30:10
  0   1  99   0   0   1|   0  8192B|  11k   13k|   0     0 |  45   213 |30-11 22:30:11
  1   0 100   0   0   0|   0     0 |5422B 2788B|   0     0 |  23    63 |30-11 22:30:12
  0   0  99   0   0   0|   0    12k|   0     0 |   0     0 |  33    80 |30-11 22:30:13
  0   0 100   0   0   0|   0     0 |   0     0 |   0     0 |  21    38 |30-11 22:30:14
  1   0 100   0   0   0|   0     0 |5422B 2788B|   0     0 |  25    61 |30-11 22:30:15
  7   3  90   0   0   0|   0     0 |3621B 3767B|   0     0 | 200   546 |30-11 22:30:16
  3   2  95   0   0   2|   0     0 |2864k  171k|   0     0 |  99   688 |30-11 22:30:17
  2   2  94   0   0   3|   0     0 |3753k  196k|   0     0 | 166   879 |30-11 22:30:18
  1   2  96   0   0   2|   0    72k|2983k  174k|   0     0 | 192   960 |30-11 22:30:19
  2   3  91   4   0   1|   0  4096B|3472k  179k|   0     0 | 181   901 |30-11 22:30:20
  1   3  94   0   0   2|   0     0 |3316k  171k|   0     0 | 142   831 |30-11 22:30:21
  1   2  96   0   0   1|   0     0 |3101k  161k|   0     0 | 129   787 |30-11 22:30:22
  1   3  95   0   0   1|   0     0 |3756k  188k|   0     0 | 166   856 |30-11 22:30:23
  2   2  95   0   0   1|   0     0 |3416k  184k|   0     0 | 143   892 |30-11 22:30:24
  1   2  96   0   0   2|   0    52k|3268k  173k|   0     0 | 162   865 |30-11 22:30:25
  1   1  98   0   0   1|   0     0 |3238k  169k|   0     0 | 163   830 |30-11 22:30:26
  2   2  95   0   0   2|   0     0 |3195k  163k|   0     0 | 158   847 |30-11 22:30:27
  2   2  95   0   0   2|   0     0 |3169k  172k|   0     0 | 156   859 |30-11 22:30:28
  1   3  95   0   0   1|   0     0 |3614k  172k|   0     0 | 144   799 |30-11 22:30:29
  2   2  96   0   0   1|   0     0 |2327k  120k|   0     0 | 140   728 |30-11 22:30:30
  1   2  97   0   0   1|   0     0 |3550k  167k|   0     0 | 207   830 |30-11 22:30:31
  0   2  97   0   0   1|   0     0 |3344k  168k|   0     0 | 205   825 |30-11 22:30:32
  1   1  96   0   0   2|   0     0 |3382k  172k|   0     0 | 198   858 |30-11 22:30:33
  1   2  96   0   0   1|   0     0 |3517k  187k|   0     0 | 202   830 |30-11 22:30:34
  2   1  95   0   0   2|   0     0 |3760k  202k|   0     0 | 209   821 |30-11 22:30:35
  1   1  95   0   0   3|   0     0 |3465k  182k|   0     0 | 228   859 |30-11 22:30:36
  1   1  98   0   0   0|   0     0 | 547k   34k|   0     0 |  79   344 |30-11 22:30:37
  0   1  99   0   0   0|   0     0 |6960B   13k|   0     0 |  47   194 |30-11 22:30:38
  0   0 100   0   0   0|   0     0 |   0     0 |   0     0 |  37    71 |30-11 22:30:39
  1   0 100   0   0   0|   0     0 |5422B 2788B|   0     0 |  26    74 |30-11 22:30:40
  0   0 100   0   0   0|   0     0 |   0     0 |   0     0 |  25    49 |30-11 22:30:41
  0   0 100   0   0   0|   0     0 |   0     0 |   0     0 |  25    54 |30-11 22:30:42
  9   5  86   0   0   1|   0     0 |1470k   91k|   0     0 | 216   714 |30-11 22:30:43
  1   3  96   0   0   1|   0     0 |3868k  169k|   0     0 | 176   725 |30-11 22:30:44
  2   2  95   0   0   2|   0     0 |4383k  209k|   0     0 | 168   741 |30-11 22:30:45
  2   3  94   0   0   1|   0     0 |3896k  188k|   0     0 | 187   842 |30-11 22:30:46
  2   2  95   0   0   2|   0     0 |4110k  205k|   0     0 | 193   802 |30-11 22:30:47
  2   2  95   0   0   2|   0     0 |3969k  201k|   0     0 | 180   780 |30-11 22:30:48
  1   2  95   0   0   2|   0     0 |3586k  183k|   0     0 | 243   840 |30-11 22:30:49
  2   1  95   1   0   2|   0    32k|3399k  175k|   0     0 | 203   837 |30-11 22:30:50
  2   3  94   0   0   1|   0     0 |4029k  205k|   0     0 | 178   782 |30-11 22:30:51
  2   2  94   0   0   2|   0     0 |4500k  213k|   0     0 | 207   909 |30-11 22:30:52
  1   3  94   0   0   2|   0     0 |4205k  205k|   0     0 | 165   839 |30-11 22:30:53
  3   2  93   0   0   3|   0     0 |3782k  197k|   0     0 | 169   872 |30-11 22:30:54
  2   3  94   0   0   2|   0     0 |3324k  172k|   0     0 | 157   841 |30-11 22:30:55
  2   3  94   0   0   2|   0  8192B|3669k  184k|   0     0 | 178   934 |30-11 22:30:56
  1   2  96   0   0   1|   0     0 |3934k  196k|   0     0 | 149   826 |30-11 22:30:57
  2   3  94   0   0   2|   0     0 |4210k  200k|   0     0 | 165   878 |30-11 22:30:58
  2   2  95   0   0   1|   0     0 |4066k  205k|   0     0 | 177   893 |30-11 22:30:59
  2   3  95   0   0   1|   0     0 |4944k  221k|   0     0 | 144   819 |30-11 22:31:00
  1   3  94   0   0   2|   0     0 |3826k  192k|   0     0 | 150   876 |30-11 22:31:01
  1   3  95   0   0   2|   0     0 |3634k  184k|   0     0 | 145   834 |30-11 22:31:02
  1   1  97   0   0   1|   0     0 |3488k  170k|   0     0 | 128   778 |30-11 22:31:03
  1   1  98   0   0   0|   0     0 |  34k 4348B|   0     0 |  43   181 |30-11 22:31:04
  1   1  99   0   0   0|   0  8192B|  11k   16k|   0     0 |  50   226 |30-11 22:31:05
  0   0 100   0   0   0|   0     0 |   0     0 |   0     0 |  21    52 |30-11 22:31:06
  0   0 100   0   0   0|   0     0 |5422B 2788B|   0     0 |  25    76 |30-11 22:31:07
  0   0 100   0   0   0|   0     0 |   0     0 |   0     0 |  24    41 |30-11 22:31:08
  1   0  99   0   0   0|   0     0 |   0     0 |   0     0 |  33    90 |30-11 22:31:09
  1   1  98   0   0   1|   0     0 |7317B 4209B|   0     0 |  33   107 |30-11 22:31:10
  9   4  86   0   0   1|   0  4096B|1354k   84k|   0     0 | 210   763 |30-11 22:31:11
  1   1  97   0   0   1|   0     0 |3710k  159k|   0     0 | 122   709 |30-11 22:31:12
  2   2  95   0   0   2|   0     0 |3991k  176k|   0     0 | 145   794 |30-11 22:31:13
  1   1  96   0   0   2|   0     0 |4532k  193k|   0     0 | 137   798 |30-11 22:31:14
  1   2  95   0   0   2|   0     0 |3985k  175k|   0     0 | 165   802 |30-11 22:31:15
  2   2  95   0   0   2|   0     0 |4259k  189k|   0     0 | 190   833 |30-11 22:31:16
  1   2  96   0   0   2|   0  4096B|4032k  177k|   0     0 | 149   836 |30-11 22:31:17
  1   2  96   0   0   2|   0     0 |3844k  174k|   0     0 | 141   791 |30-11 22:31:18
  3   2  94   0   0   1|   0     0 |3946k  171k|   0     0 | 140   846 |30-11 22:31:19
  1   3  95   0   0   1|   0     0 |3852k  166k|   0     0 | 137   844 |30-11 22:31:20
  1   1  96   1   0   1|   0    36k|3381k  157k|   0     0 | 115   784 |30-11 22:31:21
  1   3  96   0   0   1|   0    24k|3972k  177k|   0     0 | 161   895 |30-11 22:31:22
  2   1  96   0   0   2|   0     0 |3833k  169k|   0     0 | 130   803 |30-11 22:31:23
  2   1  96   0   0   2|   0     0 |2811k   99k|   0     0 | 146   778 |30-11 22:31:24
  1   0  98   0   0   1|   0     0 |3120k  157k|   0     0 | 136   679 |30-11 22:31:25
  2   2  95   0   0   1|   0     0 |3694k  168k|   0     0 | 163   834 |30-11 22:31:26
  1   2  96   0   0   1|   0  8192B|3600k  154k|   0     0 | 166   868 |30-11 22:31:27
  2   2  95   0   0   2|   0     0 |4241k  184k|   0     0 | 156   812 |30-11 22:31:28
  2   2  95   0   0   1|   0     0 |4067k  177k|   0     0 | 152   857 |30-11 22:31:29
  2   2  96   0   0   1|   0     0 |4466k  191k|   0     0 | 136   829 |30-11 22:31:30
  1   1  98   0   0   1|   0     0 |2010k   79k|   0     0 |  95   546 |30-11 22:31:31
  1   1  97   0   0   0|   0  4096B| 172k   31k|   0     0 |  57   349 |30-11 22:31:32
  0   0 100   0   0   0|   0     0 |   0     0 |   0     0 |  20    34 |30-11 22:31:33
  0   1 100   0   0   0|   0     0 |   0     0 |   0     0 |  31    71 |30-11 22:31:34
  1   0  99   0   0   0|   0     0 |5422B 2788B|   0     0 |  26    63 |30-11 22:31:35
  0   0 100   0   0   0|   0     0 |   0     0 |   0     0 |  18    31 |30-11 22:31:36
  3   1  97   0   0   0|   0     0 |3621B 2695B|   0     0 | 119   329 |30-11 22:31:37
  8   4  86   0   0   2|   0     0 |4051k  199k|   0     0 | 172   814 |30-11 22:31:38
  2   2  95   0   0   2|   0     0 |4609k  199k|   0     0 | 152   843 |30-11 22:31:39
  2   1  96   0   0   1|   0     0 |4540k  191k|   0     0 | 144   814 |30-11 22:31:40
  3   3  94   0   0   1|   0     0 |3728k  176k|   0     0 | 158   865 |30-11 22:31:41
  2   3  94   0   0   1|   0     0 |4089k  185k|   0     0 | 177   877 |30-11 22:31:42
  1   2  96   0   0   1|   0     0 |3912k  176k|   0     0 | 157   827 |30-11 22:31:43
  1   2  95   0   0   2|   0     0 |4587k  198k|   0     0 | 153   881 |30-11 22:31:44
  1   2  95   0   0   2|   0     0 |4414k  196k|   0     0 | 131   814 |30-11 22:31:45
  2   2  96   0   0   1|   0     0 |4210k  185k|   0     0 | 156   835 |30-11 22:31:46
  3   3  94   0   0   1|   0     0 |4259k  190k|   0     0 | 149   795 |30-11 22:31:47
  1   2  96   0   0   1|   0     0 |4078k  178k|   0     0 | 154   817 |30-11 22:31:48
  1   4  95   0   0   0|   0     0 |3986k  176k|   0     0 | 143   828 |30-11 22:31:49
  2   2  95   0   0   2|   0     0 |4209k  184k|   0     0 | 142   799 |30-11 22:31:50
  2   2  95   0   0   1|   0     0 |3859k  170k|   0     0 | 146   855 |30-11 22:31:51
  2   2  95   2   0   1|   0    44k|3880k  179k|   0     0 | 142   851 |30-11 22:31:52
  3   2  94   0   0   2|   0     0 |4116k  187k|   0     0 | 138   848 |30-11 22:31:53
  2   3  93   0   0   2|   0     0 |4242k  183k|   0     0 | 180   894 |30-11 22:31:54
  1   1  97   0   0   2|   0     0 |4208k  180k|   0     0 | 143   805 |30-11 22:31:55
  1   2  96   0   0   1|   0     0 |3773k  172k|   0     0 | 138   855 |30-11 22:31:56
  1   3  95   0   0   1|   0     0 |4277k  184k|   0     0 | 154   835 |30-11 22:31:57
  1   1  98   0   0   0|   0  8192B|1807k   74k|   0     0 |  82   480 |30-11 22:31:58
  2   2  97   0   0   0|   0  4096B|  16k   21k|   0     0 | 102   381 |30-11 22:31:59
  0   0 100   0   0   0|   0     0 |   0     0 |   0     0 |  22    55 |30-11 22:32:00
  0   0 100   0   0   0|   0     0 | 102B  192B|   0     0 |  22    40 |30-11 22:32:01
  1   0  99   0   0   0|   0     0 |5422B 2788B|   0     0 |  20    54 |30-11 22:32:02
  0   0 100   0   0   0|   0    28k|   0     0 |   0     0 |  21    54 |30-11 22:32:03
  7   4  89   0   0   0|   0     0 |3621B 3767B|   0     0 | 200   585 |30-11 22:32:04
  2   3  94   0   0   1|   0     0 |3904k  244k|   0     0 | 127   810 |30-11 22:32:05
  2   2  95   0   0   2|   0     0 |3804k  225k|   0     0 | 142   884 |30-11 22:32:06
  0   2  97   0   0   1|   0     0 |3898k  217k|   0     0 | 161   959 |30-11 22:32:07
  2   3  93   0   0   3|   0     0 |3853k  224k|   0     0 | 177   900 |30-11 22:32:08
  2   2  95   0   0   2|   0     0 |3099k  166k|   0     0 | 136   792 |30-11 22:32:09
  2   2  95   0   0   2|   0     0 |2574k  169k|   0     0 | 157   823 |30-11 22:32:10
  2   1  96   0   0   1|   0     0 |2250k  141k|   0     0 | 135   738 |30-11 22:32:11
  2   2  94   0   0   3|   0     0 |3423k  201k|   0     0 | 155   901 |30-11 22:32:12
  1   3  94   0   0   2|   0     0 |3816k  227k|   0     0 | 160   924 |30-11 22:32:13
  2   4  93   0   0   2|   0     0 |3789k  223k|   0     0 | 170   939 |30-11 22:32:14
  2   2  94   0   0   2|   0     0 |3448k  201k|   0     0 | 157   907 |30-11 22:32:15
  2   2  95   0   0   2|   0     0 |4017k  234k|   0     0 | 181   999 |30-11 22:32:16
  1   1  97   0   0   2|   0     0 |3726k  233k|   0     0 | 163   911 |30-11 22:32:17
  2   2  93   0   0   3|   0     0 |4243k  236k|   0     0 | 198  1041 |30-11 22:32:18
  1   2  95   0   0   3|   0     0 |3675k  217k|   0     0 | 186   978 |30-11 22:32:19
  2   2  95   0   0   1|   0     0 |3695k  212k|   0     0 | 149   913 |30-11 22:32:20
  2   2  95   0   0   2|   0     0 |4065k  237k|   0     0 | 176   953 |30-11 22:32:21
  1   2  96   1   0   1|   0    44k|3546k  210k|   0     0 | 163   955 |30-11 22:32:22
  1   2  96   0   0   1|   0     0 |3875k  229k|   0     0 | 159   906 |30-11 22:32:23
  2   2  94   0   0   2|   0     0 |3886k  217k|   0     0 | 191  1009 |30-11 22:32:24
  0   1  99   0   0   0|   0     0 | 864k   49k|   0     0 | 117   614 |30-11 22:32:25
  0   0 100   0   0   0|   0     0 |   0     0 |   0     0 |  23    44 |30-11 22:32:26
  0   0 100   0   0   0|   0     0 |5493B 2854B|   0     0 |  30    85 |30-11 22:32:27
  1   1  98   0   0   0|   0  8192B|  13k   26k|   0     0 |  42   209 |30-11 22:32:28
  0   0 100   0   0   0|   0     0 |   0     0 |   0     0 |  31    71 |30-11 22:32:29
  1   1  99   0   0   0|   0     0 |5844B 3500B|   0     0 |  31    69 |30-11 22:32:30
  0   0 100   0   0   0|   0     0 |   0     0 |   0     0 |  24    53 |30-11 22:32:31
  0   0 100   0   0   0|   0     0 |   0     0 |   0     0 |  23    48 |30-11 22:32:32
  9   3  88   0   0   0|   0     0 |  34k   38k|   0     0 | 199   637 |30-11 22:32:33
  1   2  96   0   0   1|   0  8192B|2557k  149k|   0     0 | 117   639 |30-11 22:32:34
  1   2  96   0   0   1|   0     0 |4440k  208k|   0     0 | 120   710 |30-11 22:32:35
  1   2  96   0   0   2|   0     0 |4184k  204k|   0     0 | 130   814 |30-11 22:32:36
  1   2  97   0   0   1|   0     0 |3758k  178k|   0     0 | 114   763 |30-11 22:32:37
  1   1  96   0   0   2|   0     0 |4037k  202k|   0     0 | 141   844 |30-11 22:32:38
  2   3  95   0   0   1|   0    12k|3608k  195k|   0     0 | 142   789 |30-11 22:32:39
  1   3  94   0   0   2|   0     0 |4017k  204k|   0     0 | 139   807 |30-11 22:32:40
  2   2  96   0   0   1|   0     0 |4398k  218k|   0     0 | 136   789 |30-11 22:32:41
  1   3  96   0   0   1|   0     0 |3866k  202k|   0     0 | 134   794 |30-11 22:32:42
  2   3  95   0   0   1|   0     0 |3547k  184k|   0     0 | 141   803 |30-11 22:32:43
  0   3  95   0   0   3|   0     0 |3516k  181k|   0     0 | 162   864 |30-11 22:32:44
  2   3  94   0   0   1|   0     0 |4035k  201k|   0     0 | 176   933 |30-11 22:32:45
  1   1  97   0   0   1|   0     0 |3643k  184k|   0     0 | 169   878 |30-11 22:32:46
  1   3  94   0   0   2|   0     0 |3832k  196k|   0     0 | 151   818 |30-11 22:32:47
  2   2  94   0   0   2|   0     0 |4020k  203k|   0     0 | 161   851 |30-11 22:32:48
  2   2  94   0   0   2|   0     0 |4175k  218k|   0     0 | 145   819 |30-11 22:32:49
  1   3  95   0   0   1|   0     0 |3516k  193k|   0     0 | 142   801 |30-11 22:32:50
  2   3  95   0   0   1|   0     0 |4164k  221k|   0     0 | 137   789 |30-11 22:32:51
  1   3  95   0   0   2|   0     0 |3416k  185k|   0     0 | 147   824 |30-11 22:32:52
  2   3  85  10   0   1|   0    64k|4176k  208k|   0     0 | 152   825 |30-11 22:32:53
  3   6  90   0   0   2|   0     0 |  12M  439k|   0     0 | 144   841 |30-11 22:32:54
  2   5  91   0   0   2|   0    48k|  11M  405k|   0     0 | 429  1624 |30-11 22:32:55
  0   1  99   0   0   0|   0  8192B|  18k   26k|   0     0 |  55   232 |30-11 22:32:56
  1   0 100   0   0   0|   0     0 |5422B 2788B|   0     0 |  22    81 |30-11 22:32:57
  0   0 100   0   0   0|   0     0 |   0     0 |   0     0 |  18    27 |30-11 22:32:58
  0   1 100   0   0   0|   0     0 |   0     0 |   0     0 |  30    69 |30-11 22:32:59
  2   1  98   0   0   0|   0     0 |8277B 8462B|   0     0 |  52   175 |30-11 22:33:00
  0   0 100   0   0   0|   0     0 | 696B 4038B|   0     0 |  41   119 |30-11 22:33:01
  7   6  87   0   0   0|   0     0 | 677k   56k|   0     0 | 209   677 |30-11 22:33:02
  1   1  97   0   0   2|   0     0 |2158k  140k|   0     0 |  86   617 |30-11 22:33:03
  1   1  96   0   0   2|   0     0 |3462k  171k|   0     0 | 132   746 |30-11 22:33:04
  1   2  96   0   0   1|   0  4096B|3917k  195k|   0     0 | 136   773 |30-11 22:33:05
  2   2  96   0   0   1|   0     0 |4117k  201k|   0     0 | 134   797 |30-11 22:33:06
  2   2  96   0   0   1|   0     0 |3593k  189k|   0     0 | 146   822 |30-11 22:33:07
  1   2  96   0   0   1|   0     0 |3611k  184k|   0     0 | 130   797 |30-11 22:33:08
  2   3  94   0   0   1|   0     0 |3698k  193k|   0     0 | 168   858 |30-11 22:33:09
  1   2  96   0   0   1|   0     0 |3989k  199k|   0     0 | 194   807 |30-11 22:33:10
  1   2  95   0   0   2|   0     0 |3587k  185k|   0     0 | 181   746 |30-11 22:33:11
  1   2  95   0   0   2|   0     0 |3983k  200k|   0     0 | 193   836 |30-11 22:33:12
  1   1  97   0   0   1|   0     0 |3824k  194k|   0     0 | 192   755 |30-11 22:33:13
  0   2  96   0   0   2|   0     0 |3537k  184k|   0     0 | 211   794 |30-11 22:33:14
  2   3  94   0   0   1|   0     0 |3968k  196k|   0     0 | 199   790 |30-11 22:33:15
  1   1  97   0   0   1|   0     0 |3989k  199k|   0     0 | 203   772 |30-11 22:33:16
  2   3  94   0   0   2|   0     0 |4442k  219k|   0     0 | 207   798 |30-11 22:33:17
  2   1  96   0   0   2|   0     0 |4019k  217k|   0     0 | 207   811 |30-11 22:33:18
  1   2  96   0   0   1|   0     0 |3739k  191k|   0     0 | 250   819 |30-11 22:33:19
  1   2  95   0   0   2|   0     0 |3894k  192k|   0     0 | 176   839 |30-11 22:33:20
  1   1  96   0   0   2|   0     0 |3476k  178k|   0     0 | 180   899 |30-11 22:33:21
  2   3  94   0   0   1|   0     0 |5505k  248k|   0     0 | 154   877 |30-11 22:33:22
  4   5  89   0   0   2|   0     0 |  11M  409k|   0     0 | 120   744 |30-11 22:33:23
  1   1  96   2   0   1|   0    64k|  44k   28k|   0     0 | 114   409 |30-11 22:33:24
  1   0  99   0   0   0|   0     0 |5992B 3102B|   0     0 |  46   125 |30-11 22:33:25
  0   0 100   0   0   0|   0     0 | 948B 1360B|   0     0 |  46   115 |30-11 22:33:26
  1   0 100   0   0   0|   0     0 | 906B  620B|   0     0 |  49   117 |30-11 22:33:27
  1   0 100   0   0   0|   0     0 |5422B 2788B|   0     0 |  25    76 |30-11 22:33:28
  1   1  99   0   0   0|   0     0 |   0     0 |   0     0 |  32    71 |30-11 22:33:29
  0   0 100   0   0   0|   0     0 | 168B  102B|   0     0 |  31    57 |30-11 22:33:30
  7   6  88   0   0   0|   0  8192B|9699B 7631B|   0     0 | 201   618 |30-11 22:33:31
