[7l----total-cpu-usage---- -dsk/total- -net/total- ---paging-- ---system-- ----system----
usr sys idl wai hiq siq| read  writ| recv  send|  in   out | int   csw |     time     
  7   6  85   0   0   1|  39k  750k|   0     0 |   0     0 |3929    11k|01-12 01:51:25
 11   2  87   0   0   0|   0     0 |  32k   38k|   0     0 | 667  1659 |01-12 01:51:26
  0   0 100   0   0   0|   0     0 |5478B 2805B|   0     0 |  34   188 |01-12 01:51:27
  0   0 100   0   0   0|   0     0 |   0     0 |   0     0 |  22    77 |01-12 01:51:28
  0   0 100   0   0   0|   0     0 |   0     0 |   0     0 |  19    74 |01-12 01:51:29
  0   0 100   0   0   0|   0     0 |5478B 2805B|   0     0 |  20   103 |01-12 01:51:30
  3   0  97   0   0   0|4096B    0 |  27k 9488B|   0     0 | 401   892 |01-12 01:51:31
  0   0 100   0   0   0|   0     0 |   0     0 |   0     0 |  41   135 |01-12 01:51:32
  0   0 100   0   0   0|   0     0 |5478B 2805B|   0     0 |  23   116 |01-12 01:51:33
  0   0 100   0   0   0|   0     0 |   0     0 |   0     0 |  23    83 |01-12 01:51:34
  0   0 100   0   0   0|   0     0 |  90B   90B|   0     0 | 194   130 |01-12 01:51:35
  0   0 100   0   0   0|   0     0 |5478B 2805B|   0     0 |  22   118 |01-12 01:51:36
  0   0 100   0   0   0|   0     0 |   0     0 |   0     0 |  39   140 |01-12 01:51:37
  0   0 100   0   0   0|   0     0 |   0     0 |   0     0 |  27    95 |01-12 01:51:38
  0   0 100   0   0   0|   0     0 |5478B 2805B|   0     0 |  25   137 |01-12 01:51:39
  0   0 100   0   0   0|   0     0 |   0     0 |   0     0 |  23    90 |01-12 01:51:40
  0   0 100   0   0   0|   0     0 |   0     0 |   0     0 |  25   103 |01-12 01:51:41
  0   0 100   0   0   0|   0  4096B|5224B 2739B|   0     0 |  35   166 |01-12 01:51:42
  0   0 100   0   0   0|   0     0 | 254B   66B|   0     0 |  18   100 |01-12 01:51:43
  0   0 100   0   0   0|   0     0 |   0     0 |   0     0 |  22   102 |01-12 01:51:44
  0   0 100   0   0   0|   0     0 |   0     0 |   0     0 |  23    98 |01-12 01:51:45
  0   0 100   0   0   0|   0     0 |5478B 2805B|   0     0 |  26   131 |01-12 01:51:46
  0   0 100   0   0   0|   0     0 |   0     0 |   0     0 |  37   166 |01-12 01:51:47
  0   0 100   0   0   0|   0     0 |   0     0 |   0     0 |  23   104 |01-12 01:51:48
  0   0 100   0   0   0|   0     0 |5478B 2805B|   0     0 |  26   130 |01-12 01:51:49
  0   0 100   0   0   0|   0     0 |   0     0 |   0     0 |  23    93 |01-12 01:51:50
  0   0 100   0   0   0|   0     0 |   0     0 |   0     0 |  24   114 |01-12 01:51:51
  0   0 100   0   0   0|   0    28k|5478B 2805B|   0     0 |  34   176 |01-12 01:51:52
  0   0 100   0   0   0|   0    80k|   0     0 |   0     0 |  19    96 |01-12 01:51:53
  0   0 100   0   0   0|   0     0 |   0     0 |   0     0 |  21    78 |01-12 01:51:54
  0   0 100   0   0   0|   0     0 |5478B 2805B|   0     0 |  19   125 |01-12 01:51:55
  0   0 100   0   0   0|   0     0 | 168B  192B|   0     0 |  19    79 |01-12 01:51:56
  0   0 100   0   0   0|   0   264k|   0     0 |   0     0 |  34   139 |01-12 01:51:57
  0   0 100   0   0   0|   0     0 |5478B 2805B|   0     0 |  22   118 |01-12 01:51:58
  0   0 100   0   0   0|   0     0 |   0     0 |   0     0 |  18    88 |01-12 01:51:59
  0   0 100   0   0   0|   0     0 |   0     0 |   0     0 |  19    73 |01-12 01:52:00
  0   0 100   0   0   0|   0     0 |5478B 2805B|   0     0 |  21   123 |01-12 01:52:01
  0   0 100   0   0   0|   0  4096B|   0     0 |   0     0 |  34   123 |01-12 01:52:02
  0   0 100   0   0   0|   0     0 |   0     0 |   0     0 |  18    84 |01-12 01:52:03
  0   0 100   0   0   0|   0     0 |5478B 2805B|   0     0 |  23   119 |01-12 01:52:04
  0   0 100   0   0   0|   0     0 |   0     0 |   0     0 |  22   101 |01-12 01:52:05
  0   0 100   0   0   0|   0     0 |   0     0 |   0     0 |  19    72 |01-12 01:52:06
  0   0 100   0   0   0|   0     0 |5478B 2805B|   0     0 |  38   180 |01-12 01:52:07
  0   0 100   0   0   0|   0     0 | 102B  192B|   0     0 |  24   104 |01-12 01:52:08
  0   0 100   0   0   0|   0     0 |   0     0 |   0     0 |  23    85 |01-12 01:52:09
  0   0 100   0   0   0|   0     0 |5478B 2805B|   0     0 |  26   116 |01-12 01:52:10
  0   0 100   0   0   0|   0     0 |   0     0 |   0     0 |  20   100 |01-12 01:52:11
  0   0 100   0   0   0|   0     0 |   0     0 |   0     0 |  30   116 |01-12 01:52:12
  0   0 100   0   0   0|   0  8192B|5478B 2805B|   0     0 |  29   128 |01-12 01:52:13
  0   0 100   0   0   0|   0     0 |   0     0 |   0     0 |  18    71 |01-12 01:52:14
  0   0 100   0   0   0|   0     0 |2682B 5592B|   0     0 |  39   198 |01-12 01:52:15
  0   0 100   0   0   0|   0     0 |5478B 2805B|   0     0 |  19   100 |01-12 01:52:16
  0   0 100   0   0   0|   0     0 |   0     0 |   0     0 |  30   119 |01-12 01:52:17
  0   0 100   0   0   0|   0     0 |   0     0 |   0     0 |  23    82 |01-12 01:52:18
  0   0 100   0   0   0|   0     0 |5598B 2863B|   0     0 |  22   147 |01-12 01:52:19
  0   0 100   0   0   0|   0     0 |   0     0 |   0     0 |  19    70 |01-12 01:52:20
  0   0 100   0   0   0|   0     0 |   0     0 |   0     0 |  19    86 |01-12 01:52:21
  0   0 100   0   0   0|   0     0 |5900B 3517B|   0     0 |  34   166 |01-12 01:52:22
  0   0 100   0   0   0|   0     0 |   0     0 |   0     0 |  18    96 |01-12 01:52:23
  0   0 100   0   0   0|   0    72k|   0     0 |   0     0 |  20    84 |01-12 01:52:24
  0   0 100   0   0   0|   0     0 |5478B 2805B|   0     0 |  19   107 |01-12 01:52:25
  0   0 100   0   0   0|   0     0 |   0     0 |   0     0 |  18    72 |01-12 01:52:26
  0   0 100   0   0   0|   0     0 |   0     0 |   0     0 |  29   133 |01-12 01:52:27
  0   0 100   0   0   0|   0   116k|5478B 2805B|   0     0 |  19   114 |01-12 01:52:28
  0   0 100   0   0   0|   0     0 |   0     0 |   0     0 |  19    72 |01-12 01:52:29
  0   0 100   0   0   0|   0     0 |   0     0 |   0     0 |  28   106 |01-12 01:52:30
  0   0 100   0   0   0|   0     0 |5478B 2805B|   0     0 |  24   142 |01-12 01:52:31
  0   0 100   0   0   0|   0     0 |   0     0 |   0     0 |  34   134 |01-12 01:52:32
  0   0 100   0   0   0|   0     0 |   0     0 |   0     0 |  21    89 |01-12 01:52:33
  0   0 100   0   0   0|   0     0 |5478B 2805B|   0     0 |  23   104 |01-12 01:52:34
  0   0 100   0   0   0|   0     0 |   0     0 |   0     0 |  22   104 |01-12 01:52:35
  0   0 100   0   0   0|   0     0 |   0     0 |   0     0 |  21    92 |01-12 01:52:36
  0   0 100   0   0   0|   0     0 |5478B 2805B|   0     0 |  31   150 |01-12 01:52:37
  0   0 100   0   0   0|   0     0 |   0     0 |   0     0 |  22    81 |01-12 01:52:38
  0   0 100   0   0   0|   0     0 |   0     0 |   0     0 |  19    94 |01-12 01:52:39
  0   0 100   0   0   0|   0     0 |5478B 2805B|   0     0 |  19   101 |01-12 01:52:40
  0   0 100   0   0   0|   0     0 |   0     0 |   0     0 |  24   102 |01-12 01:52:41
  0   0 100   0   0   0|   0     0 |   0     0 |   0     0 |  34   142 |01-12 01:52:42
  0   0 100   0   0   0|   0  8192B|5478B 2805B|   0     0 |  28   144 |01-12 01:52:43
  0   0 100   0   0   0|   0     0 |   0     0 |   0     0 |  19    76 |01-12 01:52:44
  0   0 100   0   0   0|   0     0 |   0     0 |   0     0 |  18    77 |01-12 01:52:45
  0   0 100   0   0   0|   0     0 |5478B 2805B|   0     0 |  22   111 |01-12 01:52:46
  0   0 100   0   0   0|   0     0 |   0     0 |   0     0 |  33   140 |01-12 01:52:47
  0   0 100   0   0   0|   0     0 |   0     0 |   0     0 |  20    74 |01-12 01:52:48
  0   0 100   0   0   0|   0     0 |5478B 2805B|   0     0 |  24   117 |01-12 01:52:49
  0   0 100   0   0   0|   0     0 |   0     0 |   0     0 |  18    68 |01-12 01:52:50
  0   0 100   0   0   0|   0     0 |   0     0 |   0     0 |  19    99 |01-12 01:52:51
  0   0 100   0   0   0|   0     0 |5478B 2805B|   0     0 |  33   157 |01-12 01:52:52
  0   0 100   0   0   0|   0     0 |   0     0 |   0     0 |  22    81 |01-12 01:52:53
  0   0 100   1   0   0|   0    36k|   0     0 |   0     0 |  21    84 |01-12 01:52:54
  0   0 100   0   0   0|   0     0 |5478B 2805B|   0     0 |  19   125 |01-12 01:52:55
  0   0 100   0   0   0|   0     0 |   0     0 |   0     0 |  18    74 |01-12 01:52:56
  0   0 100   0   0   0|   0     0 |   0     0 |   0     0 |  31   120 |01-12 01:52:57
  0   0 100   0   0   0|   0     0 |5478B 2805B|   0     0 |  27   138 |01-12 01:52:58
  0   0 100   0   0   0|   0    20k|   0     0 |   0     0 |  20   114 |01-12 01:52:59
  0   0 100   0   0   0|   0     0 |   0     0 |   0     0 |  18    75 |01-12 01:53:00
  0   0 100   0   0   0|   0     0 |5478B 2805B|   0     0 |  21   117 |01-12 01:53:01
  0   0 100   0   0   0|   0     0 |   0     0 |   0     0 |  31   128 |01-12 01:53:02
  0   0 100   0   0   0|   0     0 |   0     0 |   0     0 |  23   116 |01-12 01:53:03
  0   0 100   0   0   0|   0     0 |5478B 2805B|   0     0 |  31   133 |01-12 01:53:04
  0   0 100   0   0   0|   0     0 |   0     0 |   0     0 |  39   172 |01-12 01:53:05
  0   0 100   0   0   0|   0     0 |   0     0 |   0     0 |  30   112 |01-12 01:53:06
  0   0 100   0   0   0|   0     0 |5224B 2739B|   0     0 |  35   154 |01-12 01:53:07
  0   0 100   0   0   0|   0     0 | 254B   66B|   0     0 |  24   110 |01-12 01:53:08
  0   0 100   0   0   0|   0     0 |   0     0 |   0     0 |  29   111 |01-12 01:53:09
  0   0 100   0   0   0|   0     0 |   0     0 |   0     0 |  18    70 |01-12 01:53:10
  0   0 100   0   0   0|   0     0 |5478B 2805B|   0     0 |  20   148 |01-12 01:53:11
  0   0 100   0   0   0|   0     0 |   0     0 |   0     0 |  28   123 |01-12 01:53:12
  0   0 100   0   0   0|   0     0 |   0     0 |   0     0 |  19    72 |01-12 01:53:13
  0   0 100   0   0   0|   0  4096B|5478B 2805B|   0     0 |  22   115 |01-12 01:53:14
  0   0 100   0   0   0|   0     0 |2682B 5591B|   0     0 |  37   182 |01-12 01:53:15
  0   0 100   0   0   0|   0     0 |   0     0 |   0     0 |  18    76 |01-12 01:53:16
  0   0 100   0   0   0|   0     0 |5478B 2805B|   0     0 |  30   150 |01-12 01:53:17
  0   0 100   0   0   0|   0     0 |   0     0 |   0     0 |  19    70 |01-12 01:53:18
  0   0 100   0   0   0|   0     0 |   0     0 |   0     0 |  23   109 |01-12 01:53:19
  0   0 100   0   0   0|   0     0 |5478B 2805B|   0     0 |  20   103 |01-12 01:53:20
  0   0 100   0   0   0|   0     0 |   0     0 |   0     0 |  20    89 |01-12 01:53:21
  0   0 100   0   0   0|   0     0 |   0     0 |   0     0 |  31   116 |01-12 01:53:22
  0   0 100   0   0   0|   0     0 |5900B 3517B|   0     0 |  20   123 |01-12 01:53:23
  0   0 100   0   0   0|   0  8192B|   0     0 |   0     0 |  19    84 |01-12 01:53:24
  0   0 100   0   0   0|   0    52k| 102B  192B|   0     0 |  20    86 |01-12 01:53:25
  0   0 100   0   0   0|   0     0 |5580B 2997B|   0     0 |  23   124 |01-12 01:53:26
  0   0 100   0   0   0|   0     0 |   0     0 |   0     0 |  33   154 |01-12 01:53:27
  0   0 100   0   0   0|   0     0 |   0     0 |   0     0 |  19    70 |01-12 01:53:28
  0   0 100   0   0   0|   0    16k|5478B 2805B|   0     0 |  27   139 |01-12 01:53:29
  0   0 100   0   0   0|   0     0 |   0     0 |   0     0 |  18    72 |01-12 01:53:30
  0   0 100   0   0   0|   0     0 |   0     0 |   0     0 |  19   116 |01-12 01:53:31
  0   0 100   0   0   0|   0     0 |5478B 2805B|   0     0 |  32   152 |01-12 01:53:32
  0   0 100   0   0   0|   0     0 |   0     0 |   0     0 |  18    70 |01-12 01:53:33
  0   0 100   0   0   0|   0     0 |   0     0 |   0     0 |  18    78 |01-12 01:53:34
  0   0 100   0   0   0|   0  4096B|5478B 2805B|   0     0 |  25   153 |01-12 01:53:35
  0   0 100   0   0   0|   0     0 |   0     0 |   0     0 |  18    77 |01-12 01:53:36
  0   0 100   0   0   0|   0     0 |   0     0 |   0     0 |  33   124 |01-12 01:53:37
  0   0 100   0   0   0|   0     0 |5478B 2805B|   0     0 |  24   104 |01-12 01:53:38
  0   0 100   0   0   0|   0     0 |   0     0 |   0     0 |  18    86 |01-12 01:53:39
  0   0 100   0   0   0|   0     0 |   0     0 |   0     0 |  23    86 |01-12 01:53:40
  0   0 100   0   0   0|   0     0 |5478B 2805B|   0     0 |  23   133 |01-12 01:53:41
  0   0 100   0   0   0|   0     0 |   0     0 |   0     0 |  35   129 |01-12 01:53:42
  0   0 100   0   0   0|   0     0 |   0     0 |   0     0 |  22   106 |01-12 01:53:43
  0   0 100   0   0   0|   0     0 |5478B 2805B|   0     0 |  18    98 |01-12 01:53:44
  0   0 100   0   0   0|   0     0 |   0     0 |   0     0 |  23    81 |01-12 01:53:45
  0   0 100   0   0   0|   0     0 |   0     0 |   0     0 |  18    72 |01-12 01:53:46
  0   0 100   0   0   0|   0     0 |5478B 2805B|   0     0 |  33   169 |01-12 01:53:47
  0   0 100   0   0   0|   0     0 |   0     0 |   0     0 |  18    78 |01-12 01:53:48
  0   0 100   0   0   0|   0     0 |   0     0 |   0     0 |  18    72 |01-12 01:53:49
  0   0 100   0   0   0|   0  8192B|5478B 2805B|   0     0 |  24   109 |01-12 01:53:50
  0   0 100   0   0   0|   0     0 |   0     0 |   0     0 |  18    96 |01-12 01:53:51
  0   0 100   0   0   0|   0     0 |   0     0 |   0     0 |  32   126 |01-12 01:53:52
  0   0 100   0   0   0|   0     0 |5478B 2805B|   0     0 |  25   137 |01-12 01:53:53
  0   0 100   0   0   0|   0     0 |   0     0 |   0     0 |  24    79 |01-12 01:53:54
  0   0 100   1   0   0|   0    60k|   0     0 |   0     0 |  24   115 |01-12 01:53:55
  0   0 100   0   0   0|   0     0 |5580B 2997B|   0     0 |  25   144 |01-12 01:53:56
  0   0 100   0   0   0|   0     0 |   0     0 |   0     0 |  35   144 |01-12 01:53:57
  0   0 100   0   0   0|   0     0 |   0     0 |   0     0 |  18    78 |01-12 01:53:58
  0   0 100   0   0   0|   0     0 |5478B 2805B|   0     0 |  18   120 |01-12 01:53:59
  0   0 100   0   0   0|   0    12k|   0     0 |   0     0 |  18    73 |01-12 01:54:00
  0   0 100   0   0   0|   0     0 |   0     0 |   0     0 |  19    88 |01-12 01:54:01
  0   0 100   0   0   0|   0     0 |5478B 2805B|   0     0 |  30   144 |01-12 01:54:02
  0   0 100   0   0   0|   0     0 |   0     0 |   0     0 |  19    94 |01-12 01:54:03
  0   0 100   0   0   0|   0     0 |   0     0 |   0     0 |  18    70 |01-12 01:54:04
  0   0 100   0   0   0|   0     0 |5478B 2805B|   0     0 |  26   125 |01-12 01:54:05
  0   0 100   0   0   0|   0     0 |   0     0 |   0     0 |  18    74 |01-12 01:54:06
  0   0 100   0   0   0|   0     0 |   0     0 |   0     0 |  35   166 |01-12 01:54:07
  0   0 100   0   0   0|   0     0 |5580B 2997B|   0     0 |  18   115 |01-12 01:54:08
  0   0 100   0   0   0|   0     0 |   0     0 |   0     0 |  23    98 |01-12 01:54:09
  0   0 100   0   0   0|   0  8192B|   0     0 |   0     0 |  26    89 |01-12 01:54:10
  0   0 100   0   0   0|   0     0 |5478B 2805B|   0     0 |  19   134 |01-12 01:54:11
  0   0 100   0   0   0|   0     0 |   0     0 |   0     0 |  31   121 |01-12 01:54:12
  0   0 100   0   0   0|   0     0 |   0     0 |   0     0 |  22    92 |01-12 01:54:13
  0   0 100   0   0   0|   0     0 |5478B 2805B|   0     0 |  26   132 |01-12 01:54:14
  0   0 100   0   0   0|   0     0 |2682B 5591B|   0     0 |  42   190 |01-12 01:54:15
  0   0 100   0   0   0|   0     0 |   0     0 |   0     0 |  19    75 |01-12 01:54:16
  0   0 100   0   0   0|   0     0 |5478B 2805B|   0     0 |  33   165 |01-12 01:54:17
  0   0 100   0   0   0|   0     0 |   0     0 |   0     0 |  24    90 |01-12 01:54:18
  0   0 100   0   0   0|   0     0 |   0     0 |   0     0 |  23   122 |01-12 01:54:19
  0   0 100   0   0   0|   0     0 |5478B 2805B|   0     0 |  26   138 |01-12 01:54:20
  0   0 100   0   0   0|   0  8192B|   0     0 |   0     0 |  20    90 |01-12 01:54:21
  0   0 100   0   0   0|   0     0 |   0     0 |   0     0 |  30   119 |01-12 01:54:22
  0   0 100   0   0   0|   0     0 |5900B 3517B|   0     0 |  20   122 |01-12 01:54:23
  0   0 100   0   0   0|   0     0 |   0     0 |   0     0 |  23    84 |01-12 01:54:24
  0   0 100   0   0   0|   0     0 |   0     0 |   0     0 |  22    98 |01-12 01:54:25
  0   0 100   0   0   0|   0   112k|5478B 2805B|   0     0 |  30   146 |01-12 01:54:26
  0   0 100   0   0   0|   0     0 |   0     0 |   0     0 |  31   137 |01-12 01:54:27
  0   0 100   0   0   0|   0     0 |   0     0 |   0     0 |  18    74 |01-12 01:54:28
  0   0 100   0   0   0|   0     0 |5478B 2805B|   0     0 |  19    98 |01-12 01:54:29
  0   0 100   0   0   0|   0     0 |   0     0 |   0     0 |  18    74 |01-12 01:54:30
  0   0 100   0   0   0|   0    12k|   0     0 |   0     0 |  24   118 |01-12 01:54:31
  0   0 100   0   0   0|   0     0 |5084B 1072B|   0     0 |  31   140 |01-12 01:54:32
  0   0 100   0   0   0|   0     0 | 394B 1733B|   0     0 |  22    95 |01-12 01:54:33
  0   0 100   0   0   0|   0     0 |   0     0 |   0     0 |  18    71 |01-12 01:54:34
  0   0 100   0   0   0|   0     0 |   0     0 |   0     0 |  20    86 |01-12 01:54:35
  0   0 100   0   0   0|   0     0 |5478B 2805B|   0     0 |  18   119 |01-12 01:54:36
  0   0 100   0   0   0|   0     0 |   0     0 |   0     0 |  31   120 |01-12 01:54:37
  0   0 100   0   0   0|   0     0 |   0     0 |   0     0 |  19    87 |01-12 01:54:38
  0   0 100   0   0   0|   0     0 |5478B 2805B|   0     0 |  22   122 |01-12 01:54:39
  0   0 100   0   0   0|   0     0 |   0     0 |   0     0 |  19    72 |01-12 01:54:40
  0   0 100   0   0   0|   0  8192B|   0     0 |   0     0 |  23   122 |01-12 01:54:41
  0   0 100   0   0   0|   0     0 |5478B 2805B|   0     0 |  35   165 |01-12 01:54:42
  0   0 100   0   0   0|   0     0 |   0     0 |   0     0 |  27   115 |01-12 01:54:43
  0   0 100   0   0   0|   0     0 |   0     0 |   0     0 |  19    73 |01-12 01:54:44
  0   0 100   0   0   0|   0     0 |5478B 2805B|   0     0 |  21   106 |01-12 01:54:45
  0   0 100   0   0   0|   0     0 |   0     0 |   0     0 |  18    73 |01-12 01:54:46
  0   0 100   0   0   0|   0     0 |   0     0 |   0     0 |  32   147 |01-12 01:54:47
  0   0 100   0   0   0|   0     0 |5478B 2805B|   0     0 |  22   104 |01-12 01:54:48
  0   0 100   0   0   0|   0     0 |   0     0 |   0     0 |  18    77 |01-12 01:54:49
  0   0 100   0   0   0|   0     0 |   0     0 |   0     0 |  20    72 |01-12 01:54:50
  0   0 100   0   0   0|   0  4096B|5478B 2805B|   0     0 |  18   122 |01-12 01:54:51
  0   0 100   0   0   0|   0     0 |   0     0 |   0     0 |  29   128 |01-12 01:54:52
  0   0 100   0   0   0|   0     0 |   0     0 |   0     0 |  21    84 |01-12 01:54:53
  0   0 100   0   0   0|   0     0 |5478B 2805B|   0     0 |  18   100 |01-12 01:54:54
  0   0 100   0   0   0|   0     0 |   0     0 |   0     0 |  19    86 |01-12 01:54:55
  0   0 100   0   0   0|   0    28k|   0     0 |   0     0 |  23    96 |01-12 01:54:56
  0   0 100   0   0   0|   0     0 |5478B 2805B|   0     0 |  30   157 |01-12 01:54:57
  0   0 100   0   0   0|   0     0 |   0     0 |   0     0 |  18    71 |01-12 01:54:58
  0   0 100   0   0   0|   0     0 |   0     0 |   0     0 |  18    86 |01-12 01:54:59
  0   0 100   0   0   0|   0     0 |5478B 2805B|   0     0 |  21   131 |01-12 01:55:00
  0   0 100   0   0   0|   0     0 |   0     0 |   0     0 |  19    84 |01-12 01:55:01
  0   0 100   0   0   0|   0    12k|   0     0 |   0     0 |  35   135 |01-12 01:55:02
  0   0 100   0   0   0|   0     0 |5478B 2805B|   0     0 |  24   126 |01-12 01:55:03
  0   0 100   0   0   0|   0     0 |   0     0 |   0     0 |  19    71 |01-12 01:55:04
  0   0 100   0   0   0|   0     0 |   0     0 |   0     0 |  24   107 |01-12 01:55:05
  0   0 100   0   0   0|   0     0 |5478B 2805B|   0     0 |  20    94 |01-12 01:55:06
  0   0 100   0   0   0|   0     0 |   0     0 |   0     0 |  29   143 |01-12 01:55:07
  0   0 100   0   0   0|   0     0 |   0     0 |   0     0 |  21    78 |01-12 01:55:08
  0   0 100   0   0   0|   0     0 |5478B 2805B|   0     0 |  19   109 |01-12 01:55:09
  0   0 100   0   0   0|   0     0 |   0     0 |   0     0 |  18    70 |01-12 01:55:10
  0   0 100   0   0   0|   0     0 |   0     0 |   0     0 |  20    97 |01-12 01:55:11
  0   0 100   0   0   0|   0  4096B|5478B 2805B|   0     0 |  29   153 |01-12 01:55:12
  0   0 100   0   0   0|   0     0 |   0     0 |   0     0 |  18    72 |01-12 01:55:13
  0   0 100   0   0   0|   0     0 |   0     0 |   0     0 |  23    89 |01-12 01:55:14
  0   0 100   0   0   0|   0     0 |8160B 8395B|   0     0 |  40   224 |01-12 01:55:15
  0   0 100   0   0   0|   0     0 |   0     0 |   0     0 |  18    68 |01-12 01:55:16
  0   0 100   0   0   0|   0     0 |   0     0 |   0     0 |  32   142 |01-12 01:55:17
  0   0 100   0   0   0|   0     0 |5478B 2805B|   0     0 |  19   102 |01-12 01:55:18
  0   0 100   0   0   0|   0     0 |   0     0 |   0     0 |  19    91 |01-12 01:55:19
  0   0 100   0   0   0|   0     0 |   0     0 |   0     0 |  18    70 |01-12 01:55:20
  0   0 100   0   0   0|   0     0 |5478B 2805B|   0     0 |  26   127 |01-12 01:55:21
  0   0 100   0   0   0|   0  8192B|   0     0 |   0     0 |  35   138 |01-12 01:55:22
  0   0 100   0   0   0|   0     0 |   0     0 |   0     0 |  22    96 |01-12 01:55:23
  0   0 100   0   0   0|   0     0 |5900B 3517B|   0     0 |  21   110 |01-12 01:55:24
  0   0 100   0   0   0|   0     0 | 102B  192B|   0     0 |  18    76 |01-12 01:55:25
  0   0 100   0   0   0|   0     0 | 102B  192B|   0     0 |  20    76 |01-12 01:55:26
  0   0  98   2   0   0|   0   104k|5478B 2805B|   0     0 |  37   203 |01-12 01:55:27
  0   0 100   0   0   0|   0     0 |   0     0 |   0     0 |  18    70 |01-12 01:55:28
  0   0 100   0   0   0|   0     0 |   0     0 |   0     0 |  19    73 |01-12 01:55:29
  0   0 100   0   0   0|   0     0 |5478B 2805B|   0     0 |  19   108 |01-12 01:55:30
  0   0 100   0   0   0|   0     0 |   0     0 |   0     0 |  19    96 |01-12 01:55:31
  0   0 100   0   0   0|   0  8192B|   0     0 |   0     0 |  32   137 |01-12 01:55:32
  0   0 100   0   0   0|   0     0 |5478B 2805B|   0     0 |  21   105 |01-12 01:55:33
  0   0 100   0   0   0|   0     0 |   0     0 |   0     0 |  19    70 |01-12 01:55:34
  0   0 100   0   0   0|   0     0 |   0     0 |   0     0 |  18    86 |01-12 01:55:35
  0   0 100   0   0   0|   0     0 |5478B 2805B|   0     0 |  19   101 |01-12 01:55:36
  0   0 100   0   0   0|   0     0 |   0     0 |   0     0 |  36   147 |01-12 01:55:37
  0   0 100   0   0   0|   0     0 |   0     0 |   0     0 |  19    72 |01-12 01:55:38
  0   0 100   0   0   0|   0     0 |5478B 2805B|   0     0 |  20   123 |01-12 01:55:39
  0   0 100   0   0   0|   0     0 |   0     0 |   0     0 |  21    84 |01-12 01:55:40
  0   0 100   0   0   0|   0     0 |   0     0 |   0     0 |  19    84 |01-12 01:55:41
  0   0 100   0   0   0|   0     0 |5478B 2805B|   0     0 |  33   156 |01-12 01:55:42
  0   0 100   0   0   0|   0  8192B|   0     0 |   0     0 |  18    88 |01-12 01:55:43
  0   0 100   0   0   0|   0     0 |   0     0 |   0     0 |  19    71 |01-12 01:55:44
  0   0 100   0   0   0|   0     0 |5478B 2805B|   0     0 |  21   110 |01-12 01:55:45
  0   0 100   0   0   0|   0     0 |   0     0 |   0     0 |  22    76 |01-12 01:55:46
  0   0 100   0   0   0|   0     0 |   0     0 |   0     0 |  31   152 |01-12 01:55:47
  0   0 100   0   0   0|   0     0 |5478B 2805B|   0     0 |  25   120 |01-12 01:55:48
  0   0 100   0   0   0|   0     0 |   0     0 |   0     0 |  18    70 |01-12 01:55:49
  0   0 100   0   0   0|   0     0 |   0     0 |   0     0 |  18    74 |01-12 01:55:50
  0   0 100   0   0   0|   0     0 |5478B 2805B|   0     0 |  20   134 |01-12 01:55:51
  0   0 100   0   0   0|   0     0 |   0     0 |   0     0 |  32   118 |01-12 01:55:52
  0   0 100   0   0   0|   0     0 |   0     0 |   0     0 |  23   109 |01-12 01:55:53
  0   0 100   0   0   0|   0     0 |5478B 2805B|   0     0 |  18   107 |01-12 01:55:54
  0   0 100   0   0   0|   0     0 |   0     0 |   0     0 |  18    87 |01-12 01:55:55
  0   0 100   0   0   0|   0     0 | 102B  192B|   0     0 |  18    83 |01-12 01:55:56
  0   0  99   0   0   0|   0    28k|5478B 2805B|   0     0 |  35   158 |01-12 01:55:57
  0   0 100   0   0   0|   0  8192B|   0     0 |   0     0 |  18    94 |01-12 01:55:58
  0   0 100   0   0   0|   0     0 |   0     0 |   0     0 |  22    96 |01-12 01:55:59
  0   0 100   0   0   0|   0     0 |5478B 2805B|   0     0 |  21   109 |01-12 01:56:00
  0   0 100   0   0   0|   0     0 |   0     0 |   0     0 |  19    92 |01-12 01:56:01
  0   0 100   0   0   0|   0     0 |   0     0 |   0     0 |  30   107 |01-12 01:56:02
  0   0 100   0   0   0|   0    12k|5478B 2805B|   0     0 |  23   159 |01-12 01:56:03
  0   0 100   0   0   0|   0     0 |   0     0 |   0     0 |  18    70 |01-12 01:56:04
  0   0 100   0   0   0|   0     0 |   0     0 |   0     0 |  37   157 |01-12 01:56:05
  0   0 100   0   0   0|   0     0 |5478B 2805B|   0     0 |  19   108 |01-12 01:56:06
  0   0 100   0   0   0|   0     0 |   0     0 |   0     0 |  20    87 |01-12 01:56:07
  0   0 100   0   0   0|   0     0 | 102B  192B|   0     0 |  34   131 |01-12 01:56:08
  0   0 100   0   0   0|   0     0 |5478B 2805B|   0     0 |  19   115 |01-12 01:56:09
  0   0 100   0   0   0|   0     0 |   0     0 |   0     0 |  18    73 |01-12 01:56:10
  0   0 100   0   0   0|   0     0 |   0     0 |   0     0 |  18   107 |01-12 01:56:11
  0   0 100   0   0   0|   0     0 |5224B 2739B|   0     0 |  20    88 |01-12 01:56:12
  0   0 100   0   0   0|   0     0 | 254B   66B|   0     0 |  28   120 |01-12 01:56:13
  0   0 100   0   0   0|   0     0 |   0     0 |   0     0 |  18    70 |01-12 01:56:14
  0   0 100   0   0   0|   0     0 |2682B 5592B|   0     0 |  45   194 |01-12 01:56:15
  0   0 100   0   0   0|   0     0 |5478B 2805B|   0     0 |  22   121 |01-12 01:56:16
  0   0 100   0   0   0|   0     0 |   0     0 |   0     0 |  21    83 |01-12 01:56:17
  0   0 100   0   0   0|   0  8192B|   0     0 |   0     0 |  37   158 |01-12 01:56:18
  0   0 100   0   0   0|   0     0 |5478B 2805B|   0     0 |  19   119 |01-12 01:56:19
  0   0 100   0   0   0|   0     0 |   0     0 |   0     0 |  18    70 |01-12 01:56:20
  0   0 100   0   0   0|   0     0 |   0     0 |   0     0 |  24   116 |01-12 01:56:21
  0   0 100   0   0   0|   0     0 |5478B 2805B|   0     0 |  25   124 |01-12 01:56:22
  0   0 100   0   0   0|   0     0 |   0     0 |   0     0 |  38   166 |01-12 01:56:23
  0   0 100   0   0   0|   0     0 |   0     0 |   0     0 |  27   114 |01-12 01:56:24
  0   0 100   0   0   0|   0     0 |5900B 3517B|   0     0 |  19   111 |01-12 01:56:25
  0   0 100   0   0   0|   0     0 |   0     0 |   0     0 |  18    78 |01-12 01:56:26
  0   0 100   0   0   0|   0     0 |   0     0 |   0     0 |  20    88 |01-12 01:56:27
  0   0  99   1   0   0|   0    60k|5478B 2805B|   0     0 |  39   195 |01-12 01:56:28
  0   0 100   0   0   0|   0    52k|   0     0 |   0     0 |  23   103 |01-12 01:56:29
  0   0 100   0   0   0|   0     0 |   0     0 |   0     0 |  23    88 |01-12 01:56:30
  0   0 100   0   0   0|   0     0 |5478B 2805B|   0     0 |  23   146 |01-12 01:56:31
  0   0 100   0   0   0|   0     0 |   0     0 |   0     0 |  19    78 |01-12 01:56:32
  0   0 100   0   0   0|   0     0 |   0     0 |   0     0 |  37   137 |01-12 01:56:33
  0   0 100   0   0   0|   0  8192B|5478B 2805B|   0     0 |  24   122 |01-12 01:56:34
  0   0 100   0   0   0|   0     0 |   0     0 |   0     0 |  23   120 |01-12 01:56:35
  0   0 100   0   0   0|   0     0 |   0     0 |   0     0 |  24   102 |01-12 01:56:36
  0   0 100   0   0   0|   0     0 |5478B 2805B|   0     0 |  21   108 |01-12 01:56:37
  0   0 100   0   0   0|   0     0 |   0     0 |   0     0 |  31   118 |01-12 01:56:38
  0   0 100   0   0   0|   0     0 |   0     0 |   0     0 |  24   101 |01-12 01:56:39
  0   0 100   0   0   0|   0     0 |5478B 2805B|   0     0 |  19   100 |01-12 01:56:40
  0   0 100   0   0   0|   0     0 |   0     0 |   0     0 |  20    98 |01-12 01:56:41
  0   0 100   0   0   0|   0     0 |   0     0 |   0     0 |  23   103 |01-12 01:56:42
  0   0 100   0   0   0|   0     0 |5478B 2805B|   0     0 |  35   175 |01-12 01:56:43
  0   0 100   0   0   0|   0     0 |   0     0 |   0     0 |  18    74 |01-12 01:56:44
  0   0 100   0   0   0|   0     0 |   0     0 |   0     0 |  18    72 |01-12 01:56:45
  0   0 100   0   0   0|   0     0 |5478B 2805B|   0     0 |  20   109 |01-12 01:56:46
  0   0 100   0   0   0|   0     0 |   0     0 |   0     0 |  19    98 |01-12 01:56:47
  0   0 100   0   0   0|   0     0 |   0     0 |   0     0 |  30   118 |01-12 01:56:48
  0   0 100   0   0   0|   0  4096B|5478B 2805B|   0     0 |  18   105 |01-12 01:56:49
  0   0 100   0   0   0|   0     0 |   0     0 |   0     0 |  18    73 |01-12 01:56:50
  0   0 100   0   0   0|   0     0 |   0     0 |   0     0 |  19   104 |01-12 01:56:51
  0   0 100   0   0   0|   0     0 |5478B 2805B|   0     0 |  18   100 |01-12 01:56:52
  0   0 100   0   0   0|   0     0 |   0     0 |   0     0 |  35   120 |01-12 01:56:53
  0   0 100   0   0   0|   0     0 |   0     0 |   0     0 |  28    99 |01-12 01:56:54
  0   0 100   0   0   0|   0     0 |5478B 2805B|   0     0 |  24   140 |01-12 01:56:55
  0   0 100   0   0   0|   0     0 |   0     0 |   0     0 |  23    94 |01-12 01:56:56
  0   0 100   0   0   0|   0     0 |   0     0 |   0     0 |  21    86 |01-12 01:56:57
  0   0  99   0   0   0|   0    32k|5478B 2805B|   0     0 |  38   175 |01-12 01:56:58
  0   0 100   0   0   0|   0  4096B|   0     0 |   0     0 |  24   124 |01-12 01:56:59
  0   0 100   0   0   0|   0     0 |   0     0 |   0     0 |  20    86 |01-12 01:57:00
  0   0 100   0   0   0|   0     0 |5478B 2805B|   0     0 |  25   144 |01-12 01:57:01
  0   0 100   0   0   0|   0     0 |   0     0 |   0     0 |  23    91 |01-12 01:57:02
  0   0 100   0   0   0|   0     0 |   0     0 |   0     0 |  37   157 |01-12 01:57:03
  0   0 100   0   0   0|   0     0 |5478B 2805B|   0     0 |  25   124 |01-12 01:57:04
  0   0 100   0   0   0|   0  8192B|   0     0 |   0     0 |  23   104 |01-12 01:57:05
  0   0 100   0   0   0|   0     0 |   0     0 |   0     0 |  25    98 |01-12 01:57:06
  0   0 100   0   0   0|   0     0 |5478B 2805B|   0     0 |  22   136 |01-12 01:57:07
  0   0 100   0   0   0|   0     0 |   0     0 |   0     0 |  33   133 |01-12 01:57:08
  0   0 100   0   0   0|   0     0 |   0     0 |   0     0 |  23    88 |01-12 01:57:09
  0   0 100   0   0   0|   0     0 |5478B 2805B|   0     0 |  28   123 |01-12 01:57:10
  0   0 100   0   0   0|   0     0 |   0     0 |   0     0 |  24   119 |01-12 01:57:11
  0   0 100   0   0   0|   0     0 |   0     0 |   0     0 |  23    84 |01-12 01:57:12
  0   0 100   0   0   0|   0     0 |5478B 2805B|   0     0 |  35   150 |01-12 01:57:13
  0   0 100   0   0   0|   0     0 |   0     0 |   0     0 |  22    84 |01-12 01:57:14
  0   0 100   0   0   0|   0     0 |2682B 5592B|   0     0 |  47   201 |01-12 01:57:15
  0   0 100   0   0   0|   0     0 |5478B 2805B|   0     0 |  24   119 |01-12 01:57:16
  0   0 100   0   0   0|   0     0 |   0     0 |   0     0 |  24    93 |01-12 01:57:17
  0   0 100   0   0   0|   0     0 |   0     0 |   0     0 |  32   127 |01-12 01:57:18
  0   0 100   0   0   0|   0     0 |5478B 2805B|   0     0 |  24   132 |01-12 01:57:19
  0   0 100   0   0   0|   0  8192B|   0     0 |   0     0 |  23    88 |01-12 01:57:20
  0   0 100   0   0   0|   0     0 |   0     0 |   0     0 |  25   118 |01-12 01:57:21
  0   0 100   0   0   0|   0     0 |5478B 2805B|   0     0 |  25   121 |01-12 01:57:22
  0   0 100   0   0   0|   0     0 |   0     0 |   0     0 |  39   156 |01-12 01:57:23
  0   0 100   0   0   0|   0     0 |   0     0 |   0     0 |  23    87 |01-12 01:57:24
  0   0 100   0   0   0|   0     0 |5900B 3517B|   0     0 |  23   117 |01-12 01:57:25
  0   0 100   0   0   0|   0     0 | 204B  384B|   0     0 |  24    98 |01-12 01:57:26
  0   0 100   0   0   0|   0     0 |   0     0 |   0     0 |  23   108 |01-12 01:57:27
  0   0 100   0   0   0|   0     0 |5478B 2805B|   0     0 |  34   162 |01-12 01:57:28
  0   0 100   0   0   0|   0    52k|   0     0 |   0     0 |  26   118 |01-12 01:57:29
  0   0 100   0   0   0|   0    52k|   0     0 |   0     0 |  18    78 |01-12 01:57:30
  0   0 100   0   0   0|   0     0 |5478B 2805B|   0     0 |  21   140 |01-12 01:57:31
  0   0 100   0   0   0|   0     0 |   0     0 |   0     0 |  18    74 |01-12 01:57:32
  0   0 100   0   0   0|   0     0 |   0     0 |   0     0 |  34   130 |01-12 01:57:33
  0   0 100   0   0   0|   0     0 |5478B 2805B|   0     0 |  20   104 |01-12 01:57:34
  0   0 100   0   0   0|   0  8192B|   0     0 |   0     0 |  19    93 |01-12 01:57:35
  0   0 100   0   0   0|   0     0 |   0     0 |   0     0 |  18    78 |01-12 01:57:36
  0   0 100   0   0   0|   0     0 |5478B 2805B|   0     0 |  23   121 |01-12 01:57:37
  0   0 100   0   0   0|   0     0 |   0     0 |   0     0 |  31   114 |01-12 01:57:38
  0   0 100   0   0   0|   0     0 |   0     0 |   0     0 |  20    88 |01-12 01:57:39
  0   0 100   0   0   0|   0     0 |5478B 2805B|   0     0 |  24   111 |01-12 01:57:40
  0   0 100   0   0   0|   0     0 |   0     0 |   0     0 |  21   106 |01-12 01:57:41
  0   0 100   0   0   0|   0     0 |   0     0 |   0     0 |  18    74 |01-12 01:57:42
  0   0 100   0   0   0|   0     0 |5084B 1072B|   0     0 |  37   165 |01-12 01:57:43
  0   0 100   0   0   0|   0     0 | 394B 1733B|   0     0 |  23   111 |01-12 01:57:44
  0   0 100   0   0   0|   0     0 |   0     0 |   0     0 |  24   105 |01-12 01:57:45
  0   0 100   0   0   0|   0     0 |   0     0 |   0     0 |  23   100 |01-12 01:57:46
  0   0 100   0   0   0|   0     0 |5478B 2805B|   0     0 |  22   142 |01-12 01:57:47
  0   0 100   0   0   0|   0     0 |   0     0 |   0     0 |  35   124 |01-12 01:57:48
  0   0 100   0   0   0|   0     0 |   0     0 |   0     0 |  24    82 |01-12 01:57:49
  0   0 100   0   0   0|   0     0 |5478B 2805B|   0     0 |  24   116 |01-12 01:57:50
  0   0 100   0   0   0|   0  8192B|   0     0 |   0     0 |  28   127 |01-12 01:57:51
  0   0 100   0   0   0|   0     0 |   0     0 |   0     0 |  23   100 |01-12 01:57:52
  0   0 100   0   0   0|   0     0 |5478B 2805B|   0     0 |  37   162 |01-12 01:57:53
  0   0 100   0   0   0|   0     0 |   0     0 |   0     0 |  28    94 |01-12 01:57:54
  0   0 100   0   0   0|   0     0 |   0     0 |   0     0 |  21   106 |01-12 01:57:55
  0   0 100   0   0   0|   0     0 |5580B 2997B|   0     0 |  30   142 |01-12 01:57:56
  0   0 100   0   0   0|   0     0 |   0     0 |   0     0 |  23    95 |01-12 01:57:57
  0   0 100   0   0   0|   0     0 |   0     0 |   0     0 |  36   130 |01-12 01:57:58
  0   0 100   0   0   0|   0    36k|5478B 2805B|   0     0 |  27   149 |01-12 01:57:59
  0   0 100   0   0   0|   0     0 |   0     0 |   0     0 |  23    92 |01-12 01:58:00
  0   0 100   0   0   0|   0     0 |   0     0 |   0     0 |  22    97 |01-12 01:58:01
  0   0 100   0   0   0|   0     0 |5478B 2805B|   0     0 |  20   106 |01-12 01:58:02
  0   0 100   0   0   0|   0     0 |   0     0 |   0     0 |  35   143 |01-12 01:58:03
  0   0 100   0   0   0|   0     0 |   0     0 |   0     0 |  24    94 |01-12 01:58:04
  0   0 100   0   0   0|   0     0 |5478B 2805B|   0     0 |  47   222 |01-12 01:58:05
  0   0 100   0   0   0|   0    20k|   0     0 |   0     0 |  18    74 |01-12 01:58:06
  0   0 100   0   0   0|   0     0 |   0     0 |   0     0 |  18    89 |01-12 01:58:07
  0   0 100   0   0   0|   0     0 |5580B 2997B|   0     0 |  58   198 |01-12 01:58:08
  0   0 100   0   0   0|   0     0 |   0     0 |   0     0 |  19    80 |01-12 01:58:09
  0   0 100   0   0   0|   0     0 |   0     0 |   0     0 |  18    72 |01-12 01:58:10
  0   0 100   0   0   0|   0     0 |5478B 2805B|   0     0 |  19   129 |01-12 01:58:11
  0   0 100   0   0   0|   0     0 |   0     0 |   0     0 |  18    74 |01-12 01:58:12
  0   0 100   0   0   0|   0     0 |   0     0 |   0     0 |  35   126 |01-12 01:58:13
  0   0 100   0   0   0|   0     0 |5478B 2805B|   0     0 |  18   108 |01-12 01:58:14
  0   0 100   0   0   0|   0     0 |2682B 5592B|   0     0 |  43   187 |01-12 01:58:15
  0   0 100   0   0   0|   0     0 |   0     0 |   0     0 |  23   100 |01-12 01:58:16
  0   0 100   0   0   0|   0     0 |5478B 2805B|   0     0 |  33   127 |01-12 01:58:17
  0   0 100   0   0   0|   0     0 |   0     0 |   0     0 |  31   119 |01-12 01:58:18
  0   0 100   0   0   0|   0     0 |   0     0 |   0     0 |  18    92 |01-12 01:58:19
  0   0 100   0   0   0|   0     0 |5478B 2805B|   0     0 |  22   112 |01-12 01:58:20
  0   0 100   0   0   0|   0     0 |   0     0 |   0     0 |  19    84 |01-12 01:58:21
  0   0 100   0   0   0|   0     0 |   0     0 |   0     0 |  18    73 |01-12 01:58:22
  0   0 100   0   0   0|   0     0 |5478B 2805B|   0     0 |  33   167 |01-12 01:58:23
  0   0 100   0   0   0|   0     0 |   0     0 |   0     0 |  19    82 |01-12 01:58:24
  0   0 100   0   0   0|   0     0 |   0     0 |   0     0 |  18    74 |01-12 01:58:25
  0   0 100   0   0   0|   0  4096B|5900B 3517B|   0     0 |  22   114 |01-12 01:58:26
  0   0 100   0   0   0|   0     0 |   0     0 |   0     0 |  18    90 |01-12 01:58:27
  0   0 100   0   0   0|   0     0 |   0     0 |   0     0 |  38   144 |01-12 01:58:28
  0   0 100   0   0   0|   0     0 |5478B 2805B|   0     0 |  21   136 |01-12 01:58:29
  0   0 100   0   0   0|   0    56k|   0     0 |   0     0 |  19    84 |01-12 01:58:30
  0   0 100   0   0   0|   0     0 |   0     0 |   0     0 |  19    99 |01-12 01:58:31
  0   0 100   0   0   0|   0    44k|5478B 2805B|   0     0 |  20   104 |01-12 01:58:32
  0   0 100   0   0   0|   0     0 |   0     0 |   0     0 |  33   128 |01-12 01:58:33
  0   0 100   0   0   0|   0     0 |   0     0 |   0     0 |  18    81 |01-12 01:58:34
  0   0 100   0   0   0|   0     0 |5478B 2805B|   0     0 |  21   126 |01-12 01:58:35
  0   0 100   0   0   0|   0     0 |   0     0 |   0     0 |  20    88 |01-12 01:58:36
  0   0 100   0   0   0|   0    12k|   0     0 |   0     0 |  18    77 |01-12 01:58:37
  0   0 100   0   0   0|   0     0 |5478B 2805B|   0     0 |  36   175 |01-12 01:58:38
  0   0 100   0   0   0|   0     0 |   0     0 |   0     0 |  20   102 |01-12 01:58:39
  0   0 100   0   0   0|   0     0 |   0     0 |   0     0 |  19    70 |01-12 01:58:40
  0   0 100   0   0   0|   0     0 |5478B 2805B|   0     0 |  21   121 |01-12 01:58:41
  0   0 100   0   0   0|   0     0 |   0     0 |   0     0 |  26   121 |01-12 01:58:42
  0   0 100   0   0   0|   0     0 |   0     0 |   0     0 |  28   128 |01-12 01:58:43
  0   0 100   0   0   0|   0     0 | 140B  404B|   0     0 |  19    93 |01-12 01:58:44
  0   0 100   0   0   0|   0     0 |5404B 2401B|   0     0 |  18    97 |01-12 01:58:45
  0   0 100   0   0   0|   0     0 |   0     0 |   0     0 |  18    70 |01-12 01:58:46
  0   0 100   0   0   0|   0     0 |   0     0 |   0     0 |  22    97 |01-12 01:58:47
  0   0 100   0   0   0|   0     0 |5478B 2805B|   0     0 |  30   142 |01-12 01:58:48
  0   0 100   0   0   0|   0     0 |   0     0 |   0     0 |  18    81 |01-12 01:58:49
  0   0 100   0   0   0|   0     0 |   0     0 |   0     0 |  18    72 |01-12 01:58:50
  0   0 100   0   0   0|   0     0 |5478B 2805B|   0     0 |  27   147 |01-12 01:58:51
  0   0 100   0   0   0|   0     0 |   0     0 |   0     0 |  24   102 |01-12 01:58:52
  0   0 100   0   0   0|   0     0 |   0     0 |   0     0 |  36   142 |01-12 01:58:53
  0   0 100   0   0   0|   0     0 |5478B 2805B|   0     0 |  24   136 |01-12 01:58:54
  0   0 100   0   0   0|   0     0 |   0     0 |   0     0 |  23   104 |01-12 01:58:55
  0   0 100   0   0   0|   0     0 |   0     0 |   0     0 |  23    90 |01-12 01:58:56
  0   0 100   0   0   0|   0  8192B|5478B 2805B|   0     0 |  26   133 |01-12 01:58:57
  0   0 100   0   0   0|   0     0 |   0     0 |   0     0 |  32   129 |01-12 01:58:58
  0   0 100   0   0   0|   0     0 |   0     0 |   0     0 |  18    94 |01-12 01:58:59
  0   0 100   0   0   0|   0    28k|5478B 2805B|   0     0 |  26   130 |01-12 01:59:00
  0   0 100   0   0   0|   0     0 |   0     0 |   0     0 |  23    92 |01-12 01:59:01
  0   0 100   0   0   0|   0     0 |   0     0 |   0     0 |  24   104 |01-12 01:59:02
  0   0 100   0   0   0|   0     0 |5478B 2805B|   0     0 |  32   164 |01-12 01:59:03
  0   0 100   0   0   0|   0     0 |   0     0 |   0     0 |  21    84 |01-12 01:59:04
  0   0 100   0   0   0|   0     0 |   0     0 |   0     0 |  18    79 |01-12 01:59:05
  0   0 100   0   0   0|   0     0 |5478B 2805B|   0     0 |  21   115 |01-12 01:59:06
  0   0 100   0   0   0|   0    16k|   0     0 |   0     0 |  18    90 |01-12 01:59:07
  0   0 100   0   0   0|   0     0 |   0     0 |   0     0 |  32   117 |01-12 01:59:08
  0   0 100   0   0   0|   0     0 |5478B 2805B|   0     0 |  19   110 |01-12 01:59:09
  0   0 100   0   0   0|   0     0 |   0     0 |   0     0 |  22    77 |01-12 01:59:10
  0   0 100   0   0   0|   0     0 |   0     0 |   0     0 |  19    96 |01-12 01:59:11
  0   0 100   0   0   0|   0     0 |5478B 2805B|   0     0 |  21   108 |01-12 01:59:12
  0   0 100   0   0   0|   0     0 |   0     0 |   0     0 |  32   122 |01-12 01:59:13
  0   0 100   0   0   0|   0     0 |   0     0 |   0     0 |  18    78 |01-12 01:59:14
  0   0 100   0   0   0|   0     0 |5478B 2805B|   0     0 |  23   133 |01-12 01:59:15
  0   0 100   0   0   0|   0     0 |2682B 5592B|   0     0 |  38   158 |01-12 01:59:16
  0   0 100   0   0   0|   0     0 |   0     0 |   0     0 |  21    81 |01-12 01:59:17
  0   0 100   0   0   0|   0     0 |5478B 2805B|   0     0 |  29   149 |01-12 01:59:18
  0   0 100   0   0   0|   0     0 |   0     0 |   0     0 |  19    94 |01-12 01:59:19
  0   0 100   0   0   0|   0     0 |   0     0 |   0     0 |  18    68 |01-12 01:59:20
  0   0 100   0   0   0|   0     0 |5478B 2805B|   0     0 |  25   131 |01-12 01:59:21
  0   0 100   0   0   0|   0     0 |   0     0 |   0     0 |  18    71 |01-12 01:59:22
  0   0 100   0   0   0|   0     0 |   0     0 |   0     0 |  30   131 |01-12 01:59:23
  0   0 100   0   0   0|   0     0 |5478B 2805B|   0     0 |  19   109 |01-12 01:59:24
  0   0 100   0   0   0|   0     0 |   0     0 |   0     0 |  19    77 |01-12 01:59:25
  0   0 100   0   0   0|   0     0 | 204B  384B|   0     0 |  19    78 |01-12 01:59:26
  0   0 100   0   0   0|   0     0 |5900B 3517B|   0     0 |  21   132 |01-12 01:59:27
  0   0 100   0   0   0|   0  8192B|   0     0 |   0     0 |  38   157 |01-12 01:59:28
  0   0 100   0   0   0|   0     0 |   0     0 |   0     0 |  18    89 |01-12 01:59:29
  0   0 100   0   0   0|   0     0 |5478B 2805B|   0     0 |  23   106 |01-12 01:59:30
  0   0 100   1   0   0|   0    60k|   0     0 |   0     0 |  23   126 |01-12 01:59:31
  0   0 100   0   0   0|   0     0 |   0     0 |   0     0 |  18    72 |01-12 01:59:32
  0   0 100   0   0   0|   0    44k|5478B 2805B|   0     0 |  35   164 |01-12 01:59:33
  0   0 100   0   0   0|   0     0 |   0     0 |   0     0 |  21   100 |01-12 01:59:34
  0   0 100   0   0   0|   0     0 |   0     0 |   0     0 |  18    91 |01-12 01:59:35
  0   0 100   0   0   0|   0     0 |5478B 2805B|   0     0 |  25   133 |01-12 01:59:36
  0   0 100   0   0   0|   0     0 |   0     0 |   0     0 |  23    94 |01-12 01:59:37
  0   0 100   0   0   0|   0    16k|   0     0 |   0     0 |  35   130 |01-12 01:59:38
  0   0 100   0   0   0|   0     0 |5478B 2805B|   0     0 |  20   127 |01-12 01:59:39
  0   0 100   0   0   0|   0     0 |   0     0 |   0     0 |  18    69 |01-12 01:59:40
  0   0 100   0   0   0|   0     0 |   0     0 |   0     0 |  20    85 |01-12 01:59:41
  0   0 100   0   0   0|   0     0 |5478B 2805B|   0     0 |  18   102 |01-12 01:59:42
  0   0 100   0   0   0|   0     0 |   0     0 |   0     0 |  34   144 |01-12 01:59:43
  0   0 100   0   0   0|   0     0 |   0     0 |   0     0 |  18    78 |01-12 01:59:44
  0   0 100   0   0   0|   0     0 |5478B 2805B|   0     0 |  21   106 |01-12 01:59:45
  0   0 100   0   0   0|   0     0 |   0     0 |   0     0 |  22    94 |01-12 01:59:46
  0   0 100   0   0   0|   0     0 |   0     0 |   0     0 |  20   116 |01-12 01:59:47
  0   0 100   0   0   0|   0     0 |5478B 2805B|   0     0 |  40   175 |01-12 01:59:48
  0   0 100   0   0   0|   0     0 |   0     0 |   0     0 |  23    99 |01-12 01:59:49
  0   0 100   0   0   0|   0     0 |   0     0 |   0     0 |  19    69 |01-12 01:59:50
  0   0 100   0   0   0|   0     0 |5478B 2805B|   0     0 |  20   137 |01-12 01:59:51
  0   0 100   0   0   0|   0     0 |   0     0 |   0     0 |  18    72 |01-12 01:59:52
  0   0 100   0   0   0|   0     0 |   0     0 |   0     0 |  36   139 |01-12 01:59:53
  0   0 100   0   0   0|   0     0 |5478B 2805B|   0     0 |  24   140 |01-12 01:59:54
  0   0 100   0   0   0|   0     0 |   0     0 |   0     0 |  19    87 |01-12 01:59:55
  0   0 100   0   0   0|   0     0 | 102B  192B|   0     0 |  19    78 |01-12 01:59:56
  0   0 100   0   0   0|   0     0 |5478B 2805B|   0     0 |  23   126 |01-12 01:59:57
  0   0 100   0   0   0|   0     0 |   0     0 |   0     0 |  31   114 |01-12 01:59:58
  0   0 100   0   0   0|   0  4096B|   0     0 |   0     0 |  22   103 |01-12 01:59:59
  0   0 100   0   0   0|   0     0 |5224B 2739B|   0     0 |  21    94 |01-12 02:00:00
  0   0  99   1   0   0|   0    32k| 254B   66B|   0     0 |  20   109 |01-12 02:00:01
  0   0 100   0   0   0|   0     0 |   0     0 |   0     0 |  21    82 |01-12 02:00:02
  0   0 100   0   0   0|   0     0 |   0     0 |   0     0 |  34   142 |01-12 02:00:03
  0   0 100   0   0   0|   0     0 |5478B 2805B|   0     0 |  23   120 |01-12 02:00:04
  0   0 100   0   0   0|   0     0 |   0     0 |   0     0 |  29   115 |01-12 02:00:05
  0   0 100   0   0   0|   0     0 |   0     0 |   0     0 |  19    75 |01-12 02:00:06
  0   0 100   0   0   0|   0     0 |5478B 2805B|   0     0 |  18   130 |01-12 02:00:07
  0   0 100   0   0   0|   0     0 | 102B  192B|   0     0 |  32   120 |01-12 02:00:08
  0   0 100   0   0   0|   0    12k|   0     0 |   0     0 |  18    74 |01-12 02:00:09
  0   0 100   0   0   0|   0     0 |5478B 2805B|   0     0 |  20   108 |01-12 02:00:10
  0   0 100   0   0   0|   0     0 |   0     0 |   0     0 |  20    96 |01-12 02:00:11
  0   0 100   0   0   0|   0     0 |   0     0 |   0     0 |  18    80 |01-12 02:00:12
  0   0 100   0   0   0|   0     0 |5478B 2805B|   0     0 |  32   160 |01-12 02:00:13
  0   0 100   0   0   0|   0  4096B|   0     0 |   0     0 |  24    83 |01-12 02:00:14
  0   0 100   0   0   0|   0     0 |   0     0 |   0     0 |  18    87 |01-12 02:00:15
  0   0 100   0   0   0|   0     0 |8160B 8397B|   0     0 |  44   207 |01-12 02:00:16
  0   0 100   0   0   0|   0     0 |   0     0 |   0     0 |  18    84 |01-12 02:00:17
  0   0 100   0   0   0|   0     0 |   0     0 |   0     0 |  38   128 |01-12 02:00:18
  0   0 100   0   0   0|   0     0 |5478B 2805B|   0     0 |  19   117 |01-12 02:00:19
  0   0 100   0   0   0|   0     0 |   0     0 |   0     0 |  18    69 |01-12 02:00:20
  0   0 100   0   0   0|   0     0 |   0     0 |   0     0 |  22   103 |01-12 02:00:21
  0   0 100   0   0   0|   0     0 |5478B 2805B|   0     0 |  22   120 |01-12 02:00:22
  0   0 100   0   0   0|   0     0 |   0     0 |   0     0 |  29   135 |01-12 02:00:23
  0   0 100   0   0   0|   0     0 |   0     0 |   0     0 |  19    70 |01-12 02:00:24
  0   0 100   0   0   0|   0     0 |5478B 2805B|   0     0 |  17   100 |01-12 02:00:25
  0   0 100   0   0   0|   0     0 |   0     0 |   0     0 |  20    72 |01-12 02:00:26
  0   0 100   0   0   0|   0     0 |   0     0 |   0     0 |  18    99 |01-12 02:00:27
  0   0 100   0   0   0|   0     0 |5900B 3517B|   0     0 |  35   162 |01-12 02:00:28
  0   0 100   0   0   0|   0     0 |   0     0 |   0     0 |  18    75 |01-12 02:00:29
  0   0 100   0   0   0|   0     0 |   0     0 |   0     0 |  18    71 |01-12 02:00:30
  0   0 100   0   0   0|   0     0 |5478B 2805B|   0     0 |  25   138 |01-12 02:00:31
  0   0  99   1   0   0|   0    48k|   0     0 |   0     0 |  26   132 |01-12 02:00:32
  0   0 100   0   0   0|   0     0 |   0     0 |   0     0 |  38   172 |01-12 02:00:33
  0   0 100   0   0   0|   0    44k|6318B 3563B|   0     0 |  48   177 |01-12 02:00:34
  0   0 100   0   0   0|   0     0 | 738B  646B|   0     0 |  40   181 |01-12 02:00:35
  0   0 100   0   0   0|   0     0 | 504B  306B|   0     0 |  30   114 |01-12 02:00:36
  0   0 100   0   0   0|   0     0 |5982B 3127B|   0     0 |  38   182 |01-12 02:00:37
  0   0 100   0   0   0|   0     0 | 168B  110B|   0     0 |  40   155 |01-12 02:00:38
  0   0 100   0   0   0|   0     0 | 840B  518B|   0     0 |  54   214 |01-12 02:00:39
  0   0 100   0   0   0|   0  8192B|6750B 5389B|   0     0 |  60   246 |01-12 02:00:40
  0   0 100   0   0   0|   0     0 | 840B  518B|   0     0 |  48   169 |01-12 02:00:41
  0   0 100   0   0   0|   0     0 | 870B 1186B|   0     0 |  44   156 |01-12 02:00:42
  0   0 100   0   0   0|   0     0 |5982B 3111B|   0     0 |  48   224 |01-12 02:00:43
  0   0 100   0   0   0|   0     0 | 336B  220B|   0     0 |  34   137 |01-12 02:00:44
  0   0 100   0   0   0|   0  8192B| 870B 1538B|   0     0 |  44   172 |01-12 02:00:45
  0   0 100   0   0   0|   0     0 |5478B 2805B|   0     0 |  19   104 |01-12 02:00:46
  0   0 100   0   0   0|   0     0 |   0     0 |   0     0 |  18    99 |01-12 02:00:47
  0   0 100   0   0   0|   0     0 |   0     0 |   0     0 |  36   126 |01-12 02:00:48
  0   0 100   0   0   0|   0     0 |5478B 2805B|   0     0 |  19   104 |01-12 02:00:49
  0   0 100   0   0   0|   0     0 |   0     0 |   0     0 |  18    74 |01-12 02:00:50
  0   0 100   0   0   0|   0     0 |   0     0 |   0     0 |  19    99 |01-12 02:00:51
  0   0 100   0   0   0|   0     0 |5814B 3009B|   0     0 |  27   141 |01-12 02:00:52
  0   0 100   0   0   0|   0     0 | 738B  742B|   0     0 |  54   198 |01-12 02:00:53
  0   0 100   0   0   0|   0     0 |1374B 5660B|   0     0 |  88   254 |01-12 02:00:54
  0   0 100   0   0   0|   0     0 |5610B 2805B|   0     0 |  25   141 |01-12 02:00:55
  0   0 100   0   0   0|   0     0 |   0     0 |   0     0 |  23    98 |01-12 02:00:56
  0   0 100   0   0   0|   0     0 | 268B   66B|   0     0 |  25   120 |01-12 02:00:57
  0   0 100   0   0   0|   0     0 |5880B 3343B|   0     0 |  45   178 |01-12 02:00:58
  0   0 100   0   0   0|   0     0 | 488B 2534B|   0     0 |  39   154 |01-12 02:00:59
  0   0 100   0   0   0|   0     0 |   0     0 |   0     0 |  25    95 |01-12 02:01:00
  0   0 100   0   0   0|   0     0 |5478B 2805B|   0     0 |  23   128 |01-12 02:01:01
  0   0 100   0   0   0|   0    60k|   0     0 |   0     0 |  24    98 |01-12 02:01:02
  0   0 100   0   0   0|   0     0 |   0     0 |   0     0 |  36   147 |01-12 02:01:03
  0   0 100   0   0   0|   0     0 |5478B 2805B|   0     0 |  25   111 |01-12 02:01:04
  0   0 100   0   0   0|   0  8192B|   0     0 |   0     0 |  46   184 |01-12 02:01:05
  0   0 100   0   0   0|   0     0 |   0     0 |   0     0 |  23    86 |01-12 02:01:06
  0   0 100   0   0   0|   0     0 |5478B 2805B|   0     0 |  24   154 |01-12 02:01:07
  0   0 100   0   0   0|   0     0 |   0     0 |   0     0 |  32   122 |01-12 02:01:08
  0   0 100   0   0   0|   0     0 |   0     0 |   0     0 |  20    90 |01-12 02:01:09
  0   0 100   0   0   0|   0  8192B|5478B 2805B|   0     0 |  23   111 |01-12 02:01:10
  0   0 100   0   0   0|   0     0 |   0     0 |   0     0 |  20   103 |01-12 02:01:11
  0   0 100   0   0   0|   0     0 |   0     0 |   0     0 |  18    79 |01-12 02:01:12
  0   0 100   0   0   0|   0     0 |5478B 2805B|   0     0 |  34   155 |01-12 02:01:13
  0   0 100   0   0   0|   0     0 |   0     0 |   0     0 |  18    70 |01-12 02:01:14
  0   0 100   0   0   0|   0  8192B|   0     0 |   0     0 |  17    91 |01-12 02:01:15
  0   0 100   0   0   0|   0     0 |8160B 8397B|   0     0 |  44   226 |01-12 02:01:16
  0   0 100   0   0   0|   0     0 |   0     0 |   0     0 |  18    82 |01-12 02:01:17
  0   0 100   0   0   0|   0     0 |   0     0 |   0     0 |  35   121 |01-12 02:01:18
  0   0 100   0   0   0|   0     0 |5224B 2739B|   0     0 |  19   106 |01-12 02:01:19
  0   0 100   0   0   0|   0     0 | 254B   66B|   0     0 |  23   102 |01-12 02:01:20
  0   0 100   0   0   0|   0     0 |   0     0 |   0     0 |  27   116 |01-12 02:01:21
  0   0 100   0   0   0|   0     0 |   0     0 |   0     0 |  19    79 |01-12 02:01:22
  0   0 100   0   0   0|   0     0 |5478B 2805B|   0     0 |  34   170 |01-12 02:01:23
  0   0 100   0   0   0|   0     0 |   0     0 |   0     0 |  19    68 |01-12 02:01:24
  0   0 100   0   0   0|   0     0 |   0     0 |   0     0 |  18    74 |01-12 02:01:25
  0   0 100   0   0   0|   0     0 |5682B 3189B|   0     0 |  22   117 |01-12 02:01:26
  0   0 100   0   0   0|   0     0 |   0     0 |   0     0 |  19    98 |01-12 02:01:27
  0   0 100   0   0   0|   0     0 |   0     0 |   0     0 |  28   118 |01-12 02:01:28
  0   0 100   0   0   0|   0     0 |5900B 3517B|   0     0 |  29   141 |01-12 02:01:29
  0   0 100   0   0   0|   0     0 |   0     0 |   0     0 |  21    83 |01-12 02:01:30
  0   0 100   0   0   0|   0     0 |   0     0 |   0     0 |  25   117 |01-12 02:01:31
  0   0 100   0   0   0|   0     0 |5478B 2805B|   0     0 |  23   128 |01-12 02:01:32
  0   0  97   3   0   0|   0    60k|   0     0 |   0     0 |  37   172 |01-12 02:01:33
  0   0 100   0   0   0|   0     0 |   0     0 |   0     0 |  26    89 |01-12 02:01:34
  0   0 100   0   0   0|   0     0 |5478B 2805B|   0     0 |  24   135 |01-12 02:01:35
  0   0 100   0   0   0|   0    76k|   0     0 |   0     0 |  23   102 |01-12 02:01:36
  0   0 100   0   0   0|   0     0 |   0     0 |   0     0 |  24    92 |01-12 02:01:37
  0   0 100   0   0   0|   0     0 |5478B 2805B|   0     0 |  37   174 |01-12 02:01:38
  0   0 100   0   0   0|   0     0 |   0     0 |   0     0 |  23    98 |01-12 02:01:39
  0   0 100   0   0   0|   0     0 |   0     0 |   0     0 |  23    89 |01-12 02:01:40
  0   0 100   0   0   0|   0  8192B|5478B 2805B|   0     0 |  23   121 |01-12 02:01:41
  0   0 100   0   0   0|   0     0 |   0     0 |   0     0 |  19    81 |01-12 02:01:42
  0   0 100   0   0   0|   0     0 |   0     0 |   0     0 |  31   132 |01-12 02:01:43
  0   0 100   0   0   0|   0     0 |5478B 2805B|   0     0 |  23   120 |01-12 02:01:44
  0   0 100   0   0   0|   0     0 |   0     0 |   0     0 |  23    80 |01-12 02:01:45
  0   0 100   0   0   0|   0  4096B|   0     0 |   0     0 |  27    99 |01-12 02:01:46
  0   0 100   0   0   0|   0     0 |5478B 2805B|   0     0 |  21   150 |01-12 02:01:47
  0   0 100   0   0   0|   0     0 |   0     0 |   0     0 |  32   131 |01-12 02:01:48
  0   0 100   0   0   0|   0     0 |   0     0 |   0     0 |  19    74 |01-12 02:01:49
  0   0 100   0   0   0|   0     0 |5478B 2805B|   0     0 |  21   106 |01-12 02:01:50
  0   0 100   0   0   0|   0     0 |   0     0 |   0     0 |  19    97 |01-12 02:01:51
  0   0 100   0   0   0|   0     0 |   0     0 |   0     0 |  18    80 |01-12 02:01:52
  0   0 100   0   0   0|   0     0 |5478B 2805B|   0     0 |  33   150 |01-12 02:01:53
  0   0 100   0   0   0|   0     0 |   0     0 |   0     0 |  18    72 |01-12 02:01:54
  0   0 100   0   0   0|   0     0 |   0     0 |   0     0 |  18    86 |01-12 02:01:55
  0   0 100   0   0   0|   0     0 |5478B 2805B|   0     0 |  23   112 |01-12 02:01:56
  0   0 100   0   0   0|   0     0 |   0     0 |   0     0 |  19    80 |01-12 02:01:57
  0   0 100   0   0   0|   0     0 |   0     0 |   0     0 |  31   127 |01-12 02:01:58
  0   0 100   0   0   0|   0     0 |5478B 2805B|   0     0 |  24   130 |01-12 02:01:59
  0   0 100   0   0   0|   0     0 |   0     0 |   0     0 |  23    92 |01-12 02:02:00
  0   0 100   0   0   0|   0     0 |   0     0 |   0     0 |  24   105 |01-12 02:02:01
  0   0 100   0   0   0|   0     0 |5478B 2805B|   0     0 |  20   114 |01-12 02:02:02
  0   0 100   0   0   0|   0    28k|   0     0 |   0     0 |  31   140 |01-12 02:02:03
  0   0 100   0   0   0|   0     0 |   0     0 |   0     0 |  19    80 |01-12 02:02:04
  0   0 100   0   0   0|   0     0 |5478B 2805B|   0     0 |  23   117 |01-12 02:02:05
  0   0 100   0   0   0|   0     0 |   0     0 |   0     0 |  19    72 |01-12 02:02:06
  0   0 100   0   0   0|   0  4096B|   0     0 |   0     0 |  18    98 |01-12 02:02:07
  0   0 100   0   0   0|   0     0 |5580B 2997B|   0     0 |  36   154 |01-12 02:02:08
  0   0 100   0   0   0|   0     0 |   0     0 |   0     0 |  18    77 |01-12 02:02:09
  0   0 100   0   0   0|   0     0 |   0     0 |   0     0 |  22    78 |01-12 02:02:10
  0   0 100   0   0   0|   0     0 |5478B 2805B|   0     0 |  25   136 |01-12 02:02:11
  0   0 100   0   0   0|   0    12k|   0     0 |   0     0 |  18    73 |01-12 02:02:12
  0   0 100   0   0   0|   0     0 |   0     0 |   0     0 |  32   118 |01-12 02:02:13
  0   0 100   0   0   0|   0     0 |5478B 2805B|   0     0 |  19   101 |01-12 02:02:14
  0   0 100   0   0   0|   0     0 |   0     0 |   0     0 |  18    94 |01-12 02:02:15
  0   0 100   0   0   0|   0     0 |2682B 5592B|   0     0 |  44   198 |01-12 02:02:16
  0   0 100   0   0   0|   0     0 |5552B 2879B|   0     0 |  23   120 |01-12 02:02:17
  0   0 100   0   0   0|   0     0 | 382B 1281B|   0     0 |  59   259 |01-12 02:02:18
  0   0 100   0   0   0|   0     0 |  66B    0 |   0     0 |  24   121 |01-12 02:02:19
  0   0 100   0   0   0|   0     0 |5478B 2805B|   0     0 |  20   114 |01-12 02:02:20
  0   0 100   0   0   0|   0     0 |   0     0 |   0     0 |  19    82 |01-12 02:02:21
  0   0 100   0   0   0|   0  8192B|   0     0 |   0     0 |  20    77 |01-12 02:02:22
  0   0 100   0   0   0|   0     0 |5478B 2805B|   0     0 |  30   150 |01-12 02:02:23
  0   0 100   0   0   0|   0     0 |   0     0 |   0     0 |  18    71 |01-12 02:02:24
  0   0 100   0   0   0|   0     0 |   0     0 |   0     0 |  19    80 |01-12 02:02:25
  0   0 100   0   0   0|   0     0 |5478B 2805B|   0     0 |  21   107 |01-12 02:02:26
  0   0 100   0   0   0|   0     0 |   0     0 |   0     0 |  19    90 |01-12 02:02:27
  0   0 100   0   0   0|   0     0 |   0     0 |   0     0 |  33   134 |01-12 02:02:28
  0   0 100   0   0   0|   0     0 |5900B 3517B|   0     0 |  21   124 |01-12 02:02:29
  0   0 100   0   0   0|   0     0 |   0     0 |   0     0 |  24   106 |01-12 02:02:30
  0   0 100   0   0   0|   0     0 |   0     0 |   0     0 |  23   116 |01-12 02:02:31
  0   0 100   0   0   0|   0     0 |5478B 2805B|   0     0 |  25   123 |01-12 02:02:32
  0   0 100   0   0   0|   0     0 |   0     0 |   0     0 |  28   119 |01-12 02:02:33
  0   0 100   0   0   0|   0    60k|   0     0 |   0     0 |  21    86 |01-12 02:02:34
  0   0 100   0   0   0|   0     0 |5478B 2805B|   0     0 |  20   125 |01-12 02:02:35
  0   0 100   0   0   0|   0     0 |   0     0 |   0     0 |  18    72 |01-12 02:02:36
  0   0 100   0   0   0|   0    48k|   0     0 |   0     0 |  19    80 |01-12 02:02:37
  0   0 100   0   0   0|   0     0 |5478B 2805B|   0     0 |  29   134 |01-12 02:02:38
  0   0 100   0   0   0|   0     0 |   0     0 |   0     0 |  18    89 |01-12 02:02:39
  0   0 100   0   0   0|   0     0 |   0     0 |   0     0 |  20    86 |01-12 02:02:40
  0   0 100   0   0   0|   0     0 |  74B  404B|   0     0 |  24   117 |01-12 02:02:41
  0   0 100   0   0   0|   0    16k|5404B 2401B|   0     0 |  26   116 |01-12 02:02:42
  0   0 100   0   0   0|   0     0 |   0     0 |   0     0 |  35   165 |01-12 02:02:43
  0   0 100   0   0   0|   0     0 |   0     0 |   0     0 |  19    75 |01-12 02:02:44
  0   0 100   0   0   0|   0     0 |5478B 2805B|   0     0 |  20   112 |01-12 02:02:45
  0   0 100   0   0   0|   0     0 |   0     0 |   0     0 |  18    70 |01-12 02:02:46
  0   0 100   0   0   0|   0     0 |   0     0 |   0     0 |  18    86 |01-12 02:02:47
  0   0 100   0   0   0|   0     0 |5478B 2805B|   0     0 |  34   156 |01-12 02:02:48
  0   0 100   0   0   0|   0     0 |   0     0 |   0     0 |  24   104 |01-12 02:02:49
  0   0 100   0   0   0|   0     0 |   0     0 |   0     0 |  23    96 |01-12 02:02:50
  0   0 100   0   0   0|   0     0 |5478B 2805B|   0     0 |  23   140 |01-12 02:02:51
  0   0 100   0   0   0|   0     0 |   0     0 |   0     0 |  23    92 |01-12 02:02:52
  0   0 100   0   0   0|   0    12k|   0     0 |   0     0 |  36   133 |01-12 02:02:53
  0   0 100   0   0   0|   0     0 |5478B 2805B|   0     0 |  23   117 |01-12 02:02:54
  0   0 100   0   0   0|   0     0 |   0     0 |   0     0 |  18    97 |01-12 02:02:55
  0   0 100   0   0   0|   0     0 |   0     0 |   0     0 |  18    68 |01-12 02:02:56
  0   0 100   0   0   0|   0     0 |5478B 2805B|   0     0 |  19   100 |01-12 02:02:57
  0   0 100   0   0   0|   0     0 |   0     0 |   0     0 |  33   115 |01-12 02:02:58
  0   0 100   0   0   0|   0     0 | 168B  192B|   0     0 |  20   117 |01-12 02:02:59
  0   0 100   0   0   0|   0     0 |5478B 2805B|   0     0 |  22   110 |01-12 02:03:00
  0   0 100   0   0   0|   0     0 |   0     0 |   0     0 |  18    83 |01-12 02:03:01
  0   0 100   0   0   0|   0     0 |   0     0 |   0     0 |  18    70 |01-12 02:03:02
  0   0 100   0   0   0|   0     0 |5478B 2805B|   0     0 |  31   166 |01-12 02:03:03
  0   0 100   0   0   0|   0    36k|   0     0 |   0     0 |  20    92 |01-12 02:03:04
  0   0 100   0   0   0|   0     0 |   0     0 |   0     0 |  38   159 |01-12 02:03:05
  0   0 100   0   0   0|   0     0 |5478B 2805B|   0     0 |  22   122 |01-12 02:03:06
  0   0 100   0   0   0|   0     0 |   0     0 |   0     0 |  23    96 |01-12 02:03:07
  0   0 100   0   0   0|   0     0 |   0     0 |   0     0 |  25   101 |01-12 02:03:08
  0   0 100   0   0   0|   0     0 |5612B 2871B|   0     0 |  33   144 |01-12 02:03:09
  0   0 100   0   0   0|   0     0 |   0     0 |   0     0 |  22    84 |01-12 02:03:10
  0   0 100   0   0   0|   0     0 | 134B   66B|   0     0 |  20   103 |01-12 02:03:11
  0   0 100   0   0   0|   0     0 |5478B 2805B|   0     0 |  20    98 |01-12 02:03:12
  0   0 100   0   0   0|   0    20k| 438B  698B|   0     0 |  32   123 |01-12 02:03:13
  0   0 100   0   0   0|   0     0 | 570B  322B|   0     0 | 103   300 |01-12 02:03:14
  0   0 100   0   0   0|   0     0 |5478B 2805B|   0     0 |  18   118 |01-12 02:03:15
  0   0 100   0   0   0|   0     0 |2850B 5693B|   0     0 |  49   194 |01-12 02:03:16
  0   0 100   0   0   0|   0     0 | 168B  126B|   0     0 |  84   238 |01-12 02:03:17
  0   0 100   0   0   0|   0     0 |5478B 2805B|   0     0 |  25   138 |01-12 02:03:18
  0   0 100   0   0   0|   0     0 |   0     0 |   0     0 |  34   148 |01-12 02:03:19
  0   0 100   0   0   0|   0     0 | 168B  110B|   0     0 |  24    92 |01-12 02:03:20
  0   0 100   0   0   0|   0     0 |7446B 4785B|   0     0 |  98   310 |01-12 02:03:21
  0   0 100   0   0   0|   0     0 | 672B  440B|   0     0 |  39   144 |01-12 02:03:22
  0   0 100   0   0   0|   0  4096B| 336B  212B|   0     0 |  32   138 |01-12 02:03:23
  0   0 100   0   0   0|   0     0 |5646B 2915B|   0     0 |  37   151 |01-12 02:03:24
  0   0 100   0   0   0|   0     0 |   0     0 |   0     0 |  18    74 |01-12 02:03:25
  0   0 100   0   0   0|   0     0 | 204B  384B|   0     0 |  23    88 |01-12 02:03:26
  0   0 100   0   0   0|   0     0 |5646B 2907B|   0     0 |  83   262 |01-12 02:03:27
  0   0 100   0   0   0|   0     0 | 336B  244B|   0     0 |  65   194 |01-12 02:03:28
  1   0  99   0   0   0|   0     0 | 772B   11k|   0     0 |  63   211 |01-12 02:03:29
  0   0 100   0   0   0|   0     0 |5900B 3517B|   0     0 |  19   113 |01-12 02:03:30
  0   0 100   0   0   0|   0     0 |   0     0 |   0     0 |  18    97 |01-12 02:03:31
  0   0 100   0   0   0|   0     0 |   0     0 |   0     0 |  18    70 |01-12 02:03:32
  0   0 100   0   0   0|   0     0 |5478B 2805B|   0     0 |  20   115 |01-12 02:03:33
  0   0 100   0   0   0|   0     0 |   0     0 |   0     0 |  36   123 |01-12 02:03:34
  0   0 100   1   0   0|   0    72k|   0     0 |   0     0 |  29   134 |01-12 02:03:35
  0   0 100   0   0   0|   0     0 |5478B 2805B|   0     0 |  22   111 |01-12 02:03:36
  0   0 100   0   0   0|   0     0 |   0     0 |   0     0 |  23    82 |01-12 02:03:37
  0   0 100   0   0   0|   0     0 |   0     0 |   0     0 |  24   102 |01-12 02:03:38
  0   0 100   0   0   0|   0    64k|5478B 2805B|   0     0 |  35   185 |01-12 02:03:39
  0   0 100   0   0   0|   0     0 |   0     0 |   0     0 |  23   109 |01-12 02:03:40
  0   0 100   0   0   0|   0     0 |   0     0 |   0     0 |  21    92 |01-12 02:03:41
  0   0 100   0   0   0|   0     0 |5478B 2805B|   0     0 |  18   107 |01-12 02:03:42
  0   0 100   0   0   0|   0     0 |   0     0 |   0     0 |  21   106 |01-12 02:03:43
  0   0 100   0   0   0|   0    12k|   0     0 |   0     0 |  31   119 |01-12 02:03:44
  0   0 100   0   0   0|   0     0 |5478B 2805B|   0     0 |  21   110 |01-12 02:03:45
  0   0 100   0   0   0|   0     0 |   0     0 |   0     0 |  18    71 |01-12 02:03:46
  0   0 100   0   0   0|   0     0 |   0     0 |   0     0 |  19   108 |01-12 02:03:47
  0   0 100   0   0   0|   0     0 |5478B 2805B|   0     0 |  20   107 |01-12 02:03:48
  0   0 100   0   0   0|   0     0 |   0     0 |   0     0 |  31   114 |01-12 02:03:49
  0   0 100   0   0   0|   0     0 |   0     0 |   0     0 |  23    83 |01-12 02:03:50
  0   0 100   0   0   0|   0     0 |5478B 2805B|   0     0 |  20   134 |01-12 02:03:51
  0   0 100   0   0   0|   0     0 |   0     0 |   0     0 |  18    70 |01-12 02:03:52
  0   0 100   0   0   0|   0     0 |   0     0 |   0     0 |  18    82 |01-12 02:03:53
  0   0 100   0   0   0|   0  8192B|5478B 2805B|   0     0 |  38   180 |01-12 02:03:54
  0   0 100   0   0   0|   0     0 |   0     0 |   0     0 |  19    86 |01-12 02:03:55
  0   0 100   0   0   0|   0     0 |   0     0 |   0     0 |  18    71 |01-12 02:03:56
  0   0 100   0   0   0|   0     0 |5478B 2805B|   0     0 |  23   111 |01-12 02:03:57
  0   0 100   0   0   0|   0     0 |   0     0 |   0     0 |  23    96 |01-12 02:03:58
  0   0 100   0   0   0|   0    12k|   0     0 |   0     0 |  38   169 |01-12 02:03:59
  0   0 100   0   0   0|   0     0 |5224B 2739B|   0     0 |  24   116 |01-12 02:04:00
  0   0 100   0   0   0|   0     0 |   0     0 |   0     0 |  24   108 |01-12 02:04:01
  0   0 100   0   0   0|   0     0 | 254B   66B|   0     0 |  19    81 |01-12 02:04:02
  0   0 100   0   0   0|   0     0 |   0     0 |   0     0 |  18    98 |01-12 02:04:03
  0   0 100   0   0   0|   0     0 |   0     0 |   0     0 |  29   118 |01-12 02:04:04
  0   0  99   1   0   0|   0    40k|5478B 2805B|   0     0 |  23   122 |01-12 02:04:05
  0   0 100   0   0   0|   0     0 |   0     0 |   0     0 |  18    70 |01-12 02:04:06
  0   0 100   0   0   0|   0     0 |   0     0 |   0     0 |  19    86 |01-12 02:04:07
  0   0 100   0   0   0|   0     0 |5580B 2997B|   0     0 |  20   128 |01-12 02:04:08
  0   0 100   0   0   0|   0     0 |   0     0 |   0     0 |  31   116 |01-12 02:04:09
  0   0 100   0   0   0|   0     0 |   0     0 |   0     0 |  17    70 |01-12 02:04:10
  0   0 100   0   0   0|   0     0 |5478B 2805B|   0     0 |  25   131 |01-12 02:04:11
  0   0 100   0   0   0|   0     0 |   0     0 |   0     0 |  18    74 |01-12 02:04:12
  0   0 100   0   0   0|   0     0 |   0     0 |   0     0 |  18    82 |01-12 02:04:13
  0   0 100   0   0   0|   0     0 |5478B 2805B|   0     0 |  30   154 |01-12 02:04:14
  0   0 100   0   0   0|   0    16k|   0     0 |   0     0 |  19    89 |01-12 02:04:15
  0   0 100   0   0   0|   0     0 |2682B 5592B|   0     0 |  40   161 |01-12 02:04:16
  0   0 100   0   0   0|   0     0 |5478B 2805B|   0     0 |  18   100 |01-12 02:04:17
  0   0 100   0   0   0|   0     0 |   0     0 |   0     0 |  18    80 |01-12 02:04:18
  0   0 100   0   0   0|   0     0 |   0     0 |   0     0 |  37   158 |01-12 02:04:19
  0   0 100   0   0   0|   0     0 |5478B 2805B|   0     0 |  25   121 |01-12 02:04:20
  0   0 100   0   0   0|   0     0 |   0     0 |   0     0 |  20   106 |01-12 02:04:21
  0   0 100   0   0   0|   0     0 |   0     0 |   0     0 |  19    74 |01-12 02:04:22
  0   0 100   0   0   0|   0     0 |5478B 2805B|   0     0 |  18   126 |01-12 02:04:23
  0   0 100   0   0   0|   0     0 |   0     0 |   0     0 |  28   110 |01-12 02:04:24
