[7l----total-cpu-usage---- -dsk/total- -net/total- ---paging-- ---system-- ----system----
usr sys idl wai hiq siq| read  writ| recv  send|  in   out | int   csw |     time     
  1   0  97   2   0   0| 182k 3244k|   0     0 |   0     0 | 137   783 |01-12 09:47:49
  6   2  91   1   0   0|   0  2048k|  18k   19k|   0     0 | 800  2054 |01-12 09:47:50
  0   0  98   2   0   0|   0  4096k|  18k   15k|   0     0 |  25   154 |01-12 09:47:51
  0   0  99   1   0   0|   0  2560k|   0     0 |   0     0 |  23   111 |01-12 09:47:52
  0   0  98   2   0   0|   0  3584k|   0     0 |   0     0 |  19    96 |01-12 09:47:53
  0   0  99   1   0   0|   0  4112k|5478B 2805B|   0     0 |  24   132 |01-12 09:47:54
 14   3  82   1   0   1|   0  2048k|4907k 4000k|   0     0 |1704  4693 |01-12 09:47:55
 50   7  36   1   0   5|   0  4096k|  21M   20M|   0     0 |2806    10k|01-12 09:47:56
 81  10   5   0   0   4|   0  2048k|9123k 8901k|   0     0 | 764  4591 |01-12 09:47:57
 47   0  52   2   0   0|   0  4096k|   0     0 |   0     0 | 149   188 |01-12 09:47:58
 37   0  62   1   0   0|   0  2196k|   0     0 |   0     0 |  86   109 |01-12 09:47:59
 34   0  65   1   0   0|   0  4148k|5900B 3517B|   0     0 | 147   218 |01-12 09:48:00
 34   0  64   1   0   0|   0  4096k|2045B 2769B|   0     0 | 207   301 |01-12 09:48:01
 34   0  66   0   0   0|   0     0 |   0     0 |   0     0 | 104   128 |01-12 09:48:02
 34   0  66   0   0   0|   0     0 |5580B 2997B|   0     0 | 107   136 |01-12 09:48:03
 34   0  66   0   0   0|   0     0 |   0     0 |   0     0 | 148    88 |01-12 09:48:04
 34   0  66   0   0   0|   0    16k|   0     0 |   0     0 | 151   196 |01-12 09:48:05
 34   0  66   0   0   0|   0     0 |5478B 2805B|   0     0 | 109   135 |01-12 09:48:06
 34   0  66   0   0   0|   0     0 |2127B 2769B|   0     0 | 172   259 |01-12 09:48:07
 34   0  66   0   0   0|   0     0 |1074B  794B|   0     0 | 121   152 |01-12 09:48:08
 34   0  66   0   0   0|   0     0 |5814B 3025B|   0     0 | 116   181 |01-12 09:48:09
 34   0  66   0   0   0|   0     0 | 504B  322B|   0     0 | 159   190 |01-12 09:48:10
 33   0  66   0   0   0|   0     0 | 672B  416B|   0     0 | 118   189 |01-12 09:48:11
 34   0  66   0   0   0|   0     0 |6150B 3213B|   0     0 | 117   180 |01-12 09:48:12
 34   0  65   0   0   0|   0     0 |2397B 2981B|   0     0 | 185   349 |01-12 09:48:13
 34   0  66   0   0   0|   0     0 | 336B  220B|   0     0 | 106   157 |01-12 09:48:14
 33   0  67   0   0   0|   0     0 |5814B 3025B|   0     0 | 124   225 |01-12 09:48:15
 33   0  67   0   0   0|   0     0 | 594B 1272B|   0     0 |  87    94 |01-12 09:48:16
 33   0  67   0   0   0|   0     0 | 504B  372B|   0     0 |  86   122 |01-12 09:48:17
 33   0  66   0   0   0|   0     0 |5982B 3119B|   0     0 | 167   308 |01-12 09:48:18
 34   0  66   0   0   0|   0     0 |2111B 2703B|   0     0 | 135   250 |01-12 09:48:19
 33   0  67   0   0   0|   0    68k| 504B  314B|   0     0 | 145   262 |01-12 09:48:20
 33   0  67   0   0   0|   0     0 |5814B 3009B|   0     0 | 101   186 |01-12 09:48:21
 33   0  66   0   0   0|   0     0 | 438B  204B|   0     0 | 147   279 |01-12 09:48:22
 34   0  66   0   0   0|   0     0 | 402B  346B|   0     0 | 119   196 |01-12 09:48:23
 34   0  66   0   0   0|   0     0 |5994B 6495B|   0     0 | 127   197 |01-12 09:48:24
 33   0  66   0   0   0|   0    20k|2127B 2703B|   0     0 | 146   274 |01-12 09:48:25
 33   0  67   0   0   0|   0     0 |   0     0 |   0     0 |  91    98 |01-12 09:48:26
 33   0  67   0   0   0|   0     0 |5478B 2805B|   0     0 |  86   117 |01-12 09:48:27
 33   0  67   0   0   0|   0     0 |   0     0 |   0     0 |  83   106 |01-12 09:48:28
 33   0  67   0   0   0|   0   120k|   0     0 |   0     0 |  91   146 |01-12 09:48:29
 33   0  66   1   0   0|   0  1160k|5478B 2805B|   0     0 | 115   201 |01-12 09:48:30
 34   0  66   0   0   0|   0     0 |2243B 2703B|   0     0 | 170   300 |01-12 09:48:31
 33   0  67   0   0   0|   0     0 |   0     0 |   0     0 |  90   117 |01-12 09:48:32
 34   0  66   0   0   0|   0    12k|5478B 2805B|   0     0 |  98   175 |01-12 09:48:33
 33   0  67   0   0   0|   0     0 |   0     0 |   0     0 |  94   134 |01-12 09:48:34
 33   0  67   0   0   0|   0    12k|   0     0 |   0     0 | 118   280 |01-12 09:48:35
 34   0  66   0   0   0|   0     0 |2911B 1187B|   0     0 |  93   131 |01-12 09:48:36
 34   0  66   0   0   0|   0     0 |4612B 4387B|   0     0 | 154   258 |01-12 09:48:37
 34   0  66   0   0   0|   0     0 |   0     0 |   0     0 |  85   103 |01-12 09:48:38
 34   0  66   0   0   0|   0     0 |   0     0 |   0     0 | 101   120 |01-12 09:48:39
 34   0  66   0   0   0|   0  4096B|5478B 2805B|   0     0 | 129   202 |01-12 09:48:40
 34   0  66   0   0   0|   0     0 |1056B 1438B|   0     0 | 142   245 |01-12 09:48:41
 34   0  66   0   0   0|   0     0 |5471B   14k|   0     0 | 222   425 |01-12 09:48:42
 34   0  66   0   0   0|   0     0 |6176B 3239B|   0     0 | 161   242 |01-12 09:48:43
 34   0  66   0   0   0|   0     0 |   0     0 |   0     0 |  86   101 |01-12 09:48:44
 34   0  66   0   0   0|   0     0 |   0     0 |   0     0 | 121   170 |01-12 09:48:45
 34   0  66   0   0   0|   0     0 |5478B 2805B|   0     0 | 103   119 |01-12 09:48:46
 34   0  66   0   0   0|   0     0 |   0     0 |   0     0 |  79    89 |01-12 09:48:47
 35   0  65   0   0   0|   0     0 |4794B 8295B|   0     0 | 206   393 |01-12 09:48:48
 34   0  66   0   0   0|   0     0 |5580B 2997B|   0     0 | 105   158 |01-12 09:48:49
 34   0  65   0   0   0|   0     0 |   0     0 |   0     0 | 106   156 |01-12 09:48:50
 34   0  66   0   0   0|   0    20k|   0     0 |   0     0 |  83    99 |01-12 09:48:51
 34   0  66   0   0   0|   0     0 |5478B 2805B|   0     0 |  88   136 |01-12 09:48:52
 34   0  66   0   0   0|   0     0 |   0     0 |   0     0 |  79    96 |01-12 09:48:53
 34   0  66   0   0   0|   0     0 |2045B 2769B|   0     0 | 174   257 |01-12 09:48:54
 34   0  66   0   0   0|   0     0 |5478B 2805B|   0     0 | 109   176 |01-12 09:48:55
 34   0  66   0   0   0|   0    36k|   0     0 |   0     0 |  89   107 |01-12 09:48:56
 34   0  66   0   0   0|   0     0 |   0     0 |   0     0 |  89   130 |01-12 09:48:57
 34   0  66   0   0   0|   0     0 |5478B 2805B|   0     0 |  99   128 |01-12 09:48:58
 34   0  66   0   0   0|   0     0 |   0     0 |   0     0 | 100   114 |01-12 09:48:59
 34   0  64   1   0   0|   0    72k|2111B 2703B|   0     0 | 194   340 |01-12 09:49:00
 34   0  66   0   0   0|   0     0 |5900B 3517B|   0     0 |  92   171 |01-12 09:49:01
 34   0  66   0   0   0|   0     0 |   0     0 |   0     0 |  81    96 |01-12 09:49:02
 34   0  66   0   0   0|   0     0 |   0     0 |   0     0 |  81    94 |01-12 09:49:03
 34   0  66   0   0   0|   0  4096B|5478B 2805B|   0     0 |  91   137 |01-12 09:49:04
 34   0  66   0   0   0|   0     0 |1413B 2269B|   0     0 | 142   217 |01-12 09:49:05
 34   0  66   0   0   0|   0  4096B| 698B  434B|   0     0 | 127   192 |01-12 09:49:06
 34   0  66   0   0   0|   0     0 |5478B 2805B|   0     0 |  87   125 |01-12 09:49:07
 34   0  66   0   0   0|   0     0 |   0     0 |   0     0 |  80   102 |01-12 09:49:08
 34   0  66   0   0   0|   0     0 |   0     0 |   0     0 |  78    99 |01-12 09:49:09
 34   0  66   0   0   0|   0     0 |5478B 2805B|   0     0 | 124   195 |01-12 09:49:10
 34   0  65   0   0   0|   0  8192B|2111B 2769B|   0     0 | 147   234 |01-12 09:49:11
 34   0  66   0   0   0|   0     0 |   0     0 |   0     0 |  93   116 |01-12 09:49:12
 34   0  66   0   0   0|   0     0 |5478B 2805B|   0     0 |  95   166 |01-12 09:49:13
 34   0  66   0   0   0|   0     0 |   0     0 |   0     0 |  94   130 |01-12 09:49:14
 34   0  66   0   0   0|   0     0 |   0     0 |   0     0 | 122   165 |01-12 09:49:15
 34   0  66   0   0   0|   0  8192B|5478B 2805B|   0     0 |  88   122 |01-12 09:49:16
 34   0  66   0   0   0|   0     0 |2111B 2769B|   0     0 | 163   286 |01-12 09:49:17
 34   0  66   0   0   0|   0     0 |   0     0 |   0     0 |  98   112 |01-12 09:49:18
 34   0  66   0   0   0|   0     0 |5478B 2805B|   0     0 |  88   117 |01-12 09:49:19
 34   0  66   0   0   0|   0     0 |   0     0 |   0     0 | 118   158 |01-12 09:49:20
 34   0  66   0   0   0|   0    12k|   0     0 |   0     0 |  88   131 |01-12 09:49:21
 34   0  66   0   0   0|   0     0 |5478B 2805B|   0     0 | 113   170 |01-12 09:49:22
 34   0  66   0   0   0|   0     0 |2127B 2769B|   0     0 | 150   251 |01-12 09:49:23
 34   0  66   0   0   0|   0     0 |   0     0 |   0     0 |  83    78 |01-12 09:49:24
 35   0  65   0   0   0|   0     0 |5478B 2805B|   0     0 | 121   187 |01-12 09:49:25
 34   0  66   0   0   0|   0     0 |   0     0 |   0     0 | 116    82 |01-12 09:49:26
 34   0  66   0   0   0|   0    24k|   0     0 |   0     0 | 122    88 |01-12 09:49:27
 34   0  66   0   0   0|   0     0 |5618B 2879B|   0     0 | 108   133 |01-12 09:49:28
 34   0  65   0   0   0|   0     0 |2073B 2887B|   0     0 | 153   264 |01-12 09:49:29
 34   0  66   0   0   0|   0    64k|   0     0 |   0     0 | 100   139 |01-12 09:49:30
 34   0  66   0   0   0|   0     0 |5478B 2805B|   0     0 |  96   116 |01-12 09:49:31
 34   0  66   0   0   0|   0    72k|   0     0 |   0     0 | 104   125 |01-12 09:49:32
 34   0  66   0   0   0|   0     0 |   0     0 |   0     0 |  88   113 |01-12 09:49:33
 35   0  65   0   0   0|   0     0 |7589B 5508B|   0     0 | 166   300 |01-12 09:49:34
 34   0  66   0   0   0|   0     0 |   0     0 |   0     0 | 129   182 |01-12 09:49:35
 34   0  66   0   0   0|   0     0 |   0     0 |   0     0 |  90   104 |01-12 09:49:36
 34   0  66   0   0   0|   0  8192B|5478B 2805B|   0     0 |  99   164 |01-12 09:49:37
 34   0  66   0   0   0|   0     0 |   0     0 |   0     0 |  95   104 |01-12 09:49:38
 34   0  66   0   0   0|   0     0 |   0     0 |   0     0 |  88   117 |01-12 09:49:39
 34   0  66   0   0   0|   0     0 |7589B 5574B|   0     0 | 184   332 |01-12 09:49:40
 33   0  67   0   0   0|   0     0 |   0     0 |   0     0 |  94   115 |01-12 09:49:41
 33   0  67   0   0   0|   0  8192B|   0     0 |   0     0 | 104   138 |01-12 09:49:42
 33   0  67   0   0   0|   0     0 |5478B 2805B|   0     0 |  89   134 |01-12 09:49:43
 33   0  67   0   0   0|   0     0 |   0     0 |   0     0 |  91    78 |01-12 09:49:44
 34   0  66   0   0   0|   0     0 |   0     0 |   0     0 | 104   164 |01-12 09:49:45
 34   0  66   0   0   0|   0     0 |7589B 5508B|   0     0 | 172   310 |01-12 09:49:46
 33   0  67   0   0   0|   0     0 |   0     0 |   0     0 |  82   108 |01-12 09:49:47
 33   0  66   0   0   0|   0     0 |2683B 5592B|   0     0 | 118   218 |01-12 09:49:48
 33   0  67   0   0   0|   0     0 |5580B 2997B|   0     0 | 100   174 |01-12 09:49:49
 33   0  67   0   0   0|   0     0 | 102B  192B|   0     0 | 105   176 |01-12 09:49:50
 33   0  67   0   0   0|   0     0 | 140B  181B|   0     0 | 102   143 |01-12 09:49:51
 34   0  66   0   0   0|   0    12k|8923B   11k|   0     0 | 173   365 |01-12 09:49:52
 33   0  67   0   0   0|   0     0 |2918B 6564B|   0     0 | 193   357 |01-12 09:49:53
 33   0  67   0   0   0|   0     0 |3132B 2426B|   0     0 | 201   384 |01-12 09:49:54
 33   0  66   0   0   0|   0     0 |5478B 2805B|   0     0 | 106   196 |01-12 09:49:55
 33   0  67   0   0   0|   0     0 |   0     0 |   0     0 |  87    85 |01-12 09:49:56
 33   0  67   0   0   0|   0    16k| 295B 1289B|   0     0 |  88   135 |01-12 09:49:57
 33   0  67   0   0   0|   0     0 |4366B 2420B|   0     0 | 158   271 |01-12 09:49:58
 34   0  66   0   0   0|   0     0 |2862B 1865B|   0     0 |  87   111 |01-12 09:49:59
 33   0  67   0   0   0|   0    84k|   0     0 |   0     0 | 125   173 |01-12 09:50:00
 34   0  66   0   0   0|   0     0 |   0     0 |   0     0 |  84    98 |01-12 09:50:01
 34   0  66   0   0   0|   0  4096B|5900B 3517B|   0     0 | 107   201 |01-12 09:50:02
 34   0  66   0   0   0|   0     0 | 331B  439B|   0     0 |  94   113 |01-12 09:50:03
 34   0  66   0   0   0|   0     0 |1964B 2522B|   0     0 | 139   242 |01-12 09:50:04
 34   0  66   0   0   0|   0     0 |5478B 2805B|   0     0 | 123   197 |01-12 09:50:05
 34   0  66   0   0   0|   0     0 |   0     0 |   0     0 | 125   121 |01-12 09:50:06
 34   0  66   0   0   0|   0     0 |   0     0 |   0     0 |  95   153 |01-12 09:50:07
 34   0  66   0   0   0|   0     0 |5478B 2805B|   0     0 |  93   156 |01-12 09:50:08
 34   0  66   0   0   0|   0     0 | 140B   74B|   0     0 | 102   165 |01-12 09:50:09
 34   0  65   0   0   0|   0     0 |1987B 2629B|   0     0 | 156   289 |01-12 09:50:10
 34   0  66   0   0   0|   0     0 |5478B 2805B|   0     0 |  91   155 |01-12 09:50:11
 34   0  66   0   0   0|   0     0 |   0     0 |   0     0 | 101   130 |01-12 09:50:12
 34   0  66   0   0   0|   0  8192B|   0     0 |   0     0 | 110   136 |01-12 09:50:13
 34   0  66   0   0   0|   0     0 |5478B 2805B|   0     0 | 111   155 |01-12 09:50:14
 34   0  66   0   0   0|   0     0 |1561B 2269B|   0     0 | 132   217 |01-12 09:50:15
 34   0  66   0   0   0|   0     0 | 550B  434B|   0     0 | 123   191 |01-12 09:50:16
 34   0  66   0   0   0|   0     0 |5478B 2805B|   0     0 | 100   170 |01-12 09:50:17
 34   0  66   0   0   0|   0  4096B|   0     0 |   0     0 |  95   128 |01-12 09:50:18
 34   0  66   0   0   0|   0     0 |   0     0 |   0     0 |  78    79 |01-12 09:50:19
 34   0  66   0   0   0|   0     0 |5478B 2805B|   0     0 | 104   180 |01-12 09:50:20
 34   0  66   0   0   0|   0     0 |2061B 2769B|   0     0 | 148   245 |01-12 09:50:21
 34   0  66   0   0   0|   0     0 |   0     0 |   0     0 |  92   104 |01-12 09:50:22
 34   0  66   0   0   0|   0    12k|5478B 2805B|   0     0 | 104   130 |01-12 09:50:23
 34   0  66   0   0   0|   0     0 |   0     0 |   0     0 |  85    99 |01-12 09:50:24
 34   0  66   0   0   0|   0     0 |   0     0 |   0     0 |  98   159 |01-12 09:50:25
 34   0  66   0   0   0|   0     0 |5478B 2805B|   0     0 | 118   118 |01-12 09:50:26
 34   0  65   0   0   0|   0     0 |2111B 2703B|   0     0 | 176   271 |01-12 09:50:27
 34   0  66   0   0   0|   0  8192B|   0     0 |   0     0 |  80    87 |01-12 09:50:28
 34   0  66   0   0   0|   0     0 |5478B 2805B|   0     0 | 112   133 |01-12 09:50:29
 34   0  66   0   0   0|   0    52k|   0     0 |   0     0 | 119   170 |01-12 09:50:30
 34   0  66   0   0   0|   0     0 |   0     0 |   0     0 |  86    89 |01-12 09:50:31
 34   0  66   0   0   0|   0     0 |5478B 2805B|   0     0 | 107   157 |01-12 09:50:32
 34   0  65   0   0   0|   0    80k|2111B 2769B|   0     0 | 152   274 |01-12 09:50:33
 34   0  66   0   0   0|   0     0 |   0     0 |   0     0 |  86    92 |01-12 09:50:34
 34   0  66   0   0   0|   0     0 |5478B 2805B|   0     0 | 125   283 |01-12 09:50:35
 34   0  66   0   0   0|   0     0 |   0     0 |   0     0 | 102    81 |01-12 09:50:36
 34   0  66   0   0   0|   0     0 |   0     0 |   0     0 |  80    92 |01-12 09:50:37
 34   0  66   0   0   0|   0     0 |5478B 2805B|   0     0 |  91   110 |01-12 09:50:38
 34   0  65   0   0   0|   0     0 |2111B 2769B|   0     0 | 183   272 |01-12 09:50:39
 34   0  66   0   0   0|   0     0 |   0     0 |   0     0 | 110   144 |01-12 09:50:40
 34   0  66   0   0   0|   0     0 |5478B 2805B|   0     0 | 102   151 |01-12 09:50:41
 34   0  66   0   0   0|   0     0 |   0     0 |   0     0 |  91   123 |01-12 09:50:42
 34   0  66   0   0   0|   0  4096B|   0     0 |   0     0 |  83   108 |01-12 09:50:43
 34   0  66   0   0   0|   0     0 |5478B 2805B|   0     0 |  92   128 |01-12 09:50:44
 34   0  65   0   0   0|   0     0 |2111B 2769B|   0     0 | 193   357 |01-12 09:50:45
 34   0  66   0   0   0|   0     0 |   0     0 |   0     0 |  88   103 |01-12 09:50:46
 34   0  66   0   0   0|   0     0 |5478B 2805B|   0     0 | 130   147 |01-12 09:50:47
 34   0  66   0   0   0|   0     0 |2683B 5592B|   0     0 | 135   190 |01-12 09:50:48
 34   0  66   0   0   0|   0     0 | 102B  192B|   0     0 | 105   130 |01-12 09:50:49
 34   0  66   0   0   0|   0     0 |5773B 4094B|   0     0 | 153   224 |01-12 09:50:50
 34   0  66   0   0   0|   0     0 |1816B 1414B|   0     0 | 128   208 |01-12 09:50:51
 34   0  66   0   0   0|   0     0 |   0     0 |   0     0 |  79    89 |01-12 09:50:52
 34   0  66   0   0   0|   0     0 |5478B 2805B|   0     0 | 102   147 |01-12 09:50:53
 34   0  66   0   0   0|   0    20k|   0     0 |   0     0 |  96    93 |01-12 09:50:54
 34   0  66   0   0   0|   0     0 |   0     0 |   0     0 | 102   160 |01-12 09:50:55
 34   0  65   0   0   0|   0     0 |7589B 5574B|   0     0 | 169   274 |01-12 09:50:56
 34   0  66   0   0   0|   0     0 |   0     0 |   0     0 | 122   142 |01-12 09:50:57
 34   0  66   0   0   0|   0     0 |   0     0 |   0     0 | 100   114 |01-12 09:50:58
 34   0  66   0   0   0|   0     0 |5478B 2805B|   0     0 |  88   130 |01-12 09:50:59
 34   0  66   0   0   0|   0     0 |   0     0 |   0     0 | 118   164 |01-12 09:51:00
 34   0  66   0   0   0|   0    76k|   0     0 |   0     0 |  86   110 |01-12 09:51:01
 34   0  65   0   0   0|   0     0 |8011B 6286B|   0     0 | 149   277 |01-12 09:51:02
 34   0  66   0   0   0|   0     0 |   0     0 |   0     0 |  93   131 |01-12 09:51:03
 34   0  66   0   0   0|   0    28k|   0     0 |   0     0 |  81    96 |01-12 09:51:04
 34   0  66   0   0   0|   0     0 |5478B 2805B|   0     0 | 112   200 |01-12 09:51:05
 33   0  67   0   0   0|   0     0 |   0     0 |   0     0 |  82    92 |01-12 09:51:06
 33   0  67   0   0   0|   0     0 |   0     0 |   0     0 |  78    82 |01-12 09:51:07
 34   0  66   0   0   0|   0     0 |7523B 5574B|   0     0 | 138   261 |01-12 09:51:08
 33   0  67   0   0   0|   0     0 |   0     0 |   0     0 |  87   131 |01-12 09:51:09
 33   0  67   0   0   0|   0     0 |   0     0 |   0     0 | 107   152 |01-12 09:51:10
 33   0  67   0   0   0|   0     0 |5478B 2805B|   0     0 |  91   158 |01-12 09:51:11
 34   0  66   0   0   0|   0     0 |   0     0 |   0     0 |  90   112 |01-12 09:51:12
 33   0  67   0   0   0|   0     0 |   0     0 |   0     0 |  87   132 |01-12 09:51:13
 33   0  67   0   0   0|   0  8192B|7589B 5574B|   0     0 | 134   268 |01-12 09:51:14
 33   0  67   0   0   0|   0     0 |   0     0 |   0     0 | 102   143 |01-12 09:51:15
 33   0  67   0   0   0|   0     0 |   0     0 |   0     0 |  79    94 |01-12 09:51:16
 33   0  67   0   0   0|   0     0 |5224B 2739B|   0     0 |  79   116 |01-12 09:51:17
 33   0  67   0   0   0|   0     0 | 254B   66B|   0     0 |  83    88 |01-12 09:51:18
 33   0  67   0   0   0|   0     0 |   0     0 |   0     0 |  75    80 |01-12 09:51:19
 34   0  66   0   0   0|   0     0 |2127B 2769B|   0     0 | 166   297 |01-12 09:51:20
 33   0  67   0   0   0|   0     0 |5478B 2805B|   0     0 |  88   161 |01-12 09:51:21
 33   0  67   0   0   0|   0     0 |   0     0 |   0     0 |  81    97 |01-12 09:51:22
 33   0  67   0   0   0|   0     0 |   0     0 |   0     0 |  84    96 |01-12 09:51:23
 33   0  67   0   0   0|   0    12k|5478B 2805B|   0     0 |  85   138 |01-12 09:51:24
 33   0  67   0   0   0|   0     0 |1075B 1355B|   0     0 | 120   215 |01-12 09:51:25
 33   0  67   0   0   0|   0     0 |1052B 1348B|   0     0 | 119   200 |01-12 09:51:26
 33   0  67   0   0   0|   0     0 |5478B 2805B|   0     0 |  79   115 |01-12 09:51:27
 33   0  67   0   0   0|   0     0 |   0     0 |   0     0 |  82    81 |01-12 09:51:28
 34   0  66   0   0   0|   0  4096B| 102B  192B|   0     0 |  84   102 |01-12 09:51:29
 34   0  66   0   0   0|   0     0 |5478B 2805B|   0     0 | 146   178 |01-12 09:51:30
 34   0  66   0   0   0|   0    60k|2127B 2769B|   0     0 | 153   271 |01-12 09:51:31
 34   0  66   0   0   0|   0     0 |   0     0 |   0     0 | 116   102 |01-12 09:51:32
 34   0  66   0   0   0|   0     0 |5478B 2805B|   0     0 |  99   140 |01-12 09:51:33
 34   0  66   0   0   0|   0     0 |   0     0 |   0     0 | 102   103 |01-12 09:51:34
 34   0  66   0   0   0|   0    84k|   0     0 |   0     0 | 101   134 |01-12 09:51:35
 34   0  66   0   0   0|   0     0 |5478B 2805B|   0     0 | 111   137 |01-12 09:51:36
 34   0  66   0   0   0|   0     0 |2045B 2769B|   0     0 | 138   276 |01-12 09:51:37
 34   0  66   0   0   0|   0     0 |   0     0 |   0     0 |  83    81 |01-12 09:51:38
 34   0  65   0   0   0|   0     0 |5478B 2805B|   0     0 |  84   112 |01-12 09:51:39
 35   0  65   0   0   0|   0  4096B|   0     0 |   0     0 |  96   130 |01-12 09:51:40
 34   0  66   0   0   0|   0     0 |   0     0 |   0     0 |  90   146 |01-12 09:51:41
 34   0  66   0   0   0|   0     0 |5478B 2805B|   0     0 | 121   146 |01-12 09:51:42
 34   0  66   0   0   0|   0     0 |2127B 2769B|   0     0 | 148   264 |01-12 09:51:43
 34   0  66   0   0   0|   0     0 |   0     0 |   0     0 |  77    79 |01-12 09:51:44
 34   0  66   0   0   0|   0  8192B|5478B 2805B|   0     0 | 138   209 |01-12 09:51:45
 34   0  66   0   0   0|   0     0 |   0     0 |   0     0 | 102   118 |01-12 09:51:46
 35   0  65   0   0   0|   0     0 |   0     0 |   0     0 |  84   107 |01-12 09:51:47
 35   0  65   0   0   0|   0     0 |8161B 8397B|   0     0 | 144   250 |01-12 09:51:48
 34   0  66   0   0   0|   0     0 |2127B 2829B|   0     0 | 143   266 |01-12 09:51:49
 34   0  66   0   0   0|   0     0 | 204B  258B|   0     0 | 111   172 |01-12 09:51:50
 34   0  66   0   0   0|   0     0 |5478B 2805B|   0     0 |  91   139 |01-12 09:51:51
 34   0  66   0   0   0|   0     0 |   0     0 |   0     0 | 101   109 |01-12 09:51:52
 34   0  66   0   0   0|   0     0 |   0     0 |   0     0 |  84   120 |01-12 09:51:53
 34   0  66   0   0   0|   0     0 |5646B 2997B|   0     0 |  97   138 |01-12 09:51:54
 34   0  65   0   0   0|   0  8192B|2111B 2769B|   0     0 | 169   310 |01-12 09:51:55
 34   0  66   0   0   0|   0     0 |   0     0 |   0     0 |  88   104 |01-12 09:51:56
 34   0  66   0   0   0|   0     0 |5478B 2805B|   0     0 | 104   170 |01-12 09:51:57
 34   0  65   0   0   0|   0     0 |   0     0 |   0     0 |  93   123 |01-12 09:51:58
 34   0  66   0   0   0|   0     0 |   0     0 |   0     0 |  84   104 |01-12 09:51:59
 35   0  65   0   0   0|   0     0 |6891B 5074B|   0     0 | 139   227 |01-12 09:52:00
 34   0  66   0   0   0|   0    76k| 698B  434B|   0     0 | 134   236 |01-12 09:52:01
 34   0  66   0   0   0|   0     0 |   0     0 |   0     0 |  88   114 |01-12 09:52:02
 34   0  66   0   0   0|   0     0 |5900B 3517B|   0     0 | 102   134 |01-12 09:52:03
 34   0  66   0   0   0|   0     0 | 102B  192B|   0     0 |  79    82 |01-12 09:52:04
 34   0  66   0   0   0|   0    16k|   0     0 |   0     0 |  95   138 |01-12 09:52:05
 34   0  66   0   0   0|   0     0 |5478B 2805B|   0     0 | 108   181 |01-12 09:52:06
 34   0  66   0   0   0|   0     0 |2127B 2769B|   0     0 | 194   273 |01-12 09:52:07
 34   0  66   0   0   0|   0     0 |   0     0 |   0     0 |  86   111 |01-12 09:52:08
 34   0  66   0   0   0|   0     0 |5478B 2805B|   0     0 | 102   158 |01-12 09:52:09
 34   0  66   0   0   0|   0  8192B|   0     0 |   0     0 | 102   134 |01-12 09:52:10
 34   0  66   0   0   0|   0     0 |   0     0 |   0     0 |  82    86 |01-12 09:52:11
 34   0  66   0   0   0|   0     0 |5839B 4094B|   0     0 | 109   177 |01-12 09:52:12
 34   0  66   0   0   0|   0     0 |1750B 1480B|   0     0 | 140   230 |01-12 09:52:13
 34   0  66   0   0   0|   0     0 |   0     0 |   0     0 |  86    79 |01-12 09:52:14
 34   0  66   0   0   0|   0     0 |5478B 2805B|   0     0 | 112   176 |01-12 09:52:15
 34   0  66   0   0   0|   0  8192B|   0     0 |   0     0 | 101    94 |01-12 09:52:16
 34   0  66   0   0   0|   0     0 |   0     0 |   0     0 |  77    97 |01-12 09:52:17
 34   0  65   0   0   0|   0     0 |6487B 4094B|   0     0 | 111   149 |01-12 09:52:18
 34   0  66   0   0   0|   0     0 |1102B 1480B|   0     0 | 141   197 |01-12 09:52:19
 34   0  66   0   0   0|   0     0 |   0     0 |   0     0 |  99   143 |01-12 09:52:20
 34   0  66   0   0   0|   0  4096B|5478B 2805B|   0     0 | 120   170 |01-12 09:52:21
 34   0  66   0   0   0|   0     0 |   0     0 |   0     0 |  83   100 |01-12 09:52:22
 34   0  66   0   0   0|   0     0 |   0     0 |   0     0 |  77    78 |01-12 09:52:23
 34   0  66   0   0   0|   0     0 |7039B 5140B|   0     0 | 114   171 |01-12 09:52:24
 34   0  66   0   0   0|   0     0 | 550B  434B|   0     0 | 139   254 |01-12 09:52:25
 34   0  66   0   0   0|   0    12k|   0     0 |   0     0 |  81    90 |01-12 09:52:26
 34   0  66   0   0   0|   0     0 |5478B 2805B|   0     0 |  78   119 |01-12 09:52:27
 34   0  66   0   0   0|   0     0 |   0     0 |   0     0 |  76    76 |01-12 09:52:28
 34   0  66   0   0   0|   0     0 |   0     0 |   0     0 |  78    92 |01-12 09:52:29
 34   0  65   0   0   0|   0     0 |7241B 5390B|   0     0 | 137   258 |01-12 09:52:30
 34   0  65   1   0   0|   0    56k| 282B  184B|   0     0 | 131   205 |01-12 09:52:31
 34   0  66   0   0   0|   0     0 |   0     0 |   0     0 |  97   123 |01-12 09:52:32
 34   0  66   0   0   0|   0     0 |5478B 2805B|   0     0 | 100   139 |01-12 09:52:33
 33   0  67   0   0   0|   0     0 |   0     0 |   0     0 |  78    74 |01-12 09:52:34
 34   0  66   0   0   0|   0     0 |   0     0 |   0     0 |  97   175 |01-12 09:52:35
 33   0  66   0   0   0|   0    72k|7589B 5508B|   0     0 | 150   282 |01-12 09:52:36
 34   0  66   0   0   0|   0     0 |   0     0 |   0     0 |  89   126 |01-12 09:52:37
 33   0  67   0   0   0|   0     0 |   0     0 |   0     0 |  76    84 |01-12 09:52:38
 33   0  67   0   0   0|   0     0 |5478B 2805B|   0     0 |  83   107 |01-12 09:52:39
 33   0  67   0   0   0|   0     0 |   0     0 |   0     0 | 108   159 |01-12 09:52:40
 33   0  67   0   0   0|   0    28k|   0     0 |   0     0 |  99   158 |01-12 09:52:41
 34   0  66   0   0   0|   0     0 |2127B 2769B|   0     0 | 144   259 |01-12 09:52:42
 33   0  67   0   0   0|   0     0 |5478B 2805B|   0     0 |  84   127 |01-12 09:52:43
 33   0  67   0   0   0|   0     0 |   0     0 |   0     0 |  94    95 |01-12 09:52:44
 33   0  67   0   0   0|   0     0 |   0     0 |   0     0 |  98   160 |01-12 09:52:45
 33   0  66   0   0   0|   0     0 |5478B 2805B|   0     0 | 104   133 |01-12 09:52:46
 33   0  67   0   0   0|   0     0 |   0     0 |   0     0 |  75    83 |01-12 09:52:47
 34   0  66   0   0   0|   0     0 |4810B 8295B|   0     0 | 170   348 |01-12 09:52:48
 33   0  67   0   0   0|   0     0 |5580B 2997B|   0     0 |  91   141 |01-12 09:52:49
 33   0  67   0   0   0|   0     0 |   0     0 |   0     0 |  85   121 |01-12 09:52:50
 33   0  67   0   0   0|   0    12k|   0     0 |   0     0 | 112   177 |01-12 09:52:51
 33   0  66   0   0   0|   0     0 |5478B 2805B|   0     0 |  98   162 |01-12 09:52:52
 33   0  67   0   0   0|   0     0 |   0     0 |   0     0 |  88   121 |01-12 09:52:53
 33   0  66   0   0   0|   0     0 |2111B 2703B|   0     0 | 143   249 |01-12 09:52:54
 33   0  67   0   0   0|   0     0 |5478B 2805B|   0     0 |  91   139 |01-12 09:52:55
 34   0  66   0   0   0|   0  8192B|   0     0 |   0     0 | 103   146 |01-12 09:52:56
 35   0  65   0   0   0|   0     0 |   0     0 |   0     0 |  80   107 |01-12 09:52:57
 34   0  66   0   0   0|   0     0 |5478B 2805B|   0     0 | 123   151 |01-12 09:52:58
 34   0  66   0   0   0|   0     0 |1829B 2637B|   0     0 | 124   196 |01-12 09:52:59
 34   0  66   0   0   0|   0     0 | 282B   66B|   0     0 |  99   146 |01-12 09:53:00
 34   0  66   0   0   0|   0     0 |5478B 2805B|   0     0 | 119   198 |01-12 09:53:01
 34   0  66   0   0   0|   0    80k|   0     0 |   0     0 |  84   104 |01-12 09:53:02
 34   0  66   0   0   0|   0     0 |   0     0 |   0     0 |  81    81 |01-12 09:53:03
 35   0  65   0   0   0|   0     0 |5900B 3517B|   0     0 |  99   157 |01-12 09:53:04
 34   0  66   0   0   0|   0     0 |2111B 2703B|   0     0 | 150   300 |01-12 09:53:05
 34   0  66   0   0   0|   0     0 |   0     0 |   0     0 | 115   149 |01-12 09:53:06
 34   0  66   0   0   0|   0     0 |5478B 2805B|   0     0 |  95   126 |01-12 09:53:07
 34   0  66   0   0   0|   0     0 |   0     0 |   0     0 |  80    80 |01-12 09:53:08
 34   0  66   0   0   0|   0     0 |   0     0 |   0     0 |  79    94 |01-12 09:53:09
 34   0  66   0   0   0|   0     0 |5478B 2805B|   0     0 |  98   145 |01-12 09:53:10
 34   0  65   0   0   0|   0     0 |2111B 2703B|   0     0 | 173   299 |01-12 09:53:11
 34   0  66   0   0   0|   0    20k|   0     0 |   0     0 | 130   101 |01-12 09:53:12
 34   0  66   0   0   0|   0     0 |5478B 2805B|   0     0 | 102   133 |01-12 09:53:13
 34   0  66   0   0   0|   0     0 |   0     0 |   0     0 |  77    81 |01-12 09:53:14
 34   0  66   0   0   0|   0     0 |   0     0 |   0     0 |  78    86 |01-12 09:53:15
 34   0  66   0   0   0|   0     0 |5478B 2805B|   0     0 | 134   197 |01-12 09:53:16
 34   0  66   0   0   0|   0  8192B|2061B 2769B|   0     0 | 156   293 |01-12 09:53:17
 34   0  66   0   0   0|   0     0 |   0     0 |   0     0 |  85   111 |01-12 09:53:18
 34   0  66   0   0   0|   0     0 |5478B 2805B|   0     0 |  94   146 |01-12 09:53:19
 34   0  66   0   0   0|   0     0 |   0     0 |   0     0 | 106   124 |01-12 09:53:20
 34   0  66   0   0   0|   0     0 |   0     0 |   0     0 | 114   176 |01-12 09:53:21
 34   0  66   0   0   0|   0  8192B|5478B 2805B|   0     0 | 111   150 |01-12 09:53:22
 34   0  66   0   0   0|   0     0 |2111B 2703B|   0     0 | 158   265 |01-12 09:53:23
 34   0  66   0   0   0|   0     0 |   0     0 |   0     0 |  76    78 |01-12 09:53:24
 34   0  66   0   0   0|   0     0 |5478B 2805B|   0     0 |  91   144 |01-12 09:53:25
 34   0  66   0   0   0|   0     0 |   0     0 |   0     0 | 105   136 |01-12 09:53:26
 34   0  66   0   0   0|   0    16k| 336B  310B|   0     0 |  89   116 |01-12 09:53:27
 34   0  66   0   0   0|   0     0 |5778B 3383B|   0     0 | 137   172 |01-12 09:53:28
 34   0  65   0   0   0|   0     0 |2147B 2961B|   0     0 | 143   253 |01-12 09:53:29
 34   0  66   0   0   0|   0     0 | 168B  102B|   0     0 |  83    97 |01-12 09:53:30
 34   0  66   0   0   0|   0     0 |5982B 3111B|   0     0 | 121   218 |01-12 09:53:31
 34   0  65   0   0   0|   0   204k| 168B  102B|   0     0 | 139   196 |01-12 09:53:32
 34   0  66   0   0   0|   0     0 |   0     0 |   0     0 |  82    95 |01-12 09:53:33
 34   0  66   0   0   0|   0     0 |5941B 4204B|   0     0 | 108   191 |01-12 09:53:34
 34   0  66   0   0   0|   0     0 |1816B 1414B|   0     0 | 148   309 |01-12 09:53:35
 34   0  66   0   0   0|   0     0 |   0     0 |   0     0 | 110   158 |01-12 09:53:36
 34   0  65   0   0   0|   0     0 |6318B 3323B|   0     0 | 152   300 |01-12 09:53:37
 34   0  66   0   0   0|   0     0 | 672B  424B|   0     0 | 132   182 |01-12 09:53:38
 34   0  66   0   0   0|   0     0 | 336B  212B|   0     0 | 168   299 |01-12 09:53:39
 34   0  66   0   0   0|   0     0 |7773B 5676B|   0     0 | 145   262 |01-12 09:53:40
 34   0  65   0   0   0|   0     0 | 504B  314B|   0     0 | 149   255 |01-12 09:53:41
 34   0  66   0   0   0|   0     0 | 504B  322B|   0     0 | 134   202 |01-12 09:53:42
 34   0  66   0   0   0|   0    20k|5478B 2805B|   0     0 |  85   119 |01-12 09:53:43
 34   0  66   0   0   0|   0     0 | 336B  204B|   0     0 |  87   101 |01-12 09:53:44
 34   0  66   0   0   0|   0     0 | 504B  322B|   0     0 | 177   310 |01-12 09:53:45
 37   0  60   2   0   0| 536k    0 |8843B   11k|   0     0 | 251   487 |01-12 09:53:46
 34   0  66   0   0   0|   0     0 |   0     0 |   0     0 |  86    87 |01-12 09:53:47
 34   0  65   0   0   0|   0  8192B|1304B 4744B|   0     0 |  81   107 |01-12 09:53:48
 34   0  66   0   0   0|   0     0 |6857B 3652B|   0     0 | 140   211 |01-12 09:53:49
 34   0  66   0   0   0|   0     0 | 102B  192B|   0     0 |  76    96 |01-12 09:53:50
 34   0  66   0   0   0|   0     0 | 372B  466B|   0     0 | 111   168 |01-12 09:53:51
 35   0  65   0   0   0|   0     0 |7625B 6790B|   0     0 | 126   204 |01-12 09:53:52
 34   0  66   0   0   0|   0  4096B| 432B  184B|   0     0 | 159   243 |01-12 09:53:53
 34   0  66   0   0   0|   0     0 |   0     0 |   0     0 | 118   108 |01-12 09:53:54
 34   0  66   0   0   0|   0     0 |5478B 2805B|   0     0 |  97   154 |01-12 09:53:55
 34   0  66   0   0   0|   0     0 |   0     0 |   0     0 | 120   166 |01-12 09:53:56
 34   0  66   0   0   0|   0     0 |   0     0 |   0     0 |  96   131 |01-12 09:53:57
 34   0  66   0   0   0|   0    36k|6993B 5140B|   0     0 | 113   186 |01-12 09:53:58
 34   0  66   0   0   0|   0     0 |1050B  912B|   0     0 | 143   240 |01-12 09:53:59
 34   0  65   0   0   0|   0     0 |1980B 3938B|   0     0 | 161   275 |01-12 09:54:00
 34   0  65   0   0   0|   0     0 |6468B 3417B|   0     0 | 140   258 |01-12 09:54:01
 33   0  66   0   0   0|   0   136k| 176B  102B|   0     0 | 108   131 |01-12 09:54:02
 33   0  66   0   0   0|   0  4096B| 102B  300B|   0     0 |  86   103 |01-12 09:54:03
 33   0  67   0   0   0|   0     0 | 402B 1496B|   0     0 |  82   109 |01-12 09:54:04
 33   0  67   0   0   0|   0     0 |8011B 6220B|   0     0 | 172   316 |01-12 09:54:05
 33   0  67   0   0   0|   0     0 | 176B 1720B|   0     0 | 107   154 |01-12 09:54:06
 33   0  67   0   0   0|   0     0 | 176B 1302B|   0     0 |  91   137 |01-12 09:54:07
 33   0  66   0   0   0|   0     0 |5478B 2805B|   0     0 |  92   140 |01-12 09:54:08
 33   0  67   0   0   0|   0     0 |   0     0 |   0     0 |  79   108 |01-12 09:54:09
 33   0  66   0   0   0|   0     0 |   0     0 |   0     0 |  81    98 |01-12 09:54:10
 34   0  66   0   0   0|   0     0 |7605B 5574B|   0     0 | 167   321 |01-12 09:54:11
 33   0  67   0   0   0|   0     0 |   0     0 |   0     0 |  86    92 |01-12 09:54:12
 33   0  67   0   0   0|   0    12k|   0     0 |   0     0 |  76    94 |01-12 09:54:13
 33   0  67   0   0   0|   0     0 |5478B 2805B|   0     0 |  91   118 |01-12 09:54:14
 33   0  67   0   0   0|   0     0 |   0     0 |   0     0 |  87   106 |01-12 09:54:15
 34   0  66   0   0   0|   0     0 |   0     0 |   0     0 |  96   142 |01-12 09:54:16
 33   0  66   0   0   0|   0     0 |7589B 5508B|   0     0 | 150   297 |01-12 09:54:17
 34   0  66   0   0   0|   0  8192B|   0     0 |   0     0 |  88    95 |01-12 09:54:18
 33   0  66   0   0   0|   0     0 |2182B 5596B|   0     0 | 147   246 |01-12 09:54:19
 33   0  67   0   0   0|   0     0 |5654B 2947B|   0     0 | 114   158 |01-12 09:54:20
 33   0  67   0   0   0|   0     0 |1144B 2714B|   0     0 | 153   236 |01-12 09:54:21
 33   0  66   0   0   0|   0     0 |1889B 5834B|   0     0 | 168   267 |01-12 09:54:22
 33   0  66   0   0   0|   0     0 |7360B 5368B|   0     0 | 170   293 |01-12 09:54:23
 34   0  66   0   0   0|   0  4096B|   0     0 |   0     0 | 106    87 |01-12 09:54:24
 34   0  66   0   0   0|   0     0 |   0     0 |   0     0 |  99   113 |01-12 09:54:25
 34   0  66   0   0   0|   0     0 |5478B 2805B|   0     0 | 134   201 |01-12 09:54:26
 34   0  66   0   0   0|   0     0 |   0     0 |   0     0 |  82    81 |01-12 09:54:27
 34   0  66   0   0   0|   0     0 |2111B 2769B|   0     0 | 139   250 |01-12 09:54:28
 34   0  66   0   0   0|   0    20k|5478B 2805B|   0     0 |  98   170 |01-12 09:54:29
 34   0  66   0   0   0|   0     0 |   0     0 |   0     0 |  83    89 |01-12 09:54:30
 34   0  66   0   0   0|   0     0 |   0     0 |   0     0 | 130   148 |01-12 09:54:31
 34   0  65   1   0   0|   0    68k|5478B 2805B|   0     0 | 120   167 |01-12 09:54:32
 34   0  66   0   0   0|   0     0 |   0     0 |   0     0 |  85   118 |01-12 09:54:33
 34   0  66   0   0   0|   0   148k|2111B 2769B|   0     0 | 159   273 |01-12 09:54:34
 34   0  66   0   0   0|   0     0 |5478B 2805B|   0     0 | 110   153 |01-12 09:54:35
 34   0  66   0   0   0|   0     0 |   0     0 |   0     0 | 110   167 |01-12 09:54:36
 34   0  66   0   0   0|   0     0 |   0     0 |   0     0 |  82   111 |01-12 09:54:37
 34   0  66   0   0   0|   0     0 |5478B 2805B|   0     0 | 112   142 |01-12 09:54:38
 34   0  66   0   0   0|   0  8192B|   0     0 |   0     0 |  76    80 |01-12 09:54:39
 34   0  66   0   0   0|   0     0 |2111B 2769B|   0     0 | 161   251 |01-12 09:54:40
 34   0  66   0   0   0|   0     0 |5478B 2805B|   0     0 | 107   192 |01-12 09:54:41
 34   0  66   0   0   0|   0     0 |   0     0 |   0     0 |  81    91 |01-12 09:54:42
 34   0  66   0   0   0|   0     0 |   0     0 |   0     0 | 100   128 |01-12 09:54:43
 33   0  67   0   0   0|   0     0 |5478B 2805B|   0     0 |  83   112 |01-12 09:54:44
 34   0  66   0   0   0|   0     0 |   0     0 |   0     0 |  77    92 |01-12 09:54:45
 34   0  65   0   0   0|   0     0 |2111B 2769B|   0     0 | 188   285 |01-12 09:54:46
 34   0  66   0   0   0|   0     0 |5478B 2805B|   0     0 | 100   118 |01-12 09:54:47
 34   0  66   0   0   0|   0     0 |   0     0 |   0     0 |  82   106 |01-12 09:54:48
 34   0  66   0   0   0|   0    20k|2785B 5784B|   0     0 | 119   227 |01-12 09:54:49
 34   0  66   0   0   0|   0     0 |5478B 2805B|   0     0 | 118   114 |01-12 09:54:50
 34   0  66   0   0   0|   0     0 |   0     0 |   0     0 | 113   141 |01-12 09:54:51
 34   0  66   0   0   0|   0     0 |2111B 2703B|   0     0 | 150   254 |01-12 09:54:52
 34   0  66   0   0   0|   0     0 |5478B 2805B|   0     0 | 108   141 |01-12 09:54:53
 34   0  66   0   0   0|   0     0 |   0     0 |   0     0 |  91    84 |01-12 09:54:54
 34   0  66   0   0   0|   0     0 |   0     0 |   0     0 |  79    80 |01-12 09:54:55
 34   0  66   0   0   0|   0     0 |5478B 2805B|   0     0 | 105   176 |01-12 09:54:56
 34   0  66   0   0   0|   0     0 |2111B 2769B|   0     0 | 157   259 |01-12 09:54:57
 34   0  66   0   0   0|   0     0 |   0     0 |   0     0 | 100    95 |01-12 09:54:58
 34   0  66   0   0   0|   0    24k|5478B 2805B|   0     0 |  92   122 |01-12 09:54:59
 34   0  66   0   0   0|   0     0 |   0     0 |   0     0 |  80    80 |01-12 09:55:00
 34   0  66   0   0   0|   0     0 |   0     0 |   0     0 | 107   181 |01-12 09:55:01
 34   0  66   0   0   0|   0     0 |5478B 2805B|   0     0 | 100   169 |01-12 09:55:02
 34   0  66   0   0   0|   0    92k|1895B 2519B|   0     0 | 118   188 |01-12 09:55:03
 34   0  66   0   0   0|   0     0 | 348B  184B|   0     0 | 113   166 |01-12 09:55:04
 34   0  66   0   0   0|   0     0 |5900B 3517B|   0     0 |  91   140 |01-12 09:55:05
 34   0  66   0   0   0|   0     0 |   0     0 |   0     0 | 104   139 |01-12 09:55:06
 34   0  66   0   0   0|   0     0 |   0     0 |   0     0 |  81    83 |01-12 09:55:07
 34   0  66   0   0   0|   0     0 |5478B 2805B|   0     0 |  90   127 |01-12 09:55:08
 34   0  65   0   0   0|   0     0 |2127B 2703B|   0     0 | 146   272 |01-12 09:55:09
 34   0  66   0   0   0|   0     0 |   0     0 |   0     0 |  91    86 |01-12 09:55:10
 35   0  65   0   0   0|   0     0 |5478B 2805B|   0     0 | 127   184 |01-12 09:55:11
 34   0  66   0   0   0|   0     0 |   0     0 |   0     0 |  80    94 |01-12 09:55:12
 34   0  66   0   0   0|   0     0 |   0     0 |   0     0 |  76   103 |01-12 09:55:13
 34   0  66   0   0   0|   0     0 |5478B 2805B|   0     0 |  84   107 |01-12 09:55:14
 34   0  66   0   0   0|   0  4096B|2111B 2769B|   0     0 | 170   292 |01-12 09:55:15
 34   0  66   0   0   0|   0     0 |   0     0 |   0     0 | 101   161 |01-12 09:55:16
 34   0  66   0   0   0|   0     0 |5224B 2739B|   0     0 |  84   116 |01-12 09:55:17
 34   0  66   0   0   0|   0     0 | 254B   66B|   0     0 |  88   105 |01-12 09:55:18
 34   0  66   0   0   0|   0     0 |   0     0 |   0     0 |  77    78 |01-12 09:55:19
 34   0  66   0   0   0|   0    20k|   0     0 |   0     0 |  78    82 |01-12 09:55:20
 34   0  66   0   0   0|   0     0 |7589B 5574B|   0     0 | 191   371 |01-12 09:55:21
 34   0  66   0   0   0|   0     0 |   0     0 |   0     0 |  86    99 |01-12 09:55:22
 34   0  66   0   0   0|   0     0 |   0     0 |   0     0 | 101   126 |01-12 09:55:23
 34   0  66   0   0   0|   0     0 |5478B 2805B|   0     0 |  96   136 |01-12 09:55:24
 34   0  66   0   0   0|   0     0 |   0     0 |   0     0 |  92   136 |01-12 09:55:25
 34   0  66   0   0   0|   0     0 |   0     0 |   0     0 | 132   149 |01-12 09:55:26
 34   0  65   0   0   0|   0     0 |7589B 5508B|   0     0 | 149   272 |01-12 09:55:27
 34   0  66   0   0   0|   0     0 |   0     0 |   0     0 | 103   137 |01-12 09:55:28
 34   0  66   0   0   0|   0     0 | 102B  192B|   0     0 |  81   120 |01-12 09:55:29
 33   0  67   0   0   0|   0    12k|5478B 2805B|   0     0 | 105   145 |01-12 09:55:30
 33   0  67   0   0   0|   0     0 |   0     0 |   0     0 | 100   142 |01-12 09:55:31
 33   0  67   0   0   0|   0     0 |   0     0 |   0     0 |  90   122 |01-12 09:55:32
 34   0  65   2   0   0|   0    56k|7605B 5574B|   0     0 | 162   330 |01-12 09:55:33
 33   0  67   0   0   0|   0     0 |   0     0 |   0     0 |  84   113 |01-12 09:55:34
 34   0  66   0   0   0|   0    76k|   0     0 |   0     0 | 104   209 |01-12 09:55:35
 34   0  66   0   0   0|   0     0 |5478B 2805B|   0     0 | 127   165 |01-12 09:55:36
 33   0  67   0   0   0|   0     0 |   0     0 |   0     0 |  82   113 |01-12 09:55:37
 33   0  67   0   0   0|   0     0 |   0     0 |   0     0 |  85   116 |01-12 09:55:38
 33   0  66   0   0   0|   0     0 |7589B 5508B|   0     0 | 152   284 |01-12 09:55:39
 33   0  67   0   0   0|   0     0 |   0     0 |   0     0 |  85    81 |01-12 09:55:40
 33   0  67   0   0   0|   0     0 |   0     0 |   0     0 | 103   150 |01-12 09:55:41
 33   0  66   0   0   0|   0     0 |5478B 2805B|   0     0 |  93   144 |01-12 09:55:42
 33   0  67   0   0   0|   0     0 |   0     0 |   0     0 |  81   110 |01-12 09:55:43
 33   0  67   0   0   0|   0     0 |   0     0 |   0     0 |  85    98 |01-12 09:55:44
 33   0  66   0   0   0|   0  8192B|7589B 5508B|   0     0 | 155   290 |01-12 09:55:45
 33   0  67   0   0   0|   0     0 |   0     0 |   0     0 | 100   153 |01-12 09:55:46
 33   0  67   0   0   0|   0     0 |   0     0 |   0     0 |  78    95 |01-12 09:55:47
 33   0  67   0   0   0|   0     0 |5478B 2805B|   0     0 |  80   116 |01-12 09:55:48
 33   0  67   0   0   0|   0     0 |2683B 5592B|   0     0 | 155   235 |01-12 09:55:49
 34   0  66   0   0   0|   0     0 | 242B  373B|   0     0 |  91   121 |01-12 09:55:50
 34   0  66   0   0   0|   0    20k|7551B 5519B|   0     0 | 186   372 |01-12 09:55:51
 34   0  66   0   0   0|   0     0 |   0     0 |   0     0 |  84   114 |01-12 09:55:52
 34   0  66   0   0   0|   0     0 |   0     0 |   0     0 |  83   116 |01-12 09:55:53
 34   0  66   0   0   0|   0     0 |5478B 2805B|   0     0 |  98   130 |01-12 09:55:54
 34   0  66   0   0   0|   0     0 |   0     0 |   0     0 |  87   126 |01-12 09:55:55
 34   0  66   0   0   0|   0     0 |   0     0 |   0     0 | 105   171 |01-12 09:55:56
 35   0  65   0   0   0|   0     0 |7605B 5574B|   0     0 | 179   307 |01-12 09:55:57
 34   0  66   0   0   0|   0     0 |   0     0 |   0     0 |  80    94 |01-12 09:55:58
 33   0  66   0   0   0|   0     0 |   0     0 |   0     0 |  86   104 |01-12 09:55:59
 34   0  66   0   0   0|   0     0 |5478B 2805B|   0     0 |  90   128 |01-12 09:56:00
 34   0  66   0   0   0|   0    16k|   0     0 |   0     0 | 108   176 |01-12 09:56:01
 34   0  66   0   0   0|   0     0 |  74B   74B|   0     0 |  96   111 |01-12 09:56:02
 34   0  65   1   0   0|   0    88k|7531B 5500B|   0     0 | 164   336 |01-12 09:56:03
 34   0  66   0   0   0|   0     0 | 102B  192B|   0     0 | 105   108 |01-12 09:56:04
 34   0  66   0   0   0|   0     0 |   0     0 |   0     0 |  92   123 |01-12 09:56:05
 34   0  66   0   0   0|   0     0 |5900B 3517B|   0     0 | 126   192 |01-12 09:56:06
 33   0  67   0   0   0|   0     0 |   0     0 |   0     0 |  86    98 |01-12 09:56:07
 34   0  66   0   0   0|   0     0 | 140B   74B|   0     0 |  84   111 |01-12 09:56:08
 34   0  65   0   0   0|   0     0 |7449B 5434B|   0     0 | 166   313 |01-12 09:56:09
 33   0  66   0   0   0|   0     0 |   0     0 |   0     0 |  82   106 |01-12 09:56:10
 34   0  66   0   0   0|   0  8192B|   0     0 |   0     0 | 109   148 |01-12 09:56:11
 34   0  66   0   0   0|   0     0 |5478B 2805B|   0     0 |  92   129 |01-12 09:56:12
 33   0  67   0   0   0|   0     0 |   0     0 |   0     0 | 101   114 |01-12 09:56:13
 34   0  66   0   0   0|   0     0 |1009B 1289B|   0     0 |  95   140 |01-12 09:56:14
 34   0  65   0   0   0|   0     0 |6580B 4219B|   0     0 | 148   244 |01-12 09:56:15
 34   0  66   0   0   0|   0     0 |   0     0 |   0     0 |  97   160 |01-12 09:56:16
 34   0  66   0   0   0|   0     0 |   0     0 |   0     0 |  85   121 |01-12 09:56:17
 34   0  66   0   0   0|   0     0 |5478B 2805B|   0     0 | 100   145 |01-12 09:56:18
 34   0  66   0   0   0|   0     0 |   0     0 |   0     0 |  85   108 |01-12 09:56:19
 34   0  66   0   0   0|   0     0 |1561B 2269B|   0     0 | 100   136 |01-12 09:56:20
 34   0  66   0   0   0|   0    20k|6028B 3239B|   0     0 | 164   308 |01-12 09:56:21
 33   0  67   0   0   0|   0     0 | 168B  192B|   0     0 |  81   105 |01-12 09:56:22
 33   0  67   0   0   0|   0     0 |   0     0 |   0     0 |  84   103 |01-12 09:56:23
 34   0  66   0   0   0|   0     0 |5478B 2805B|   0     0 |  91   137 |01-12 09:56:24
 34   0  66   0   0   0|   0     0 |   0     0 |   0     0 |  90   124 |01-12 09:56:25
 34   0  66   0   0   0|   0  8192B|2111B 2769B|   0     0 | 159   300 |01-12 09:56:26
 34   0  66   0   0   0|   0     0 |5478B 2805B|   0     0 |  89   149 |01-12 09:56:27
 34   0  66   0   0   0|   0     0 |   0     0 |   0     0 |  85   105 |01-12 09:56:28
 34   0  66   0   0   0|   0     0 |   0     0 |   0     0 |  84   116 |01-12 09:56:29
 34   0  66   0   0   0|   0     0 |5478B 2805B|   0     0 |  98   127 |01-12 09:56:30
 33   0  66   0   0   0|   0     0 |   0     0 |   0     0 | 117   170 |01-12 09:56:31
 34   0  66   0   0   0|   0    12k|2111B 2769B|   0     0 | 145   234 |01-12 09:56:32
 33   0  66   1   0   0|   0    60k|5478B 2805B|   0     0 |  99   159 |01-12 09:56:33
 34   0  66   0   0   0|   0     0 |   0     0 |   0     0 |  99   109 |01-12 09:56:34
 34   0  66   0   0   0|   0     0 |   0     0 |   0     0 |  81   101 |01-12 09:56:35
 34   0  66   0   0   0|   0     0 |5224B 2739B|   0     0 | 135   184 |01-12 09:56:36
 34   0  66   0   0   0|   0    72k| 254B   66B|   0     0 |  97   136 |01-12 09:56:37
 34   0  66   0   0   0|   0     0 |1495B 2401B|   0     0 |  95   131 |01-12 09:56:38
 33   0  67   0   0   0|   0     0 | 550B  368B|   0     0 | 133   198 |01-12 09:56:39
 34   0  66   0   0   0|   0     0 |5478B 2805B|   0     0 | 102   133 |01-12 09:56:40
 34   0  66   0   0   0|   0     0 |   0     0 |   0     0 | 109   158 |01-12 09:56:41
 34   0  66   0   0   0|   0     0 |   0     0 |   0     0 |  93   132 |01-12 09:56:42
 34   0  66   0   0   0|   0     0 |5478B 2805B|   0     0 |  96   133 |01-12 09:56:43
 34   0  66   0   0   0|   0     0 | 206B  181B|   0     0 |  88   112 |01-12 09:56:44
 34   0  66   0   0   0|   0     0 |1905B 2588B|   0     0 | 142   255 |01-12 09:56:45
 34   0  66   0   0   0|   0     0 |5478B 2805B|   0     0 | 143   193 |01-12 09:56:46
 34   0  66   0   0   0|   0  8192B|   0     0 |   0     0 |  82    95 |01-12 09:56:47
 34   0  66   0   0   0|   0     0 |   0     0 |   0     0 |  83   107 |01-12 09:56:48
 34   0  65   0   0   0|   0     0 |8263B 8589B|   0     0 | 137   261 |01-12 09:56:49
 34   0  66   0   0   0|   0     0 |2045B 2703B|   0     0 | 148   258 |01-12 09:56:50
 34   0  66   0   0   0|   0     0 |1716B 4222B|   0     0 | 168   291 |01-12 09:56:51
 34   0  66   0   0   0|   0     0 |6710B 6049B|   0     0 | 132   239 |01-12 09:56:52
 34   0  66   0   0   0|   0     0 |2076B 7074B|   0     0 | 145   268 |01-12 09:56:53
 34   0  66   0   0   0|   0     0 | 682B 1054B|   0     0 | 108   172 |01-12 09:56:54
 33   0  67   0   0   0|   0     0 |5478B 2805B|   0     0 |  96   123 |01-12 09:56:55
 34   0  66   0   0   0|   0     0 |2111B 2769B|   0     0 | 146   283 |01-12 09:56:56
 33   0  67   0   0   0|   0    20k| 168B  142B|   0     0 |  89   143 |01-12 09:56:57
 33   0  66   0   0   0|   0   112k|6012B 3595B|   0     0 | 117   204 |01-12 09:56:58
 33   0  67   0   0   0|   0     0 |   0     0 |   0     0 |  82   107 |01-12 09:56:59
 33   0  67   0   0   0|   0     0 |   0     0 |   0     0 |  81    96 |01-12 09:57:00
 33   0  66   0   0   0|   0     0 |5478B 2805B|   0     0 | 111   205 |01-12 09:57:01
 33   0  66   0   0   0|   0  8192B|2111B 2769B|   0     0 | 169   271 |01-12 09:57:02
 33   0  67   0   0   0|   0     0 |   0     0 |   0     0 |  96   105 |01-12 09:57:03
 33   0  67   0   0   0|   0     0 |5478B 2805B|   0     0 |  88   139 |01-12 09:57:04
 33   0  67   0   0   0|   0     0 |   0     0 |   0     0 |  85   104 |01-12 09:57:05
 33   0  67   0   0   0|   0     0 |   0     0 |   0     0 |  95   138 |01-12 09:57:06
 33   0  66   0   0   0|   0  4096B|5900B 3517B|   0     0 |  92   140 |01-12 09:57:07
 33   0  67   0   0   0|   0     0 |2045B 2769B|   0     0 | 139   250 |01-12 09:57:08
 33   0  67   0   0   0|   0     0 |   0     0 |   0     0 |  87    99 |01-12 09:57:09
 33   0  66   0   0   0|   0     0 |5478B 2805B|   0     0 |  91   142 |01-12 09:57:10
 34   0  66   0   0   0|   0     0 |   0     0 |   0     0 |  94   141 |01-12 09:57:11
 33   0  67   0   0   0|   0     0 |   0     0 |   0     0 |  92   118 |01-12 09:57:12
 33   0  67   0   0   0|   0     0 |5478B 2805B|   0     0 |  89   141 |01-12 09:57:13
 33   0  66   0   0   0|   0     0 |2111B 2703B|   0     0 | 141   252 |01-12 09:57:14
 33   0  67   0   0   0|   0     0 |   0     0 |   0     0 |  96   103 |01-12 09:57:15
 34   0  66   0   0   0|   0     0 |5478B 2805B|   0     0 | 117   191 |01-12 09:57:16
 34   0  66   0   0   0|   0     0 |   0     0 |   0     0 |  98   126 |01-12 09:57:17
 34   0  66   0   0   0|   0     0 |   0     0 |   0     0 |  86   101 |01-12 09:57:18
 34   0  66   0   0   0|   0     0 |5773B 4094B|   0     0 |  98   164 |01-12 09:57:19
 34   0  66   0   0   0|   0     0 |1832B 1414B|   0     0 | 127   213 |01-12 09:57:20
 34   0  66   0   0   0|   0     0 |   0     0 |   0     0 | 106   160 |01-12 09:57:21
 34   0  66   0   0   0|   0     0 |5478B 2805B|   0     0 |  92   149 |01-12 09:57:22
 34   0  66   0   0   0|   0  4096B|   0     0 |   0     0 |  83   100 |01-12 09:57:23
 34   0  66   0   0   0|   0     0 |   0     0 |   0     0 |  76    83 |01-12 09:57:24
 34   0  66   0   0   0|   0     0 |7589B 5508B|   0     0 | 144   267 |01-12 09:57:25
 34   0  66   0   0   0|   0     0 |   0     0 |   0     0 | 112   180 |01-12 09:57:26
 33   0  66   0   0   0|   0     0 |   0     0 |   0     0 |  83   104 |01-12 09:57:27
 34   0  65   1   0   0|   0   176k|5478B 2805B|   0     0 | 105   152 |01-12 09:57:28
 34   0  66   0   0   0|   0     0 |   0     0 |   0     0 |  82   104 |01-12 09:57:29
 34   0  66   0   0   0|   0     0 | 102B  192B|   0     0 |  81    92 |01-12 09:57:30
 34   0  66   0   0   0|   0     0 |7589B 5508B|   0     0 | 154   316 |01-12 09:57:31
 34   0  66   0   0   0|   0     0 |   0     0 |   0     0 |  89    91 |01-12 09:57:32
 34   0  66   0   0   0|   0    16k|   0     0 |   0     0 |  87   126 |01-12 09:57:33
 34   0  66   0   0   0|   0     0 |5478B 2805B|   0     0 | 114   159 |01-12 09:57:34
 34   0  66   0   0   0|   0     0 |   0     0 |   0     0 |  95   140 |01-12 09:57:35
 34   0  66   0   0   0|   0     0 |   0     0 |   0     0 | 111   157 |01-12 09:57:36
 34   0  66   0   0   0|   0     0 |7589B 5574B|   0     0 | 144   306 |01-12 09:57:37
 34   0  66   0   0   0|   0  8192B|   0     0 |   0     0 |  81    82 |01-12 09:57:38
 33   0  67   0   0   0|   0     0 |   0     0 |   0     0 |  83    91 |01-12 09:57:39
 34   0  66   0   0   0|   0     0 |5478B 2805B|   0     0 | 101   126 |01-12 09:57:40
 34   0  66   0   0   0|   0     0 |   0     0 |   0     0 | 108   188 |01-12 09:57:41
 34   0  65   0   0   0|   0     0 |2111B 2769B|   0     0 | 166   247 |01-12 09:57:42
 34   0  66   0   0   0|   0     0 |5478B 2805B|   0     0 | 111   152 |01-12 09:57:43
 34   0  66   0   0   0|   0     0 |   0     0 |   0     0 |  81    86 |01-12 09:57:44
 34   0  66   0   0   0|   0     0 |   0     0 |   0     0 |  83   119 |01-12 09:57:45
 34   0  66   0   0   0|   0     0 |5478B 2805B|   0     0 | 130   198 |01-12 09:57:46
 34   0  66   0   0   0|   0     0 |   0     0 |   0     0 |  87    93 |01-12 09:57:47
 34   0  66   0   0   0|   0     0 |2045B 2769B|   0     0 | 163   271 |01-12 09:57:48
 34   0  65   0   0   0|   0     0 |8227B 8916B|   0     0 | 146   250 |01-12 09:57:49
 34   0  66   0   0   0|   0     0 | 102B  192B|   0     0 |  95   106 |01-12 09:57:50
 34   0  66   0   0   0|   0     0 | 102B  192B|   0     0 | 103   161 |01-12 09:57:51
 34   0  66   0   0   0|   0     0 |5478B 2805B|   0     0 |  97   164 |01-12 09:57:52
 34   0  66   0   0   0|   0     0 |   0     0 |   0     0 |  90   125 |01-12 09:57:53
 34   0  66   0   0   0|   0     0 |2045B 2769B|   0     0 | 152   238 |01-12 09:57:54
 34   0  66   0   0   0|   0     0 |5478B 2805B|   0     0 |  90   131 |01-12 09:57:55
 34   0  66   0   0   0|   0     0 |   0     0 |   0     0 | 103   141 |01-12 09:57:56
 34   0  66   0   0   0|   0     0 |   0     0 |   0     0 |  98   140 |01-12 09:57:57
 34   0  65   1   0   0|   0    76k|5478B 2805B|   0     0 |  91   147 |01-12 09:57:58
 34   0  66   0   0   0|   0   108k|   0     0 |   0     0 |  92   111 |01-12 09:57:59
 34   0  66   0   0   0|   0     0 |2111B 2703B|   0     0 | 161   268 |01-12 09:58:00
 34   0  66   0   0   0|   0     0 |5224B 2739B|   0     0 | 100   206 |01-12 09:58:01
 34   0  66   0   0   0|   0     0 | 254B   66B|   0     0 | 106   136 |01-12 09:58:02
 34   0  66   0   0   0|   0     0 |   0     0 |   0     0 |  84    91 |01-12 09:58:03
 34   0  66   0   0   0|   0  8192B| 102B  192B|   0     0 |  82   119 |01-12 09:58:04
 34   0  66   0   0   0|   0     0 |5478B 2805B|   0     0 | 103   143 |01-12 09:58:05
 34   0  66   0   0   0|   0     0 |2111B 2769B|   0     0 | 149   279 |01-12 09:58:06
 34   0  66   0   0   0|   0     0 |   0     0 |   0     0 |  96   125 |01-12 09:58:07
 34   0  66   0   0   0|   0     0 |5900B 3517B|   0     0 | 103   147 |01-12 09:58:08
 34   0  66   0   0   0|   0    12k|   0     0 |   0     0 |  80   120 |01-12 09:58:09
 34   0  66   0   0   0|   0     0 |   0     0 |   0     0 |  86    88 |01-12 09:58:10
 34   0  66   0   0   0|   0     0 |5478B 2805B|   0     0 | 110   186 |01-12 09:58:11
 34   0  66   0   0   0|   0     0 |2045B 2769B|   0     0 | 152   270 |01-12 09:58:12
 34   0  66   0   0   0|   0     0 |   0     0 |   0     0 |  83   108 |01-12 09:58:13
 34   0  66   0   0   0|   0     0 |5478B 2805B|   0     0 |  84   116 |01-12 09:58:14
 34   0  66   0   0   0|   0     0 |   0     0 |   0     0 |  79    80 |01-12 09:58:15
 34   0  66   0   0   0|   0     0 |   0     0 |   0     0 |  96   132 |01-12 09:58:16
 34   0  66   0   0   0|   0     0 |5478B 2805B|   0     0 |  88   143 |01-12 09:58:17
 34   0  65   0   0   0|   0     0 |2045B 2769B|   0     0 | 162   279 |01-12 09:58:18
 34   0  66   0   0   0|   0     0 |   0     0 |   0     0 |  94   115 |01-12 09:58:19
 34   0  66   0   0   0|   0     0 |5478B 2805B|   0     0 |  95   154 |01-12 09:58:20
 33   0  67   0   0   0|   0     0 |   0     0 |   0     0 | 101   174 |01-12 09:58:21
 33   0  67   0   0   0|   0     0 |   0     0 |   0     0 | 102   115 |01-12 09:58:22
 33   0  67   0   0   0|   0     0 |5478B 2805B|   0     0 |  93   133 |01-12 09:58:23
 33   0  66   0   0   0|   0     0 |2111B 2769B|   0     0 | 157   267 |01-12 09:58:24
 33   0  67   0   0   0|   0     0 |   0     0 |   0     0 |  89   123 |01-12 09:58:25
 33   0  66   0   0   0|   0     0 |5478B 2805B|   0     0 | 106   185 |01-12 09:58:26
 33   0  67   0   0   0|   0     0 |   0     0 |   0     0 |  93   114 |01-12 09:58:27
 33   0  67   0   0   0|   0     0 |   0     0 |   0     0 |  82    99 |01-12 09:58:28
 33   0  66   1   0   0|   0    68k|5478B 2805B|   0     0 |  95   152 |01-12 09:58:29
 33   0  66   0   0   0|   0     0 |2111B 2769B|   0     0 | 138   262 |01-12 09:58:30
 33   0  67   0   0   0|   0     0 |   0     0 |   0     0 |  90   142 |01-12 09:58:31
 34   0  66   0   0   0|   0     0 |5478B 2805B|   0     0 |  98   147 |01-12 09:58:32
 33   0  67   0   0   0|   0     0 |   0     0 |   0     0 |  78   104 |01-12 09:58:33
 33   0  67   0   0   0|   0    20k|   0     0 |   0     0 |  99   134 |01-12 09:58:34
 33   0  67   0   0   0|   0     0 |5478B 2805B|   0     0 | 112   246 |01-12 09:58:35
 33   0  66   0   0   0|   0     0 |2111B 2703B|   0     0 | 168   315 |01-12 09:58:36
 33   0  67   0   0   0|   0     0 |   0     0 |   0     0 |  90   116 |01-12 09:58:37
 33   0  67   0   0   0|   0     0 |5478B 2805B|   0     0 |  88   120 |01-12 09:58:38
 33   0  67   0   0   0|   0     0 |   0     0 |   0     0 |  83   100 |01-12 09:58:39
 33   0  67   0   0   0|   0     0 |   0     0 |   0     0 |  81   106 |01-12 09:58:40
 34   0  66   0   0   0|   0     0 |5478B 2805B|   0     0 | 105   176 |01-12 09:58:41
 34   0  66   0   0   0|   0     0 |2111B 2769B|   0     0 | 162   298 |01-12 09:58:42
 34   0  66   0   0   0|   0     0 |   0     0 |   0     0 |  86    92 |01-12 09:58:43
 34   0  66   0   0   0|   0     0 |5478B 2805B|   0     0 |  91   156 |01-12 09:58:44
 34   0  66   0   0   0|   0    16k|   0     0 |   0     0 |  88   112 |01-12 09:58:45
 34   0  66   0   0   0|   0     0 |   0     0 |   0     0 |  85    95 |01-12 09:58:46
 34   0  65   0   0   0|   0     0 |7589B 5574B|   0     0 | 201   329 |01-12 09:58:47
 34   0  66   0   0   0|   0     0 |   0     0 |   0     0 |  91    98 |01-12 09:58:48
 34   0  66   0   0   0|   0     0 |2352B 2546B|   0     0 | 119   216 |01-12 09:58:49
 34   0  66   0   0   0|   0     0 |5478B 2805B|   0     0 | 100   152 |01-12 09:58:50
 34   0  66   0   0   0|   0     0 |   0     0 |   0     0 |  81    90 |01-12 09:58:51
 34   0  66   0   0   0|   0     0 |   0     0 |   0     0 | 105   153 |01-12 09:58:52
 35   0  65   0   0   0|   0     0 |7539B 5574B|   0     0 | 158   305 |01-12 09:58:53
 34   0  66   0   0   0|   0     0 |   0     0 |   0     0 |  88   121 |01-12 09:58:54
 34   0  66   0   0   0|   0     0 |   0     0 |   0     0 |  83    99 |01-12 09:58:55
 34   0  66   0   0   0|   0     0 |5478B 2805B|   0     0 |  89   136 |01-12 09:58:56
 34   0  66   0   0   0|   0     0 |   0     0 |   0     0 | 116   188 |01-12 09:58:57
 34   0  66   0   0   0|   0     0 | 168B  192B|   0     0 |  87   114 |01-12 09:58:58
 34   0  66   0   0   0|   0    68k|7589B 5508B|   0     0 | 152   322 |01-12 09:58:59
 34   0  66   0   0   0|   0    48k|   0     0 |   0     0 |  86   111 |01-12 09:59:00
 34   0  66   0   0   0|   0     0 |   0     0 |   0     0 |  88   138 |01-12 09:59:01
 34   0  66   0   0   0|   0     0 |5478B 2805B|   0     0 | 127   196 |01-12 09:59:02
 34   0  66   0   0   0|   0     0 |   0     0 |   0     0 |  83    89 |01-12 09:59:03
 34   0  66   0   0   0|   0     0 |   0     0 |   0     0 | 107   111 |01-12 09:59:04
 34   0  66   0   0   0|   0    28k|7589B 5574B|   0     0 | 139   288 |01-12 09:59:05
 34   0  66   0   0   0|   0     0 |   0     0 |   0     0 |  76    82 |01-12 09:59:06
 34   0  66   0   0   0|   0     0 |   0     0 |   0     0 | 102   163 |01-12 09:59:07
 34   0  66   0   0   0|   0     0 |5900B 3517B|   0     0 |  93   154 |01-12 09:59:08
 34   0  66   0   0   0|   0     0 | 504B  372B|   0     0 |  94   156 |01-12 09:59:09
 34   0  66   0   0   0|   0  8192B| 565B 1493B|   0     0 | 100   155 |01-12 09:59:10
 34   0  66   0   0   0|   0     0 |7696B 4431B|   0     0 | 180   350 |01-12 09:59:11
 34   0  65   0   0   0|   0     0 | 504B  314B|   0     0 | 157   265 |01-12 09:59:12
 34   0  66   0   0   0|   0     0 | 672B  408B|   0     0 | 100   153 |01-12 09:59:13
 34   0  66   0   0   0|   0     0 |5646B 2923B|   0     0 | 154   228 |01-12 09:59:14
 34   0  66   0   0   0|   0  4096B| 168B  102B|   0     0 |  85   101 |01-12 09:59:15
 34   0  65   0   0   0|   0     0 |2517B 2951B|   0     0 | 197   350 |01-12 09:59:16
 34   1  65   0   0   0|   0     0 |6570B 3601B|   0     0 | 238   477 |01-12 09:59:17
 34   0  66   0   0   0|   0     0 | 336B  204B|   0     0 | 141   202 |01-12 09:59:18
 34   0  65   0   0   0|   0     0 | 300B  698B|   0     0 | 126   197 |01-12 09:59:19
 34   0  66   0   0   0|   0  4096B|5814B 3017B|   0     0 | 139   230 |01-12 09:59:20
 34   0  65   0   0   0|   0     0 | 336B  220B|   0     0 | 125   224 |01-12 09:59:21
 34   0  65   0   0   0|   0     0 |2513B 2989B|   0     0 | 230   391 |01-12 09:59:22
 34   0  66   0   0   0|   0     0 |5478B 2805B|   0     0 |  96   121 |01-12 09:59:23
 35   0  64   0   0   0|   0     0 | 582B  482B|   0     0 | 174   280 |01-12 09:59:24
 34   0  66   0   0   0|   0     0 |   0     0 |   0     0 |  95   122 |01-12 09:59:25
 34   0  66   0   0   0|   0     0 |5982B 3185B|   0     0 | 147   253 |01-12 09:59:26
 34   0  65   0   0   0|   0     0 | 438B  204B|   0     0 | 141   221 |01-12 09:59:27
 34   0  66   0   0   0|   0     0 |2513B 3083B|   0     0 | 210   371 |01-12 09:59:28
 34   0  65   0   0   0|   0    64k|5728B 3053B|   0     0 | 136   259 |01-12 09:59:29
 35   0  65   0   0   0|   0     0 |1196B  776B|   0     0 | 183   317 |01-12 09:59:30
 34   0  65   0   0   0|   0     0 | 672B  424B|   0     0 | 173   287 |01-12 09:59:31
 34   0  65   0   0   0|   0     0 | 468B  964B|   0     0 | 194   335 |01-12 09:59:32
 34   0  66   0   0   0|   0     0 |5478B 2805B|   0     0 | 101   135 |01-12 09:59:33
 34   0  66   0   0   0|   0     0 |2381B 2907B|   0     0 | 157   274 |01-12 09:59:34
 36   0  64   0   0   0|   0     0 | 918B 4014B|   0     0 | 183   306 |01-12 09:59:35
 34   0  66   0   0   0|   0    36k|5478B 2805B|   0     0 | 100   126 |01-12 09:59:36
 34   0  66   0   0   0|   0     0 |   0     0 |   0     0 | 108   205 |01-12 09:59:37
 34   0  66   0   0   0|   0     0 |   0     0 |   0     0 |  85   104 |01-12 09:59:38
 34   0  65   0   0   0|   0     0 |7157B 5390B|   0     0 | 110   184 |01-12 09:59:39
 34   0  66   0   0   0|   0     0 | 432B  184B|   0     0 | 132   199 |01-12 09:59:40
 34   0  66   0   0   0|   0  8192B|   0     0 |   0     0 |  88   125 |01-12 09:59:41
 34   0  66   0   0   0|   0     0 |5478B 2805B|   0     0 | 105   183 |01-12 09:59:42
 34   0  66   0   0   0|   0     0 |   0     0 |   0     0 |  80    79 |01-12 09:59:43
 34   0  66   0   0   0|   0     0 |   0     0 |   0     0 |  78    74 |01-12 09:59:44
 34   0  66   0   0   0|   0     0 |7589B 5574B|   0     0 | 157   280 |01-12 09:59:45
 33   0  67   0   0   0|   0  8192B|   0     0 |   0     0 | 101   115 |01-12 09:59:46
 33   0  66   0   0   0|   0     0 |   0     0 |   0     0 | 100   156 |01-12 09:59:47
 33   0  67   0   0   0|   0     0 |5478B 2805B|   0     0 |  93   142 |01-12 09:59:48
 33   0  66   0   0   0|   0     0 |2250B 2354B|   0     0 | 122   214 |01-12 09:59:49
 33   0  67   0   0   0|   0     0 | 102B  192B|   0     0 |  89   105 |01-12 09:59:50
 34   0  66   0   0   0|   0     0 |7691B 5766B|   0     0 | 159   306 |01-12 09:59:51
 33   0  66   0   0   0|   0     0 |   0     0 |   0     0 | 106   165 |01-12 09:59:52
 33   0  67   0   0   0|   0     0 |   0     0 |   0     0 |  74    91 |01-12 09:59:53
 34   0  66   0   0   0|   0     0 |5478B 2805B|   0     0 |  95   141 |01-12 09:59:54
 33   0  67   0   0   0|   0     0 |   0     0 |   0     0 |  83   114 |01-12 09:59:55
 33   0  67   0   0   0|   0  8192B|   0     0 |   0     0 |  82    90 |01-12 09:59:56
 34   0  66   0   0   0|   0     0 |7589B 5574B|   0     0 | 169   345 |01-12 09:59:57
 33   0  67   0   0   0|   0     0 |   0     0 |   0     0 |  80   108 |01-12 09:59:58
 33   0  67   0   0   0|   0     0 |   0     0 |   0     0 |  84   111 |01-12 09:59:59
 33   0  67   0   0   0|   0    92k|5478B 2805B|   0     0 |  96   144 |01-12 10:00:00
 33   0  67   0   0   0|   0    80k|   0     0 |   0     0 |  78    99 |01-12 10:00:01
 33   0  67   0   0   0|   0     0 |   0     0 |   0     0 |  98   163 |01-12 10:00:02
 34   0  66   0   0   0|   0     0 |7589B 5574B|   0     0 | 145   272 |01-12 10:00:03
 33   0  67   0   0   0|   0     0 | 102B  192B|   0     0 | 103    91 |01-12 10:00:04
 33   0  67   0   0   0|   0     0 |   0     0 |   0     0 |  81   109 |01-12 10:00:05
 34   0  66   0   0   0|   0     0 |5478B 2805B|   0     0 | 112   148 |01-12 10:00:06
 34   0  66   0   0   0|   0    56k|   0     0 |   0     0 | 114   151 |01-12 10:00:07
 34   0  66   0   0   0|   0     0 |   0     0 |   0     0 |  86    93 |01-12 10:00:08
 34   0  66   0   0   0|   0     0 |8011B 6220B|   0     0 | 148   301 |01-12 10:00:09
 34   0  66   0   0   0|   0     0 |   0     0 |   0     0 |  78    82 |01-12 10:00:10
 34   0  66   0   0   0|   0     0 |   0     0 |   0     0 |  78    84 |01-12 10:00:11
 34   0  65   0   0   0|   0     0 |5478B 2805B|   0     0 | 120   198 |01-12 10:00:12
 34   0  66   0   0   0|   0     0 |   0     0 |   0     0 |  78    94 |01-12 10:00:13
 34   0  66   0   0   0|   0     0 |   0     0 |   0     0 |  75    76 |01-12 10:00:14
 34   0  66   0   0   0|   0     0 |7523B 5574B|   0     0 | 169   288 |01-12 10:00:15
 34   0  66   0   0   0|   0     0 |   0     0 |   0     0 |  92    84 |01-12 10:00:16
 34   0  65   0   0   0|   0    12k|   0     0 |   0     0 |  97   173 |01-12 10:00:17
 34   0  66   0   0   0|   0     0 |5478B 2805B|   0     0 |  94   119 |01-12 10:00:18
 34   0  66   0   0   0|   0     0 |   0     0 |   0     0 | 105    99 |01-12 10:00:19
 34   0  66   0   0   0|   0     0 |   0     0 |   0     0 |  88   114 |01-12 10:00:20
 34   0  66   0   0   0|   0     0 |7655B 5574B|   0     0 | 156   277 |01-12 10:00:21
 34   0  66   0   0   0|   0     0 |   0     0 |   0     0 | 112   176 |01-12 10:00:22
 34   0  66   0   0   0|   0     0 |   0     0 |   0     0 |  83   104 |01-12 10:00:23
 34   0  66   0   0   0|   0     0 |5478B 2805B|   0     0 | 102   141 |01-12 10:00:24
 34   0  66   0   0   0|   0     0 |   0     0 |   0     0 |  77    92 |01-12 10:00:25
 34   0  66   0   0   0|   0     0 |   0     0 |   0     0 |  77    76 |01-12 10:00:26
 34   0  66   0   0   0|   0  4096B|7523B 5574B|   0     0 | 150   341 |01-12 10:00:27
 34   0  66   0   0   0|   0     0 |   0     0 |   0     0 |  89   116 |01-12 10:00:28
 34   0  66   0   0   0|   0     0 |   0     0 |   0     0 |  85   123 |01-12 10:00:29
 34   0  66   0   0   0|   0    56k|5478B 2805B|   0     0 | 108   153 |01-12 10:00:30
 34   0  66   0   0   0|   0     0 |   0     0 |   0     0 |  90    94 |01-12 10:00:31
 34   0  66   0   0   0|   0     0 |   0     0 |   0     0 | 108   161 |01-12 10:00:32
 35   0  65   0   0   0|   0     0 |7589B 5574B|   0     0 | 164   309 |01-12 10:00:33
 34   0  66   0   0   0|   0     0 |   0     0 |   0     0 |  77    79 |01-12 10:00:34
 34   0  66   0   0   0|   0     0 |   0     0 |   0     0 |  97   168 |01-12 10:00:35
 34   0  66   0   0   0|   0     0 |5478B 2805B|   0     0 |  95   116 |01-12 10:00:36
 34   0  66   0   0   0|   0    16k|   0     0 |   0     0 | 108   158 |01-12 10:00:37
 34   0  66   0   0   0|   0     0 |   0     0 |   0     0 |  76    81 |01-12 10:00:38
 34   0  66   0   0   0|   0     0 |7589B 5574B|   0     0 | 172   305 |01-12 10:00:39
 34   0  66   0   0   0|   0     0 |   0     0 |   0     0 |  81    82 |01-12 10:00:40
 34   0  66   0   0   0|   0     0 |   0     0 |   0     0 |  83    96 |01-12 10:00:41
 34   0  65   0   0   0|   0  4096B|5478B 2805B|   0     0 | 105   192 |01-12 10:00:42
 34   0  66   0   0   0|   0  4096B|   0     0 |   0     0 |  75    89 |01-12 10:00:43
 34   0  66   0   0   0|   0     0 | 229B  247B|   0     0 | 104   105 |01-12 10:00:44
 34   0  66   0   0   0|   0     0 |7376B 5327B|   0     0 | 140   287 |01-12 10:00:45
 34   0  66   0   0   0|   0     0 |   0     0 |   0     0 |  85    89 |01-12 10:00:46
 34   0  66   0   0   0|   0     0 |   0     0 |   0     0 | 109   186 |01-12 10:00:47
 34   0  66   0   0   0|   0     0 |5478B 2805B|   0     0 |  98   127 |01-12 10:00:48
 34   1  65   0   0   0|   0     0 |2442B 2636B|   0     0 | 305   250 |01-12 10:00:49
 34   0  66   0   0   0|   0     0 |1479B 2269B|   0     0 | 121   184 |01-12 10:00:50
 34   0  66   0   0   0|   0     0 |5856B 3173B|   0     0 | 129   221 |01-12 10:00:51
 34   0  66   0   0   0|   0     0 | 254B   66B|   0     0 | 114   198 |01-12 10:00:52
 34   0  66   0   0   0|   0    12k|   0     0 |   0     0 |  81   106 |01-12 10:00:53
 34   0  66   0   0   0|   0     0 |   0     0 |   0     0 |  79    76 |01-12 10:00:54
 34   0  66   0   0   0|   0     0 |5478B 2805B|   0     0 |  99   167 |01-12 10:00:55
 34   0  66   0   0   0|   0     0 |2111B 2703B|   0     0 | 155   261 |01-12 10:00:56
 34   0  66   0   0   0|   0     0 |   0     0 |   0     0 | 118   186 |01-12 10:00:57
 34   0  66   0   0   0|   0  8192B|5478B 2805B|   0     0 | 107   117 |01-12 10:00:58
 34   0  66   0   0   0|   0     0 |   0     0 |   0     0 |  81    94 |01-12 10:00:59
 34   0  66   0   0   0|   0    60k|   0     0 |   0     0 | 102   133 |01-12 10:01:00
 34   0  66   0   0   0|   0     0 |5478B 2805B|   0     0 |  86   132 |01-12 10:01:01
 34   0  66   0   0   0|   0     0 |2111B 2703B|   0     0 | 158   284 |01-12 10:01:02
 34   0  66   0   0   0|   0    48k|   0     0 |   0     0 |  83   103 |01-12 10:01:03
 34   0  66   0   0   0|   0     0 |5478B 2805B|   0     0 |  93   124 |01-12 10:01:04
 34   0  66   0   0   0|   0     0 |   0     0 |   0     0 |  80    92 |01-12 10:01:05
 34   0  66   0   0   0|   0     0 |   0     0 |   0     0 |  77    78 |01-12 10:01:06
 34   0  66   0   0   0|   0     0 |5478B 2805B|   0     0 | 127   189 |01-12 10:01:07
 34   0  66   0   0   0|   0  8192B|2045B 2769B|   0     0 | 135   237 |01-12 10:01:08
 34   0  66   0   0   0|   0     0 |   0     0 |   0     0 | 104   158 |01-12 10:01:09
 34   0  66   0   0   0|   0     0 |5900B 3517B|   0     0 |  97   147 |01-12 10:01:10
 33   0  66   0   0   0|   0     0 |   0     0 |   0     0 |  85   110 |01-12 10:01:11
 33   0  67   0   0   0|   0     0 |   0     0 |   0     0 | 109   176 |01-12 10:01:12
 33   0  67   0   0   0|   0    24k|5478B 2805B|   0     0 |  86   142 |01-12 10:01:13
 33   0  66   0   0   0|   0     0 |2111B 2769B|   0     0 | 141   251 |01-12 10:01:14
 33   0  67   0   0   0|   0     0 |   0     0 |   0     0 |  81   106 |01-12 10:01:15
 33   0  67   0   0   0|   0     0 |5478B 2805B|   0     0 |  92   154 |01-12 10:01:16
 33   0  66   0   0   0|   0     0 |   0     0 |   0     0 | 101   181 |01-12 10:01:17
 33   0  67   0   0   0|   0     0 |   0     0 |   0     0 |  87   101 |01-12 10:01:18
 33   0  67   0   0   0|   0     0 |5478B 2805B|   0     0 |  87   139 |01-12 10:01:19
 33   0  66   0   0   0|   0     0 |2111B 2703B|   0     0 | 158   269 |01-12 10:01:20
 33   0  67   0   0   0|   0     0 |   0     0 |   0     0 |  76   100 |01-12 10:01:21
 33   0  66   0   0   0|   0     0 |5478B 2805B|   0     0 | 119   198 |01-12 10:01:22
 33   0  67   0   0   0|   0  8192B|   0     0 |   0     0 |  79    94 |01-12 10:01:23
 33   0  67   0   0   0|   0     0 |   0     0 |   0     0 |  85    78 |01-12 10:01:24
 33   0  67   0   0   0|   0     0 |5478B 2805B|   0     0 |  85   133 |01-12 10:01:25
 33   0  66   0   0   0|   0     0 |2111B 2769B|   0     0 | 149   251 |01-12 10:01:26
 33   0  67   0   0   0|   0     0 |   0     0 |   0     0 | 106   155 |01-12 10:01:27
 33   0  67   0   0   0|   0  4096B|5478B 2805B|   0     0 |  95   118 |01-12 10:01:28
 33   0  67   0   0   0|   0     0 |   0     0 |   0     0 |  85   116 |01-12 10:01:29
 33   0  67   0   0   0|   0     0 | 102B  192B|   0     0 |  92   118 |01-12 10:01:30
 33   0  67   0   0   0|   0    56k|5478B 2805B|   0     0 | 100   128 |01-12 10:01:31
 34   0  66   0   0   0|   0     0 |2111B 2769B|   0     0 | 167   327 |01-12 10:01:32
 34   0  66   0   0   0|   0     0 |   0     0 |   0     0 |  97   131 |01-12 10:01:33
 35   0  65   0   0   0|   0  4096B|5478B 2805B|   0     0 | 105   151 |01-12 10:01:34
 34   0  66   0   0   0|   0     0 | 102B  192B|   0     0 |  80    86 |01-12 10:01:35
 34   0  66   0   0   0|   0     0 |   0     0 |   0     0 |  79    80 |01-12 10:01:36
 35   0  65   0   0   0|   0     0 |6891B 5140B|   0     0 | 132   269 |01-12 10:01:37
 35   0  65   0   0   0|   0     0 | 698B  434B|   0     0 | 121   190 |01-12 10:01:38
 33   0  67   0   0   0|   0  8192B|   0     0 |   0     0 |  79    83 |01-12 10:01:39
 34   0  66   0   0   0|   0     0 |5478B 2805B|   0     0 |  93   126 |01-12 10:01:40
 35   0  65   0   0   0|   0     0 |   0     0 |   0     0 |  85   122 |01-12 10:01:41
 35   0  65   0   0   0|   0     0 |   0     0 |   0     0 | 106   182 |01-12 10:01:42
 35   0  65   0   0   0|   0     0 |7589B 5508B|   0     0 | 136   265 |01-12 10:01:43
 34   0  65   0   0   0|   0    20k|   0     0 |   0     0 |  87   112 |01-12 10:01:44
 34   0  66   0   0   0|   0     0 |   0     0 |   0     0 |  84   113 |01-12 10:01:45
 34   0  66   0   0   0|   0     0 |5478B 2805B|   0     0 |  99   146 |01-12 10:01:46
 34   0  66   0   0   0|   0     0 |   0     0 |   0     0 | 100   157 |01-12 10:01:47
 34   0  66   0   0   0|   0     0 |   0     0 |   0     0 |  95   100 |01-12 10:01:48
 35   0  64   0   0   0|   0     0 |9839B 7928B|   0     0 | 210   411 |01-12 10:01:49
 34   0  66   0   0   0|   0     0 | 102B  192B|   0     0 |  89   127 |01-12 10:01:50
 34   0  66   0   0   0|   0     0 | 102B  192B|   0     0 |  97   114 |01-12 10:01:51
 35   0  65   0   0   0|   0     0 |5478B 2805B|   0     0 | 117   200 |01-12 10:01:52
 33   0  67   0   0   0|   0     0 |   0     0 |   0     0 |  80    97 |01-12 10:01:53
 34   0  66   0   0   0|   0  8192B|   0     0 |   0     0 |  88    91 |01-12 10:01:54
 35   0  65   0   0   0|   0     0 |7605B 5508B|   0     0 | 172   267 |01-12 10:01:55
 34   0  65   0   0   0|   0     0 |   0     0 |   0     0 |  89    95 |01-12 10:01:56
 34   0  66   0   0   0|   0     0 |   0     0 |   0     0 | 117   181 |01-12 10:01:57
 35   0  65   0   0   0|   0     0 |5478B 2805B|   0     0 |  92   143 |01-12 10:01:58
 34   0  66   0   0   0|   0     0 |   0     0 |   0     0 |  83    91 |01-12 10:01:59
 34   0  66   0   0   0|   0     0 |   0     0 |   0     0 |  83    86 |01-12 10:02:00
 34   0  66   0   0   0|   0    52k|7589B 5508B|   0     0 | 163   296 |01-12 10:02:01
 34   0  66   0   0   0|   0     0 |   0     0 |   0     0 | 128   183 |01-12 10:02:02
 34   0  66   0   0   0|   0     0 |   0     0 |   0     0 |  78    86 |01-12 10:02:03
 34   0  66   0   0   0|   0    36k|5580B 2997B|   0     0 |  97   126 |01-12 10:02:04
 34   0  66   0   0   0|   0     0 |   0     0 |   0     0 |  87   128 |01-12 10:02:05
 34   0  66   0   0   0|   0     0 |   0     0 |   0     0 |  82    88 |01-12 10:02:06
 34   0  65   0   0   0|   0     0 |6973B 5140B|   0     0 | 141   249 |01-12 10:02:07
 34   0  65   0   0   0|   0     0 | 550B  434B|   0     0 | 143   199 |01-12 10:02:08
 34   0  66   0   0   0|   0    16k|   0     0 |   0     0 |  93   134 |01-12 10:02:09
 34   0  66   0   0   0|   0     0 |5552B 3385B|   0     0 | 111   152 |01-12 10:02:10
 34   0  66   0   0   0|   0     0 | 348B  132B|   0     0 |  85   104 |01-12 10:02:11
 34   0  66   0   0   0|   0     0 |   0     0 |   0     0 | 113   158 |01-12 10:02:12
 35   0  65   0   0   0|   0     0 |2061B 2769B|   0     0 | 130   233 |01-12 10:02:13
 34   0  66   0   0   0|   0     0 |5478B 2805B|   0     0 |  88   120 |01-12 10:02:14
 34   0  66   0   0   0|   0    16k|   0     0 |   0     0 |  81   105 |01-12 10:02:15
 34   0  66   0   0   0|   0     0 |   0     0 |   0     0 | 104   123 |01-12 10:02:16
 34   0  66   0   0   0|   0     0 |5478B 2805B|   0     0 | 112   197 |01-12 10:02:17
 34   0  66   0   0   0|   0     0 |   0     0 |   0     0 |  84    99 |01-12 10:02:18
 35   0  65   0   0   0|   0     0 |2111B 2703B|   0     0 | 135   246 |01-12 10:02:19
 35   0  65   0   0   0|   0     0 |5478B 2805B|   0     0 |  89   124 |01-12 10:02:20
 34   0  66   0   0   0|   0     0 |   0     0 |   0     0 |  79   111 |01-12 10:02:21
 34   0  66   0   0   0|   0     0 |   0     0 |   0     0 | 107   164 |01-12 10:02:22
 34   0  66   0   0   0|   0     0 |5478B 2805B|   0     0 | 109   138 |01-12 10:02:23
 34   0  66   0   0   0|   0     0 |   0     0 |   0     0 |  82    90 |01-12 10:02:24
 35   0  65   0   0   0|   0  4096B|2111B 2769B|   0     0 | 160   284 |01-12 10:02:25
 34   0  66   0   0   0|   0     0 |5478B 2805B|   0     0 |  85   119 |01-12 10:02:26
 34   0  66   0   0   0|   0     0 |   0     0 |   0     0 |  95   143 |01-12 10:02:27
 34   0  66   0   0   0|   0     0 |   0     0 |   0     0 |  89   109 |01-12 10:02:28
 34   0  65   0   0   0|   0     0 |5478B 2805B|   0     0 | 111   170 |01-12 10:02:29
 34   0  66   0   0   0|   0     0 |   0     0 |   0     0 |  81    86 |01-12 10:02:30
 34   0  66   0   0   0|   0    56k|2045B 2769B|   0     0 | 142   258 |01-12 10:02:31
 34   0  66   0   0   0|   0     0 |5478B 2805B|   0     0 | 118   221 |01-12 10:02:32
 34   0  66   0   0   0|   0     0 |   0     0 |   0     0 |  98   145 |01-12 10:02:33
 34   0  65   0   0   0|   0     0 |   0     0 |   0     0 |  89   110 |01-12 10:02:34
 34   0  65   0   0   0|   0     0 |5478B 2805B|   0     0 | 111   171 |01-12 10:02:35
 34   0  66   0   0   0|   0     0 |   0     0 |   0     0 |  85    98 |01-12 10:02:36
 34   0  66   0   0   0|   0     0 |2111B 2769B|   0     0 | 167   284 |01-12 10:02:37
 33   0  67   0   0   0|   0     0 |5478B 2805B|   0     0 |  87   140 |01-12 10:02:38
 33   0  67   0   0   0|   0     0 |   0     0 |   0     0 |  79   109 |01-12 10:02:39
 33   0  67   0   0   0|   0    16k|   0     0 |   0     0 |  86   116 |01-12 10:02:40
 33   0  67   0   0   0|   0     0 |5478B 2805B|   0     0 |  96   136 |01-12 10:02:41
 33   0  67   0   0   0|   0     0 |   0     0 |   0     0 |  99   156 |01-12 10:02:42
 33   0  66   0   0   0|   0     0 |2111B 2703B|   0     0 | 147   265 |01-12 10:02:43
 33   0  67   0   0   0|   0     0 |5478B 2805B|   0     0 |  96   127 |01-12 10:02:44
 33   0  67   0   0   0|   0    20k|   0     0 |   0     0 |  81   126 |01-12 10:02:45
 33   0  67   0   0   0|   0     0 |   0     0 |   0     0 |  88   102 |01-12 10:02:46
 33   0  67   0   0   0|   0     0 |5478B 2805B|   0     0 | 106   194 |01-12 10:02:47
 33   0  67   0   0   0|   0     0 |   0     0 |   0     0 |  86   104 |01-12 10:02:48
 33   0  66   0   0   0|   0     0 |4810B 8487B|   0     0 | 182   368 |01-12 10:02:49
 33   0  67   0   0   0|   0  8192B|5580B 2871B|   0     0 | 100   149 |01-12 10:02:50
 33   0  67   0   0   0|   0     0 |   0     0 |   0     0 |  87    87 |01-12 10:02:51
 33   0  66   0   0   0|   0     0 |   0     0 |   0     0 |  99   151 |01-12 10:02:52
 33   0  67   0   0   0|   0     0 |5478B 2805B|   0     0 |  93   156 |01-12 10:02:53
 33   0  67   0   0   0|   0     0 |   0     0 |   0     0 |  75    77 |01-12 10:02:54
 33   0  66   0   0   0|   0     0 |2061B 2769B|   0     0 | 146   254 |01-12 10:02:55
 33   0  67   0   0   0|   0     0 |5478B 2805B|   0     0 |  90   122 |01-12 10:02:56
 33   0  67   0   0   0|   0     0 |   0     0 |   0     0 |  94   152 |01-12 10:02:57
 33   0  67   0   0   0|   0     0 |   0     0 |   0     0 |  91    86 |01-12 10:02:58
 34   0  66   0   0   0|   0     0 |5478B 2805B|   0     0 | 113   125 |01-12 10:02:59
 34   0  66   0   0   0|   0     0 |1075B 1355B|   0     0 | 104   128 |01-12 10:03:00
 34   0  65   1   0   0|   0    92k|1052B 1414B|   0     0 | 149   249 |01-12 10:03:01
 35   0  65   0   0   0|   0     0 |5478B 2805B|   0     0 | 119   206 |01-12 10:03:02
 34   0  66   0   0   0|   0     0 |   0     0 |   0     0 |  86    89 |01-12 10:03:03
 35   0  65   0   0   0|   0     0 |   0     0 |   0     0 |  77    77 |01-12 10:03:04
 34   0  66   0   0   0|   0     0 |5478B 2805B|   0     0 |  91   141 |01-12 10:03:05
 34   0  66   0   0   0|   0    72k|1075B 1289B|   0     0 | 112   148 |01-12 10:03:06
 35   0  65   0   0   0|   0     0 |1036B 1480B|   0     0 | 171   276 |01-12 10:03:07
 34   0  66   0   0   0|   0     0 |5478B 2805B|   0     0 | 100   117 |01-12 10:03:08
 34   0  66   0   0   0|   0     0 |   0     0 |   0     0 |  76    97 |01-12 10:03:09
 34   0  66   0   0   0|   0     0 |   0     0 |   0     0 |  82    92 |01-12 10:03:10
 33   0  67   0   0   0|   0  8192B|5900B 3517B|   0     0 |  88   124 |01-12 10:03:11
 34   0  65   0   0   0|   0     0 |1075B 1289B|   0     0 | 117   206 |01-12 10:03:12
 35   0  65   0   0   0|   0     0 | 970B 1480B|   0     0 | 153   245 |01-12 10:03:13
 35   0  65   0   0   0|   0     0 |5478B 2805B|   0     0 |  92   137 |01-12 10:03:14
 34   0  66   0   0   0|   0     0 |   0     0 |   0     0 |  83    96 |01-12 10:03:15
 34   0  66   0   0   0|   0  4096B|   0     0 |   0     0 |  87    96 |01-12 10:03:16
 34   0  65   0   0   0|   0     0 |5478B 2805B|   0     0 | 117   230 |01-12 10:03:17
 34   0  66   0   0   0|   0     0 | 206B  181B|   0     0 |  99   142 |01-12 10:03:18
 34   0  66   0   0   0|   0     0 |1905B 2522B|   0     0 | 143   217 |01-12 10:03:19
 34   0  66   0   0   0|   0     0 |5478B 2805B|   0     0 |  95   146 |01-12 10:03:20
 34   0  66   0   0   0|   0    24k|   0     0 |   0     0 | 102   137 |01-12 10:03:21
 35   0  65   0   0   0|   0     0 |   0     0 |   0     0 | 104   176 |01-12 10:03:22
 34   0  66   0   0   0|   0     0 |5478B 2805B|   0     0 |  97   147 |01-12 10:03:23
 34   0  66   0   0   0|   0     0 |   0     0 |   0     0 |  80    76 |01-12 10:03:24
 34   0  66   0   0   0|   0     0 |2111B 2703B|   0     0 | 138   276 |01-12 10:03:25
 34   0  66   0   0   0|   0     0 |5478B 2805B|   0     0 |  96   122 |01-12 10:03:26
 34   0  66   0   0   0|   0     0 |   0     0 |   0     0 | 100   150 |01-12 10:03:27
 34   0  66   0   0   0|   0     0 |   0     0 |   0     0 |  97   110 |01-12 10:03:28
 35   0  65   0   0   0|   0     0 |5224B 2739B|   0     0 |  89   136 |01-12 10:03:29
 34   0  66   0   0   0|   0     0 | 356B  258B|   0     0 |  97   145 |01-12 10:03:30
 35   0  65   0   0   0|   0  8192B|2111B 2703B|   0     0 | 160   254 |01-12 10:03:31
 34   0  66   0   0   0|   0    60k|   0     0 |   0     0 | 120   169 |01-12 10:03:32
 34   0  66   0   0   0|   0     0 |5478B 2805B|   0     0 | 109   144 |01-12 10:03:33
 35   0  65   0   0   0|   0     0 |   0     0 |   0     0 | 100    95 |01-12 10:03:34
 33   0  67   0   0   0|   0     0 |   0   126B|   0     0 | 103   214 |01-12 10:03:35
 34   0  66   0   0   0|   0     0 |5580B 2871B|   0     0 | 101   131 |01-12 10:03:36
 34   0  66   0   0   0|   0     0 |2127B 2703B|   0     0 | 163   314 |01-12 10:03:37
 34   0  66   0   0   0|   0     0 |   0     0 |   0     0 |  89    92 |01-12 10:03:38
 35   0  65   0   0   0|   0     0 |5478B 2805B|   0     0 |  89   120 |01-12 10:03:39
 34   0  66   0   0   0|   0     0 |   0     0 |   0     0 | 101    80 |01-12 10:03:40
 34   0  66   0   0   0|   0     0 |   0     0 |   0     0 |  78    90 |01-12 10:03:41
 34   0  66   0   0   0|   0  8192B|6553B 4094B|   0     0 | 140   230 |01-12 10:03:42
 34   0  66   0   0   0|   0     0 |1102B 1480B|   0     0 | 137   232 |01-12 10:03:43
 34   0  66   0   0   0|   0     0 |   0     0 |   0     0 |  83    76 |01-12 10:03:44
 34   0  66   0   0   0|   0     0 |5478B 2805B|   0     0 |  86   140 |01-12 10:03:45
 35   0  65   0   0   0|   0     0 |   0     0 |   0     0 |  79    76 |01-12 10:03:46
 34   0  66   0   0   0|   0     0 |   0     0 |   0     0 |  98   144 |01-12 10:03:47
 35   0  65   0   0   0|   0     0 |6957B 5140B|   0     0 | 113   184 |01-12 10:03:48
 34   0  65   0   0   0|   0     0 |3315B 6026B|   0     0 | 126   229 |01-12 10:03:49
 34   0  66   0   0   0|   0     0 | 102B  192B|   0     0 | 127   163 |01-12 10:03:50
 34   0  66   0   0   0|   0     0 |5580B 2997B|   0     0 |  90   133 |01-12 10:03:51
 35   0  65   0   0   0|   0    24k|   0     0 |   0     0 | 100   148 |01-12 10:03:52
 34   0  66   0   0   0|   0     0 |   0     0 |   0     0 | 107   151 |01-12 10:03:53
 34   0  66   0   0   0|   0     0 |5552B 2879B|   0     0 |  94   131 |01-12 10:03:54
 35   0  65   0   0   0|   0     0 |2037B 2695B|   0     0 | 145   249 |01-12 10:03:55
 34   0  66   0   0   0|   0     0 |   0     0 |   0     0 |  78    77 |01-12 10:03:56
 34   0  66   0   0   0|   0  8192B|5478B 2805B|   0     0 | 109   199 |01-12 10:03:57
 34   0  66   0   0   0|   0     0 |   0     0 |   0     0 |  92   116 |01-12 10:03:58
 34   0  66   0   0   0|   0     0 |   0     0 |   0     0 |  83   105 |01-12 10:03:59
 34   0  66   0   0   0|   0     0 |5478B 2805B|   0     0 |  89   132 |01-12 10:04:00
 34   0  65   0   0   0|   0     0 |2243B 2769B|   0     0 | 151   285 |01-12 10:04:01
 34   0  65   0   0   0|   0   168k|   0     0 |   0     0 |  95   159 |01-12 10:04:02
 34   0  66   0   0   0|   0     0 |5478B 2805B|   0     0 | 110   152 |01-12 10:04:03
 33   0  67   0   0   0|   0     0 | 102B  192B|   0     0 |  85   105 |01-12 10:04:04
 33   0  67   0   0   0|   0     0 |   0     0 |   0     0 |  89   125 |01-12 10:04:05
 33   0  67   0   0   0|   0     0 |5478B 2805B|   0     0 |  93   120 |01-12 10:04:06
 34   0  66   0   0   0|   0     0 |2127B 2769B|   0     0 | 156   310 |01-12 10:04:07
 33   0  67   0   0   0|   0     0 |   0     0 |   0     0 |  79    89 |01-12 10:04:08
 33   0  67   0   0   0|   0     0 |5478B 2805B|   0     0 |  83   137 |01-12 10:04:09
 33   0  67   0   0   0|   0     0 |   0     0 |   0     0 |  75    74 |01-12 10:04:10
 33   0  67   0   0   0|   0     0 |   0     0 |   0     0 |  74    78 |01-12 10:04:11
 33   0  67   0   0   0|   0  8192B|5900B 3517B|   0     0 | 125   187 |01-12 10:04:12
 33   0  66   0   0   0|   0     0 |2111B 2703B|   0     0 | 160   276 |01-12 10:04:13
 33   0  67   0   0   0|   0     0 |   0     0 |   0     0 |  85    98 |01-12 10:04:14
 34   0  66   0   0   0|   0     0 |5478B 2805B|   0     0 |  96   157 |01-12 10:04:15
 33   0  67   0   0   0|   0     0 |   0     0 |   0     0 |  85   112 |01-12 10:04:16
 33   0  67   0   0   0|   0     0 |   0     0 |   0     0 |  87   125 |01-12 10:04:17
 33   0  66   0   0   0|   0     0 |5684B 2986B|   0     0 | 139   233 |01-12 10:04:18
 33   0  66   0   0   0|   0     0 |1905B 2588B|   0     0 | 116   210 |01-12 10:04:19
 33   0  67   0   0   0|   0     0 |   0     0 |   0     0 |  83    91 |01-12 10:04:20
 33   0  67   0   0   0|   0     0 |5478B 2805B|   0     0 |  76   126 |01-12 10:04:21
 33   0  67   0   0   0|   0     0 |   0     0 |   0     0 |  76    98 |01-12 10:04:22
 34   0  66   0   0   0|   0    24k|   0     0 |   0     0 | 109   142 |01-12 10:04:23
 33   0  67   0   0   0|   0     0 |5478B 2805B|   0     0 |  90   120 |01-12 10:04:24
 34   0  66   0   0   0|   0     0 |2045B 2769B|   0     0 | 141   275 |01-12 10:04:25
 34   0  66   0   0   0|   0     0 |   0     0 |   0     0 |  76    78 |01-12 10:04:26
 34   0  66   0   0   0|   0     0 |5478B 2805B|   0     0 | 104   146 |01-12 10:04:27
 34   0  66   0   0   0|   0  4096B|   0     0 |   0     0 | 100   141 |01-12 10:04:28
 34   0  66   0   0   0|   0     0 |   0     0 |   0     0 |  88   102 |01-12 10:04:29
 34   0  65   0   0   0|   0     0 |7039B 5074B|   0     0 | 113   166 |01-12 10:04:30
 34   0  66   0   0   0|   0     0 | 566B  434B|   0     0 | 118   182 |01-12 10:04:31
 34   0  65   0   0   0|   0    52k|   0     0 |   0     0 | 100   127 |01-12 10:04:32
 34   0  66   0   0   0|   0    12k|5478B 2805B|   0     0 | 111   196 |01-12 10:04:33
 34   0  66   0   0   0|   0     0 |   0     0 |   0     0 |  93   115 |01-12 10:04:34
 34   0  66   0   0   0|   0     0 |   0     0 |   0     0 |  88   120 |01-12 10:04:35
 34   0  65   0   0   0|   0     0 |7457B 5574B|   0     0 | 156   272 |01-12 10:04:36
 34   0  66   0   0   0|   0     0 |  66B    0 |   0     0 |  88   132 |01-12 10:04:37
 34   0  66   0   0   0|   0     0 |   0     0 |   0     0 | 127   143 |01-12 10:04:38
 34   0  66   0   0   0|   0     0 |5478B 2805B|   0     0 | 111   124 |01-12 10:04:39
 34   0  66   0   0   0|   0     0 |   0     0 |   0     0 |  77    76 |01-12 10:04:40
 34   0  66   0   0   0|   0     0 |   0     0 |   0     0 |  79    93 |01-12 10:04:41
 34   0  65   0   0   0|   0     0 |7523B 5574B|   0     0 | 165   321 |01-12 10:04:42
 34   0  66   0   0   0|   0  8192B|   0     0 |   0     0 | 113   137 |01-12 10:04:43
 34   0  66   0   0   0|   0     0 |   0     0 |   0     0 |  78    79 |01-12 10:04:44
 34   0  66   0   0   0|   0     0 |5478B 2805B|   0     0 | 116   161 |01-12 10:04:45
 34   0  66   0   0   0|   0     0 |   0     0 |   0     0 | 108   102 |01-12 10:04:46
 34   0  66   0   0   0|   0     0 |   0     0 |   0     0 |  93   126 |01-12 10:04:47
 35   0  65   0   0   0|   0     0 |7589B 5574B|   0     0 | 173   334 |01-12 10:04:48
 35   0  65   0   0   0|   0     0 |   0     0 |   0     0 |  96   103 |01-12 10:04:49
 34   0  65   0   0   0|   0     0 |2785B 5784B|   0     0 | 134   208 |01-12 10:04:50
 34   0  66   0   0   0|   0     0 |  74B  404B|   0     0 |  92    89 |01-12 10:04:51
 34   0  66   0   0   0|   0     0 |5404B 2401B|   0     0 |  82   134 |01-12 10:04:52
 34   0  66   0   0   0|   0    16k|   0     0 |   0     0 | 123   151 |01-12 10:04:53
 35   0  65   0   0   0|   0     0 |2111B 2769B|   0     0 | 165   226 |01-12 10:04:54
 34   0  66   0   0   0|   0     0 |5478B 2805B|   0     0 |  98   136 |01-12 10:04:55
 34   0  66   0   0   0|   0     0 |   0     0 |   0     0 |  82    96 |01-12 10:04:56
 34   0  66   0   0   0|   0     0 |   0     0 |   0     0 |  97   136 |01-12 10:04:57
 34   0  65   0   0   0|   0  4096B|5478B 2805B|   0     0 | 113   173 |01-12 10:04:58
 34   0  66   0   0   0|   0     0 |   0     0 |   0     0 |  79    82 |01-12 10:04:59
 34   0  66   0   0   0|   0     0 |2111B 2769B|   0     0 | 136   250 |01-12 10:05:00
 35   0  65   0   0   0|   0     0 |5478B 2805B|   0     0 |  88   130 |01-12 10:05:01
 34   0  66   0   0   0|   0    76k|   0     0 |   0     0 |  82   116 |01-12 10:05:02
 34   0  66   0   0   0|   0     0 |   0     0 |   0     0 | 100   136 |01-12 10:05:03
 34   0  66   0   0   0|   0    56k|5478B 2805B|   0     0 |  92   117 |01-12 10:05:04
 34   0  66   0   0   0|   0     0 |   0     0 |   0     0 |  90    97 |01-12 10:05:05
 34   0  65   0   0   0|   0     0 |2111B 2703B|   0     0 | 151   287 |01-12 10:05:06
 34   0  66   0   0   0|   0     0 |5478B 2805B|   0     0 | 107   147 |01-12 10:05:07
 34   0  65   0   0   0|   0     0 |   0     0 |   0     0 | 112   140 |01-12 10:05:08
 34   0  66   0   0   0|   0    16k|   0     0 |   0     0 |  77    95 |01-12 10:05:09
 34   0  65   0   0   0|   0     0 |5478B 2805B|   0     0 |  93   134 |01-12 10:05:10
 35   0  65   0   0   0|   0     0 |1009B 1289B|   0     0 | 107   122 |01-12 10:05:11
 35   0  65   0   0   0|   0     0 |1102B 1480B|   0     0 | 147   265 |01-12 10:05:12
 35   0  65   0   0   0|   0     0 |5900B 3517B|   0     0 | 123   213 |01-12 10:05:13
 35   0  65   0   0   0|   0  8192B|   0     0 |   0     0 | 102    97 |01-12 10:05:14
 34   0  65   0   0   0|   0     0 |   0     0 |   0     0 | 103    95 |01-12 10:05:15
 34   0  66   0   0   0|   0     0 |5478B 2805B|   0     0 |  93   128 |01-12 10:05:16
 34   0  66   0   0   0|   0     0 |1561B 2269B|   0     0 | 112   168 |01-12 10:05:17
 34   0  65   0   0   0|   0     0 | 566B  434B|   0     0 | 150   246 |01-12 10:05:18
 35   0  65   0   0   0|   0     0 |5478B 2805B|   0     0 | 118   114 |01-12 10:05:19
 34   0  66   0   0   0|   0     0 |   0     0 |   0     0 |  79    78 |01-12 10:05:20
 34   0  66   0   0   0|   0     0 |   0     0 |   0     0 |  77    94 |01-12 10:05:21
 34   0  66   0   0   0|   0     0 |5478B 2805B|   0     0 |  86   136 |01-12 10:05:22
 34   0  65   0   0   0|   0     0 |1009B 1289B|   0     0 | 126   206 |01-12 10:05:23
 34   0  66   0   0   0|   0     0 |1102B 1480B|   0     0 | 125   228 |01-12 10:05:24
 34   0  65   0   0   0|   0     0 |5478B 2805B|   0     0 |  86   140 |01-12 10:05:25
 34   0  66   0   0   0|   0     0 |   0     0 |   0     0 |  83   107 |01-12 10:05:26
 34   0  66   0   0   0|   0     0 |   0     0 |   0     0 |  88   118 |01-12 10:05:27
 34   0  66   0   0   0|   0     0 |5478B 2805B|   0     0 | 115   188 |01-12 10:05:28
 34   0  66   0   0   0|   0    20k|1413B 1355B|   0     0 | 103   153 |01-12 10:05:29
 34   0  66   0   0   0|   0     0 | 816B 1540B|   0     0 | 149   217 |01-12 10:05:30
 33   0  67   0   0   0|   0     0 |5478B 2805B|   0     0 |  85   110 |01-12 10:05:31
 33   0  67   0   0   0|   0     0 |   0     0 |   0     0 |  80   101 |01-12 10:05:32
 33   0  67   0   0   0|   0    64k|   0     0 |   0     0 | 101   169 |01-12 10:05:33
 33   0  67   0   0   0|   0     0 |5478B 2805B|   0     0 |  89   135 |01-12 10:05:34
 33   0  66   0   0   0|   0     0 | 229B  247B|   0     0 | 113   290 |01-12 10:05:35
 33   0  67   0   0   0|   0     0 |2000B 2714B|   0     0 | 174   271 |01-12 10:05:36
 33   0  67   0   0   0|   0     0 |5478B 2805B|   0     0 |  85   146 |01-12 10:05:37
 33   0  67   0   0   0|   0     0 |   0     0 |   0     0 |  96   136 |01-12 10:05:38
 33   0  67   0   0   0|   0    12k|   0     0 |   0     0 |  76    84 |01-12 10:05:39
 33   0  67   0   0   0|   0     0 |5478B 2805B|   0     0 |  80   108 |01-12 10:05:40
 34   0  66   0   0   0|   0     0 |1075B 1289B|   0     0 |  95   145 |01-12 10:05:41
 33   0  66   0   0   0|   0     0 |1052B 1480B|   0     0 | 123   218 |01-12 10:05:42
 33   0  67   0   0   0|   0     0 |5478B 2805B|   0     0 | 102   196 |01-12 10:05:43
 33   0  67   0   0   0|   0    12k|   0     0 |   0     0 |  90   104 |01-12 10:05:44
 33   0  67   0   0   0|   0     0 |   0     0 |   0     0 |  80   128 |01-12 10:05:45
 33   0  67   0   0   0|   0     0 |5478B 2805B|   0     0 | 106   153 |01-12 10:05:46
 33   0  67   0   0   0|   0     0 |2111B 2769B|   0     0 | 151   256 |01-12 10:05:47
 33   0  67   0   0   0|   0     0 |   0     0 |   0     0 | 100   145 |01-12 10:05:48
 33   0  67   0   0   0|   0     0 |5478B 2805B|   0     0 |  89   138 |01-12 10:05:49
 33   0  66   0   0   0|   0     0 |2785B 5784B|   0     0 | 141   226 |01-12 10:05:50
 33   0  67   0   0   0|   0     0 | 102B  192B|   0     0 |  89   104 |01-12 10:05:51
 33   0  67   0   0   0|   0     0 |5478B 2805B|   0     0 |  87   148 |01-12 10:05:52
 34   0  66   0   0   0|   0     0 |2111B 2769B|   0     0 | 189   332 |01-12 10:05:53
 34   0  66   0   0   0|   0     0 |   0     0 |   0     0 |  92   113 |01-12 10:05:54
 34   0  66   0   0   0|   0     0 |5478B 2805B|   0     0 |  96   146 |01-12 10:05:55
 34   0  66   0   0   0|   0     0 |   0     0 |   0     0 |  83   107 |01-12 10:05:56
 33   0  67   0   0   0|   0     0 |   0     0 |   0     0 |  89   132 |01-12 10:05:57
 33   0  66   0   0   0|   0     0 |5478B 2805B|   0     0 | 112   168 |01-12 10:05:58
 34   0  66   0   0   0|   0     0 |2045B 2769B|   0     0 | 158   261 |01-12 10:05:59
 33   0  67   0   0   0|   0    20k|   0     0 |   0     0 |  80    90 |01-12 10:06:00
 34   0  66   0   0   0|   0     0 |5478B 2805B|   0     0 |  93   139 |01-12 10:06:01
 33   0  67   0   0   0|   0     0 |   0     0 |   0     0 |  84   101 |01-12 10:06:02
 33   0  66   0   0   0|   0    76k|   0     0 |   0     0 | 106   152 |01-12 10:06:03
 34   0  66   0   0   0|   0     0 |5580B 2997B|   0     0 |  94   124 |01-12 10:06:04
 34   0  66   0   0   0|   0    72k|2111B 2769B|   0     0 | 160   299 |01-12 10:06:05
 33   0  67   0   0   0|   0     0 |   0     0 |   0     0 |  83    86 |01-12 10:06:06
 34   0  66   0   0   0|   0     0 |5478B 2805B|   0     0 |  96   163 |01-12 10:06:07
 33   0  67   0   0   0|   0     0 |   0     0 |   0     0 | 105   148 |01-12 10:06:08
 34   0  66   0   0   0|   0     0 |   0     0 |   0     0 |  77    98 |01-12 10:06:09
 34   0  66   0   0   0|   0  8192B|5224B 2739B|   0     0 |  88   107 |01-12 10:06:10
 34   0  66   0   0   0|   0     0 |2299B 2835B|   0     0 | 154   285 |01-12 10:06:11
 34   0  66   0   0   0|   0     0 |   0     0 |   0     0 |  91   148 |01-12 10:06:12
 33   0  66   0   0   0|   0     0 |   0     0 |   0     0 | 106   187 |01-12 10:06:13
 34   0  66   0   0   0|   0     0 |5900B 3517B|   0     0 |  89   138 |01-12 10:06:14
 34   0  66   0   0   0|   0    12k|   0     0 |   0     0 |  88   116 |01-12 10:06:15
 33   0  66   0   0   0|   0     0 |   0     0 |   0     0 | 101    84 |01-12 10:06:16
 34   0  66   0   0   0|   0     0 |7589B 5574B|   0     0 | 153   310 |01-12 10:06:17
 34   0  66   0   0   0|   0     0 |   0     0 |   0     0 | 120   134 |01-12 10:06:18
 33   0  67   0   0   0|   0     0 |   0     0 |   0     0 |  95    81 |01-12 10:06:19
 34   0  66   0   0   0|   0  8192B|5478B 2805B|   0     0 | 122   151 |01-12 10:06:20
 33   0  67   0   0   0|   0     0 |   0     0 |   0     0 |  90    92 |01-12 10:06:21
 33   0  67   0   0   0|   0     0 |   0     0 |   0     0 |  79    94 |01-12 10:06:22
 34   0  66   0   0   0|   0     0 |7589B 5574B|   0     0 | 187   329 |01-12 10:06:23
 34   0  66   0   0   0|   0     0 |   0     0 |   0     0 |  77    77 |01-12 10:06:24
 34   0  66   0   0   0|   0     0 |   0     0 |   0     0 |  78    96 |01-12 10:06:25
 35   0  65   0   0   0|   0     0 |5478B 2805B|   0     0 |  89   115 |01-12 10:06:26
 34   0  66   0   0   0|   0     0 |   0     0 |   0     0 |  80    96 |01-12 10:06:27
 34   0  66   0   0   0|   0     0 |   0     0 |   0     0 | 108   139 |01-12 10:06:28
 34   0  66   0   0   0|   0     0 |7605B 5508B|   0     0 | 143   284 |01-12 10:06:29
 34   0  66   0   0   0|   0     0 |   0     0 |   0     0 |  74    77 |01-12 10:06:30
 33   0  67   0   0   0|   0    20k|   0     0 |   0     0 |  77    82 |01-12 10:06:31
 33   0  67   0   0   0|   0     0 |5478B 2805B|   0     0 |  81   130 |01-12 10:06:32
 34   0  62   5   0   0|   0    60k|   0     0 |   0     0 | 105   160 |01-12 10:06:33
 34   0  66   0   0   0|   0     0 |   0     0 |   0     0 |  80    92 |01-12 10:06:34
 33   0  66   0   0   0|   0     0 |7589B 5574B|   0     0 | 150   288 |01-12 10:06:35
 34   0  66   0   0   0|   0     0 |   0     0 |   0     0 |  85   110 |01-12 10:06:36
 33   0  67   0   0   0|   0     0 |   0     0 |   0     0 |  77   114 |01-12 10:06:37
 34   0  66   0   0   0|   0     0 |5478B 2805B|   0     0 | 104   179 |01-12 10:06:38
 34   0  66   0   0   0|   0     0 |   0     0 |   0     0 |  75    81 |01-12 10:06:39
 34   0  66   0   0   0|   0     0 |   0     0 |   0     0 |  77    78 |01-12 10:06:40
 34   0  66   0   0   0|   0  8192B|7589B 5574B|   0     0 | 163   349 |01-12 10:06:41
 34   0  66   0   0   0|   0     0 |   0     0 |   0     0 |  90   137 |01-12 10:06:42
 34   0  65   0   0   0|   0     0 |   0     0 |   0     0 | 104   167 |01-12 10:06:43
 34   0  66   0   0   0|   0     0 |5478B 2805B|   0     0 | 110   134 |01-12 10:06:44
 34   0  66   0   0   0|   0     0 |   0     0 |   0     0 |  84   108 |01-12 10:06:45
 34   0  66   0   0   0|   0  8192B| 229B  317B|   0     0 |  96   147 |01-12 10:06:46
 34   0  66   0   0   0|   0     0 |7360B 5327B|   0     0 | 157   274 |01-12 10:06:47
 34   0  66   0   0   0|   0     0 |   0     0 |   0     0 | 105   142 |01-12 10:06:48
