[7l----total-cpu-usage---- -dsk/total- -net/total- ---paging-- ---system-- ----system----
usr sys idl wai hiq siq| read  writ| recv  send|  in   out | int   csw |     time     
  1   0  96   3   0   0| 366k 3167k|   0     0 |   0     0 |  92   260 |01-12 02:31:53
  4   1  94   1   0   0| 260k 2048k|  26k   37k|   0     0 | 641  1659 |01-12 02:31:54
  3   1  95   1   0   0|   0  4096k|6172B 3991B|   0     0 | 271   697 |01-12 02:31:55
  0   0  99   1   0   0|   0  2048k|   0     0 |   0     0 |  19   100 |01-12 02:31:56
  0   0  99   1   0   0|   0  4096k|   0     0 |   0     0 |  35   156 |01-12 02:31:57
  0   0  99   1   0   0|   0  2668k|5224B 2739B|   0     0 |  21   142 |01-12 02:31:58
 16   2  80   1   0   1|   0  3584k|5360k 4437k|   0     0 |1722  4704 |01-12 02:31:59
  8   1  90   1   0   0|   0  4096k|5353k 4797k|   0     0 |1011  3545 |01-12 02:32:00
  0   0  99   1   0   0|   0  2048k|   0     0 |   0     0 |  19   112 |01-12 02:32:01
  0   0  98   1   0   0|   0  4096k|5478B 2805B|   0     0 |  38   176 |01-12 02:32:02
  0   0  99   1   0   0|   0  2048k|   0     0 |   0     0 |  19    82 |01-12 02:32:03
  0   0  99   1   0   0|   0  4096k|   0     0 |   0     0 |  21   104 |01-12 02:32:04
  0   0  99   1   0   0|   0  2048k|8161B 8397B|   0     0 |  53   261 |01-12 02:32:05
  0   0  98   1   0   0|   0  4096k|   0     0 |   0     0 |  18   108 |01-12 02:32:06
  0   0  97   3   0   0|   0  3716k|   0     0 |   0     0 |  33   161 |01-12 02:32:07
  0   0  99   1   0   0|   0  2560k|5478B 2805B|   0     0 |  18   127 |01-12 02:32:08
  0   0  98   2   0   0|   0  4096k|   0     0 |   0     0 |  19   107 |01-12 02:32:09
  0   0  99   1   0   0|   0  2048k|   0     0 |   0     0 |  19   115 |01-12 02:32:10
  0   0  99   1   0   0|   0  4116k|5478B 2805B|   0     0 |  26   163 |01-12 02:32:11
  0   0  99   1   0   0|   0  2052k|   0     0 |   0     0 |  32   175 |01-12 02:32:12
  0   0  99   1   0   0|   0  4096k|   0     0 |   0     0 |  22   130 |01-12 02:32:13
  0   0  99   1   0   0|   0  2560k|5900B 3517B|   0     0 |  24   144 |01-12 02:32:14
  0   0  99   1   0   0|   0  3584k|   0     0 |   0     0 |  22    91 |01-12 02:32:15
  0   0  98   2   0   0|   0  4096k|   0     0 |   0     0 |  21   124 |01-12 02:32:16
  0   0  99   1   0   0|   0  2048k|  74B  404B|   0     0 |  34   176 |01-12 02:32:17
  0   0  99   1   0   0|   0  4096k|5470B 2401B|   0     0 |  24   128 |01-12 02:32:18
  0   0  99   1   0   0|   0  2048k|   0     0 |   0     0 |  21    92 |01-12 02:32:19
  0   0  98   2   0   0|   0  4096k|   0     0 |   0     0 |  19   113 |01-12 02:32:20
  0   0  99   1   0   0|   0  2048k|5478B 2805B|   0     0 |  22   139 |01-12 02:32:21
  0   0  97   3   0   0|   0  4096k|   0     0 |   0     0 |  35   162 |01-12 02:32:22
  0   0  97   3   0   0|   0  2048k| 570B  706B|   0     0 |  32   142 |01-12 02:32:23
  0   0  98   1   0   0|   0  4096k|6260B 1802B|   0     0 |  48   186 |01-12 02:32:24
  0   0  99   1   0   0|   0  2048k| 730B 1953B|   0     0 |  37   159 |01-12 02:32:25
  0   0  99   1   0   0|   0  4096k| 168B  102B|   0     0 |  26   112 |01-12 02:32:26
  0   0  99   1   0   0|   0  2048k| 680B  424B|   0     0 |  56   207 |01-12 02:32:27
  0   0  98   2   0   0|   0  4096k|5880B 3119B|   0     0 |  40   194 |01-12 02:32:28
  0   0  98   2   0   0|   0  2132k| 102B  204B|   0     0 |  27   128 |01-12 02:32:29
  0   0  98   1   0   0|   0  4096k|1122B  642B|   0     0 |  42   168 |01-12 02:32:30
  0   0  99   1   0   0|   0  2560k| 402B  364B|   0     0 |  29   140 |01-12 02:32:31
  0   0  98   1   0   0|   0  3584k|5916B 4857B|   0     0 |  51   229 |01-12 02:32:32
  0   0  98   2   0   0|   0  3584k| 540B  480B|   0     0 |  28   136 |01-12 02:32:33
  0   0  99   1   0   0|   0  2560k| 336B  278B|   0     0 |  34   140 |01-12 02:32:34
  0   0  99   1   0   0|   0  4096k|5822B 2128B|   0     0 |  39   189 |01-12 02:32:35
  0   0  99   1   0   0|   0  2048k| 898B 2039B|   0     0 |  35   149 |01-12 02:32:36
  0   0  98   1   0   0|   0  4096k| 336B  220B|   0     0 |  51   200 |01-12 02:32:37
  0   0  99   1   0   0|   0  2064k| 402B  506B|   0     0 |  32   119 |01-12 02:32:38
  0   0  99   1   0   0|   0  4096k|6282B 4129B|   0     0 |  52   201 |01-12 02:32:39
  0   0  99   1   0   0|   0  3072k| 270B  204B|   0     0 |  28   115 |01-12 02:32:40
  0   0  99   1   0   0|   0  3072k|1440B 3514B|   0     0 |  70   243 |01-12 02:32:41
  0   0  98   1   0   0|   0  4112k|5982B 3111B|   0     0 |  46   221 |01-12 02:32:42
  0   0  99   1   0   0|   0  2056k| 438B  416B|   0     0 |  97   262 |01-12 02:32:43
  0   0  99   1   0   0|   0  4096k| 132B    0 |   0     0 |  19   100 |01-12 02:32:44
  0   0  94   6   0   0|   0  2048k|5478B 2805B|   0     0 |  21   165 |01-12 02:32:45
  0   0  99   1   0   0|   0  2048k|   0     0 |   0     0 |  26    93 |01-12 02:32:46
  0   0  98   1   0   0|   0  4096k| 606B  448B|   0     0 | 103   317 |01-12 02:32:47
  0   0  99   1   0   0|   0  2048k|5544B 2805B|   0     0 |  22   144 |01-12 02:32:48
  1   0  98   1   0   0|   0  4096k| 640B 9012B|   0     0 |  48   208 |01-12 02:32:49
  0   0  99   1   0   0|   0  2560k|   0     0 |   0     0 |  18    96 |01-12 02:32:50
  0   0  87  12   0   0|   0  1024k| 102B  192B|   0     0 |  22   106 |01-12 02:32:51
  0   0  97   2   0   0|   0  2560k|6006B 7005B|   0     0 |  48   214 |01-12 02:32:52
  0   0  99   1   0   0|   0  2048k| 176B 1446B|   0     0 |  22   119 |01-12 02:32:53
  0   0  98   2   0   0|   0  4096k|   0     0 |   0     0 |  21    95 |01-12 02:32:54
  0   0  98   2   0   0|   0  3584k|5478B 2805B|   0     0 |  27   146 |01-12 02:32:55
  0   0  99   1   0   0|   0  2560k|   0     0 |   0     0 |  21    87 |01-12 02:32:56
  0   0  99   1   0   0|   0  4096k|   0     0 |   0     0 |  36   167 |01-12 02:32:57
  0   0  99   1   0   0|   0  2048k|5478B 2805B|   0     0 |  19   117 |01-12 02:32:58
  0   0  97   3   0   0|   0  4156k|   0     0 |   0     0 |  23   127 |01-12 02:32:59
  0   0  99   1   0   0|   0  2052k|   0     0 |   0     0 |  21   105 |01-12 02:33:00
  0   0  98   1   0   0|   0  4096k|5478B 2805B|   0     0 |  20   146 |01-12 02:33:01
  0   0  99   1   0   0|   0  3584k|   0     0 |   0     0 |  40   169 |01-12 02:33:02
  0   0  99   1   0   0|   0  2560k|   0     0 |   0     0 |  21    87 |01-12 02:33:03
  0   0  98   1   0   0|   0  4180k|5478B 2805B|   0     0 |  26   134 |01-12 02:33:04
  0   0  99   1   0   0|   0  2048k|2683B 5592B|   0     0 |  41   228 |01-12 02:33:05
  0   0  98   1   0   0|   0  4096k|   0     0 |   0     0 |  20    96 |01-12 02:33:06
  0   0  99   1   0   0|   0  2048k|5478B 2805B|   0     0 |  37   187 |01-12 02:33:07
  0   0  99   2   0   0|   0  4096k|   0     0 |   0     0 |  19    98 |01-12 02:33:08
  0   0  99   1   0   0|   0  2580k|   0     0 |   0     0 |  25   119 |01-12 02:33:09
  0   0  98   2   0   0|   0  3584k|5478B 2805B|   0     0 |  21   121 |01-12 02:33:10
  0   0  99   1   0   0|   0  4096k|   0     0 |   0     0 |  19    84 |01-12 02:33:11
  0   0  99   1   0   0|   0  2048k|   0     0 |   0     0 |  30   135 |01-12 02:33:12
  0   0  98   1   0   0|   0  4112k|5084B 1072B|   0     0 |  24   148 |01-12 02:33:13
  0   0  99   1   0   0|   0  2056k| 394B 1733B|   0     0 |  24   118 |01-12 02:33:14
  0   0  99   1   0   0|   0  4096k|   0     0 |   0     0 |  21   107 |01-12 02:33:15
  0   0  99   1   0   0|   0  2048k|   0     0 |   0     0 |  20    86 |01-12 02:33:16
  0   0  98   1   0   0|   0  4096k|5900B 3517B|   0     0 |  35   204 |01-12 02:33:17
  0   0  99   1   0   0|   0  4096k|   0     0 |   0     0 |  23   104 |01-12 02:33:18
  0   0  99   1   0   0|   0  2060k|   0     0 |   0     0 |  24   110 |01-12 02:33:19
  0   0  98   1   0   0|   0  4096k|5478B 2805B|   0     0 |  22   142 |01-12 02:33:20
  0   0  99   1   0   0|   0  2048k|   0     0 |   0     0 |  23   114 |01-12 02:33:21
  0   0  98   1   0   0|   0  4096k|   0     0 |   0     0 |  33   138 |01-12 02:33:22
  0   0  99   1   0   0|   0  2048k|5478B 2805B|   0     0 |  21   129 |01-12 02:33:23
  0   0  98   2   0   0|   0  4096k|   0     0 |   0     0 |  27   103 |01-12 02:33:24
  0   0  99   1   0   0|   0  3584k|   0     0 |   0     0 |  20   122 |01-12 02:33:25
  0   0  99   1   0   0|   0  2560k|5478B 2805B|   0     0 |  22   129 |01-12 02:33:26
  0   0  99   1   0   0|   0  4096k|   0     0 |   0     0 |  31   132 |01-12 02:33:27
  0   0 100   0   0   0|   0  2048k|   0     0 |   0     0 |  24   103 |01-12 02:33:28
  0   0  99   1   0   0|   0  4096k|5478B 2805B|   0     0 |  24   148 |01-12 02:33:29
  0   0  99   1   0   0|   0  2108k|   0     0 |   0     0 |  19   105 |01-12 02:33:30
  0   0  99   1   0   0|   0  4096k|   0     0 |   0     0 |  18    90 |01-12 02:33:31
  0   0  99   1   0   0|   0  3072k|5478B 2805B|   0     0 |  29   160 |01-12 02:33:32
  0   0 100   0   0   0|   0  3072k|   0     0 |   0     0 |  20    99 |01-12 02:33:33
  0   0  99   2   0   0|   0  4096k|   0     0 |   0     0 |  23    93 |01-12 02:33:34
  0   0  99   1   0   0|   0  2048k|5478B 2805B|   0     0 |  23   131 |01-12 02:33:35
  0   0  99   1   0   0|   0  4096k|   0     0 |   0     0 |  19   106 |01-12 02:33:36
  0   0  99   1   0   0|   0  2048k|   0     0 |   0     0 |  31   157 |01-12 02:33:37
  0   0  97   2   0   0|   0  4096k|5478B 2805B|   0     0 |  24   142 |01-12 02:33:38
