[7l----total-cpu-usage---- -dsk/total- -net/total- ---paging-- ---system-- ----system----
usr sys idl wai hiq siq| read  writ| recv  send|  in   out | int   csw |     time     
  2   2  91   5   0   0|1332k 3069k|   0     0 |   0     0 | 253   592 |01-12 03:12:43
  0   0  99   1   0   0| 224k 4096k|   0     0 |   0     0 |  31   151 |01-12 03:12:44
  0   0  99   1   0   0|   0  4120k|5478B 2805B|   0     0 |  19   124 |01-12 03:12:45
  0   0  99   1   0   0|   0  2048k|   0     0 |   0     0 |  33   116 |01-12 03:12:46
  0   0  99   1   0   0|   0  4096k|   0     0 |   0     0 |  22    89 |01-12 03:12:47
  1   0  98   1   0   0| 380k 2048k| 716k   23k|   0     0 |  98   392 |01-12 03:12:48
 17   4  76   3   0   1| 204k 4096k|6179k 5829k|   0     0 |1761  5380 |01-12 03:12:49
  1   0  98   1   0   0|   0  2048k| 349k   11k|   0     0 | 120   322 |01-12 03:12:50
  0   0  98   1   0   0|   0  4096k|5478B 2805B|   0     0 |  41   177 |01-12 03:12:51
  0   0  99   1   0   0|   0  3072k|   0     0 |   0     0 |  24   119 |01-12 03:12:52
  0   0  99   1   0   0|   0  3072k|   0     0 |   0     0 |  24    93 |01-12 03:12:53
  0   0  98   1   0   0|   0  4096k|5224B 2809B|   0     0 |  23   125 |01-12 03:12:54
  0   0  99   1   0   0|   0  2048k| 254B   66B|   0     0 |  18    84 |01-12 03:12:55
  0   0  98   1   0   0|   0  4096k|   0     0 |   0     0 |  33   156 |01-12 03:12:56
  0   0  99   1   0   0|   0  2048k|   0     0 |   0     0 |  28    96 |01-12 03:12:57
  0   0  98   1   0   0|   0  4096k|5478B 2805B|   0     0 |  28   137 |01-12 03:12:58
  0   0  99   1   0   0|   0  2048k|   0     0 |   0     0 |  28    94 |01-12 03:12:59
  0   0  99   1   0   0|   0  4096k|   0     0 |   0     0 |  23   109 |01-12 03:13:00
  0   0  99   1   0   0|   0  4096k|5478B 2805B|   0     0 |  40   176 |01-12 03:13:01
  0   0  99   1   0   0|   0  2120k|   0     0 |   0     0 |  26    98 |01-12 03:13:02
  0   0  99   1   0   0|   0  4096k|   0     0 |   0     0 |  19    94 |01-12 03:13:03
  0   0  99   1   0   0|   0  2048k|5478B 2805B|   0     0 |  24   143 |01-12 03:13:04
  0   0  98   2   0   0|   0  4096k|   0     0 |   0     0 |  22    89 |01-12 03:13:05
  0   0  99   1   0   0|   0  2048k|   0     0 |   0     0 |  34   133 |01-12 03:13:06
  0   0  98   1   0   0|   0  4096k|5478B 2805B|   0     0 |  28   130 |01-12 03:13:07
  0   0  98   2   0   0|   0  3140k|   0     0 |   0     0 |  23   125 |01-12 03:13:08
  0   0  99   1   0   0|   0  3072k|   0     0 |   0     0 |  22    95 |01-12 03:13:09
  0   0  98   2   0   0|   0  4096k|5478B 2805B|   0     0 |  25   132 |01-12 03:13:10
  0   0  99   1   0   0|   0  2048k|   0     0 |   0     0 |  35   135 |01-12 03:13:11
  0   0  99   1   0   0|   0  4096k|   0     0 |   0     0 |  26   119 |01-12 03:13:12
  0   0  99   1   0   0|   0  2056k|5478B 2805B|   0     0 |  22   132 |01-12 03:13:13
  0   0  99   1   0   0|   0  4096k|   0     0 |   0     0 |  24   101 |01-12 03:13:14
  0   0  99   1   0   0|   0  3072k|   0     0 |   0     0 |  23    87 |01-12 03:13:15
  0   0  99   1   0   0|   0  3092k|5478B 2805B|   0     0 |  37   187 |01-12 03:13:16
  0   0  99   1   0   0|   0  4096k|   0     0 |   0     0 |  26   103 |01-12 03:13:17
  0   0  99   1   0   0|   0  2084k|   0     0 |   0     0 |  22    93 |01-12 03:13:18
  0   0  98   2   0   0|   0  4096k|5478B 2805B|   0     0 |  28   139 |01-12 03:13:19
  0   0  99   1   0   0|   0  2048k|2250B 2354B|   0     0 |  44   195 |01-12 03:13:20
  0   0  98   1   0   0|   0  4096k|   0     0 |   0     0 |  38   137 |01-12 03:13:21
  0   0  99   1   0   0|   0  2048k|5900B 3517B|   0     0 |  27   138 |01-12 03:13:22
  0   0  99   2   0   0|   0  4100k|   0     0 |   0     0 |  24    95 |01-12 03:13:23
  0   0  98   2   0   0|   0  4096k|   0     0 |   0     0 |  22   115 |01-12 03:13:24
  0   0  99   1   0   0|   0  2048k|5478B 2805B|   0     0 |  24   123 |01-12 03:13:25
  0   0  98   2   0   0|   0  4096k|   0     0 |   0     0 |  34   133 |01-12 03:13:26
  0   0  99   1   0   0|   0  2048k|   0     0 |   0     0 |  26    94 |01-12 03:13:27
  0   0  98   1   0   0|   0  4096k|5478B 2805B|   0     0 |  25   152 |01-12 03:13:28
  0   0  99   1   0   0|   0  2048k|   0     0 |   0     0 |  25   100 |01-12 03:13:29
  0   0  99   1   0   0|   0  4096k|   0     0 |   0     0 |  25    94 |01-12 03:13:30
  0   0  98   1   0   0|   0  4096k|5478B 2805B|   0     0 |  35   171 |01-12 03:13:31
  0   0  99   1   0   0|   0  2048k|   0     0 |   0     0 |  25   111 |01-12 03:13:32
  0   0  99   1   0   0|   0  4096k|   0     0 |   0     0 |  23   103 |01-12 03:13:33
  0   0  99   1   0   0|   0  2048k|5478B 2805B|   0     0 |  22   141 |01-12 03:13:34
  0   0  99   1   0   0|   0  4096k|   0     0 |   0     0 |  28   107 |01-12 03:13:35
  0   0  99   1   0   0|   0  2048k|   0     0 |   0     0 |  35   154 |01-12 03:13:36
  0   0  98   2   0   0|   0  4096k|5478B 2805B|   0     0 |  26   141 |01-12 03:13:37
  0   0  99   1   0   0|   0  2608k|   0     0 |   0     0 |  25   105 |01-12 03:13:38
  0   0  98   2   0   0|   0  3612k|   0     0 |   0     0 |  20    97 |01-12 03:13:39
  0   0  98   2   0   0|   0  4096k|5478B 2805B|   0     0 |  22   166 |01-12 03:13:40
  0   0  99   1   0   0|   0  2048k|   0     0 |   0     0 |  37   140 |01-12 03:13:41
  0   0  99   1   0   0|   0  4096k|   0     0 |   0     0 |  27   120 |01-12 03:13:42
  0   0  99   1   0   0|   0  2048k|5478B 2805B|   0     0 |  25   127 |01-12 03:13:43
  0   0  99   1   0   0|   0  4096k|   0     0 |   0     0 |  25   115 |01-12 03:13:44
  0   0  97   3   0   0|   0  2048k|   0     0 |   0     0 |  25   110 |01-12 03:13:45
  0   0  98   1   0   0|   0  4108k|5478B 2805B|   0     0 |  55   207 |01-12 03:13:46
  0   0  99   1   0   0|   0  2048k|   0     0 |   0     0 |  26    98 |01-12 03:13:47
  0   0  99   1   0   0|   0  4096k|   0     0 |   0     0 |  23   112 |01-12 03:13:48
  0   0  99   1   0   0|   0  2580k|5478B 2805B|   0     0 |  24   122 |01-12 03:13:49
  0   0  99   1   0   0|   0  3584k|   0     0 |   0     0 |  24   104 |01-12 03:13:50
  0   0  98   1   0   0|   0  4096k|   0     0 |   0     0 |  40   151 |01-12 03:13:51
  0   0  99   1   0   0|   0  2048k|5478B 2805B|   0     0 |  26   150 |01-12 03:13:52
  0   0  99   1   0   0|   0  4096k|   0     0 |   0     0 |  23   101 |01-12 03:13:53
  0   0  99   1   0   0|   0  2048k|   0     0 |   0     0 |  23    96 |01-12 03:13:54
  0   0  99   1   0   0|   0  4096k|5478B 2805B|   0     0 |  25   119 |01-12 03:13:55
  0   0  99   1   0   0|   0  2048k|   0     0 |   0     0 |  32   155 |01-12 03:13:56
  0   0  99   2   0   0|   0  4096k|   0     0 |   0     0 |  25   104 |01-12 03:13:57
  0   0  98   1   0   0|   0  3584k|5478B 2805B|   0     0 |  23   129 |01-12 03:13:58
  0   0  99   1   0   0|   0  2560k|   0     0 |   0     0 |  23    88 |01-12 03:13:59
  0   0  99   1   0   0|   0  4096k| 840B  692B|   0     0 |  46   162 |01-12 03:14:00
  0   0  99   1   0   0|   0  2048k|6216B 3221B|   0     0 |  54   234 |01-12 03:14:01
  0   0  99   1   0   0|   0  4096k| 672B  432B|   0     0 |  44   173 |01-12 03:14:02
  0   0  99   1   0   0|   0  2048k| 336B  212B|   0     0 |  29   137 |01-12 03:14:03
  0   0  99   1   0   0|   0  4096k|5814B 3009B|   0     0 |  28   167 |01-12 03:14:04
  0   0  98   1   0   0| 260k 2560k| 504B  396B|   0     0 |  47   322 |01-12 03:14:05
  0   0  99   1   0   0|   0  3584k|1242B 1042B|   0     0 |  66   237 |01-12 03:14:06
  0   0  98   1   0   0|   0  4096k|6012B 4683B|   0     0 |  41   199 |01-12 03:14:07
  0   0  99   1   0   0|   0  2048k| 504B  306B|   0     0 |  34   133 |01-12 03:14:08
  0   0  98   1   0   0|   0  4100k| 336B  212B|   0     0 |  34   141 |01-12 03:14:09
  0   0  98   1   0   0|   0  2092k|6048B 3429B|   0     0 |  48   203 |01-12 03:14:10
  0   0  98   1   0   0|   0  4096k| 636B 1302B|   0     0 |  76   334 |01-12 03:14:11
  0   0  99   1   0   0|   0  2048k| 672B  408B|   0     0 |  41   169 |01-12 03:14:12
  0   0  98   2   0   0|   0  4096k|6750B 6205B|   0     0 |  62   278 |01-12 03:14:13
  0   0  99   1   0   0|   0  3584k| 336B  204B|   0     0 |  27   128 |01-12 03:14:14
  0   0  99   1   0   0|   0  2560k| 504B  322B|   0     0 |  99   265 |01-12 03:14:15
  0   0  98   2   0   0|   0  4096k| 672B  432B|   0     0 |  79   262 |01-12 03:14:16
  0   0 100   0   0   0|   0  2064k|6252B 3339B|   0     0 |  45   183 |01-12 03:14:17
  0   0  98   1   0   0|   0  4096k| 570B  346B|   0     0 | 122   339 |01-12 03:14:18
  0   0  96   4   0   0| 408k 2060k| 168B  102B|   0     0 |  33   142 |01-12 03:14:19
  1   0  89  10   0   0|3704k 4096k|6865B 6624B|   0     0 |  48   608 |01-12 03:14:20
  0   0  98   1   0   0|   0  3584k|1379B  847B|   0     0 |  61   216 |01-12 03:14:21
  0   0 100   0   0   0|   0  2560k|   0     0 |   0     0 |  24   100 |01-12 03:14:22
  0   0  98   2   0   0|   0  4096k|5900B 3517B|   0     0 |  23   150 |01-12 03:14:23
  0   0  99   1   0   0|   0  2056k| 594B 3858B|   0     0 |  35   138 |01-12 03:14:24
  0   0  99   1   0   0|   0  4096k| 270B  168B|   0     0 |  28   121 |01-12 03:14:25
  0   0  98   1   0   0|  88k 2048k|5994B 5403B|   0     0 |  49   219 |01-12 03:14:26
  0   0  99   1   0   0|   0  4096k| 168B   66B|   0     0 |  29   116 |01-12 03:14:27
  0   0  99   1   0   0|   0  2560k| 270B  270B|   0     0 |  31   132 |01-12 03:14:28
  0   0  98   2   0   0|   0  3584k|5880B 3049B|   0     0 |  32   146 |01-12 03:14:29
  0   0  99   1   0   0|   0  4096k| 234B 1260B|   0     0 |  30   121 |01-12 03:14:30
  0   0  99   1   0   0|   0  2048k| 336B  244B|   0     0 |  43   169 |01-12 03:14:31
  0   0  97   3   0   0| 260k 4096k|5778B 3383B|   0     0 |  38   210 |01-12 03:14:32
  0   0  97   3   0   0|   0  2048k|   0     0 |   0     0 |  24    97 |01-12 03:14:33
  0   0  98   2   0   0|   0  4096k|1242B  896B|   0     0 |  53   171 |01-12 03:14:34
  0   0  99   1   0   0|   0  2048k|5880B 3247B|   0     0 |  38   191 |01-12 03:14:35
  0   0  95   5   0   0|   0  2048k|   0     0 |   0     0 |  36   157 |01-12 03:14:36
  0   0  98   1   0   0|   0  4096k|   0     0 |   0     0 |  25   111 |01-12 03:14:37
  0   0  99   1   0   0|   0  2048k|5478B 2805B|   0     0 |  23   137 |01-12 03:14:38
  0   0  99   2   0   0|   0  4096k|   0     0 |   0     0 |  23    95 |01-12 03:14:39
  0   0  99   1   0   0|   0  2560k|   0     0 |   0     0 |  23   113 |01-12 03:14:40
  0   0  98   2   0   0|   0  3672k|5982B 3111B|   0     0 |  50   221 |01-12 03:14:41
  0   0  95   5   0   0|1732k 4096k|1110B  804B|   0     0 |  50   255 |01-12 03:14:42
  0   0  88  12   0   0|3024k 2048k| 102B  192B|   0     0 |  35   320 |01-12 03:14:43
  1   1  91   7   0   0|4416k 4096k|5752B 3101B|   0     0 |  53  1351 |01-12 03:14:44
  1   0  98   1   0   0| 412k 2048k|5647B 1898B|   0     0 | 205   291 |01-12 03:14:45
  0   0  99   1   0   0|   0  4096k| 906B  668B|   0     0 |  48   181 |01-12 03:14:46
  0   0  99   1   0   0|   0  2048k|6318B 3315B|   0     0 |  28   132 |01-12 03:14:47
  0   0  98   2   0   0|   0  4112k| 168B  102B|   0     0 |  21   122 |01-12 03:14:48
  0   0  99   1   0   0|   0  3584k| 504B  306B|   0     0 |  22    93 |01-12 03:14:49
  2   1  94   3   0   0| 832k 2572k|7895B 5273B|   0     0 |  72   381 |01-12 03:14:50
  0   0  98   1   0   0|   0  4096k|   0     0 |   0     0 |  37   143 |01-12 03:14:51
  0   0  99   1   0   0|   0  2048k|   0     0 |   0     0 |  20   102 |01-12 03:14:52
  0   0  98   2   0   0|   0  4096k|5478B 2805B|   0     0 |  20   116 |01-12 03:14:53
  0   0  99   1   0   0|   0  2048k|   0     0 |   0     0 |  18    76 |01-12 03:14:54
  0   0  96   4   0   0|   0  4100k|   0     0 |   0     0 |  23    99 |01-12 03:14:55
  0   0  99   1   0   0|   0  2048k|5478B 2805B|   0     0 |  35   182 |01-12 03:14:56
  0   0  99   2   0   0|   0  4096k|   0     0 |   0     0 |  20    85 |01-12 03:14:57
  0   0  98   2   0   0|   0  2048k|   0     0 |   0     0 |  18    84 |01-12 03:14:58
  0   0  98   1   0   0|   0  4096k|5478B 2805B|   0     0 |  20   111 |01-12 03:14:59
  0   0  99   1   0   0|   0  2048k|   0     0 |   0     0 |  19   104 |01-12 03:15:00
  0   0  98   2   0   0|   0  4096k|   0     0 |   0     0 |  30   126 |01-12 03:15:01
  0   0  99   1   0   0|   0  2048k|5478B 2805B|   0     0 |  21   114 |01-12 03:15:02
  0   0  98   2   0   0|   0  4096k|   0     0 |   0     0 |  20    84 |01-12 03:15:03
  0   0  99   1   0   0|   0  3072k| 176B  110B|   0     0 |  22   108 |01-12 03:15:04
  2   1  96   1   0   0|4096B 3100k|  11k 4549B|   0     0 |  65   303 |01-12 03:15:05
  0   0  99   1   0   0|   0  4096k|1110B  714B|   0     0 |  54   187 |01-12 03:15:06
  0   0  99   1   0   0|   0  2048k|1140B  840B|   0     0 |  33   129 |01-12 03:15:07
  0   0  99   1   0   0|   0  4096k|5982B 3111B|   0     0 |  21   141 |01-12 03:15:08
  2   1  97   1   0   0|   0  2048k|2404B 2582B|   0     0 |  51   255 |01-12 03:15:09
  0   0  99   1   0   0|   0  4096k|   0     0 |   0     0 |  18    90 |01-12 03:15:10
  2   1  97   1   0   0|   0  2048k|  10k 4443B|   0     0 |  74   303 |01-12 03:15:11
  0   0  98   2   0   0|   0  4168k|2016B 1190B|   0     0 |  54   226 |01-12 03:15:12
  0   0  99   2   0   0|   0  4096k| 840B  510B|   0     0 |  26   110 |01-12 03:15:13
  1   1  98   1   0   0|   0  2048k|6392B 3455B|   0     0 |  35   177 |01-12 03:15:14
  1   0  92   7   0   0|1436k 4096k|4857B 4518B|   0     0 |  62   361 |01-12 03:15:15
  0   0  87  13   0   0|2568k 2144k|   0     0 |   0     0 |  38   222 |01-12 03:15:16
  0   0  86  14   0   0|2172k 4096k|5580B 2907B|   0     0 |  24   168 |01-12 03:15:17
  0   0  87  13   0   0|2592k 2048k| 738B  408B|   0     0 |  35   175 |01-12 03:15:18
  1   1  86  12   0   0|1564k 4116k| 947B 1022B|   0     0 |  65   623 |01-12 03:15:19
  1   1  87  11   0   0|1264k 4432k|5874B 3793B|   0     0 |  78  1228 |01-12 03:15:20
  0   0  99   1   0   0|   0  2572k|2250B 2354B|   0     0 |  50   223 |01-12 03:15:21
  0   0  99   2   0   0|   0  4096k| 672B  408B|   0     0 |  36   138 |01-12 03:15:22
  0   0  99   1   0   0|   0  2048k|6302B 3983B|   0     0 |  33   164 |01-12 03:15:23
  0   0  99   1   0   0|   0  4096k|   0     0 |   0     0 |  18   100 |01-12 03:15:24
  0   0  99   1   0   0|   0  2048k|1176B  714B|   0     0 |  46   154 |01-12 03:15:25
  0   0  98   1   0   0|   0  4104k|5814B 3017B|   0     0 |  37   177 |01-12 03:15:26
  0   0  99   1   0   0|   0  3072k| 336B  204B|   0     0 |  36   117 |01-12 03:15:27
  0   0  99   1   0   0|   0  3072k| 840B  518B|   0     0 |  38   146 |01-12 03:15:28
  8   2  89   2   0   0|   0  4096k|5646B 2907B|   0     0 | 857  1887 |01-12 03:15:29
 34   1  64   1   0   0|   0  2048k|   0     0 |   0     0 | 833  2019 |01-12 03:15:30
 30   1  68   1   0   0|   0  4100k|  66B  310B|   0     0 |1246  2735 |01-12 03:15:31
 47   1  52   1   0   0|   0  2048k|5478B 2805B|   0     0 | 670  1408 |01-12 03:15:32
 32   1  65   2   0   0|   0  4188k| 132B  372B|   0     0 | 313   801 |01-12 03:15:33
  0   0  99   1   0   0|   0  2048k|   0     0 |   0     0 |  27   106 |01-12 03:15:34
  0   0  99   1   0   0|   0  4096k|5224B 2739B|   0     0 |  23   128 |01-12 03:15:35
  0   0  99   1   0   0|   0  4096k| 254B   66B|   0     0 |  35   155 |01-12 03:15:36
  0   0  99   1   0   0|   0  2048k|   0     0 |   0     0 |  26   131 |01-12 03:15:37
  0   0  98   2   0   0|   0  4096k|   0     0 |   0     0 |  24    99 |01-12 03:15:38
  0   0  99   1   0   0|   0  2048k|5972B 3299B|   0     0 |  42   169 |01-12 03:15:39
 10   2  85   2   0   0| 924k 4096k|  12k   11k|   0     0 |1011  2406 |01-12 03:15:40
  5   2  92   1   0   0|   0  2048k|  19k   35k|   0     0 | 598  1611 |01-12 03:15:41
  0   0  99   1   0   0|   0  4096k|5478B 2805B|   0     0 |  39   189 |01-12 03:15:42
  0   0  98   2   0   0|   0  3240k| 504B  306B|   0     0 |  36   140 |01-12 03:15:43
  0   0  99   1   0   0|   0  3072k| 336B  204B|   0     0 |  31   123 |01-12 03:15:44
  0   0  98   1   0   0|   0  4096k|5814B 3009B|   0     0 |  34   147 |01-12 03:15:45
 15   3  81   1   0   0|   0  2068k|3810k 2926k|   0     0 |1921  4636 |01-12 03:15:46
 25   8  63   2   0   3|   0  4096k|  16M   15M|   0     0 |3102  9941 |01-12 03:15:47
 31  10  56   1   0   3|   0  2048k|  18M   17M|   0     0 |2997    10k|01-12 03:15:48
 15   9  74   1   0   2|   0  4096k|  21M   20M|   0     0 |2136    11k|01-12 03:15:49
  1   0  98   0   0   0|   0  2064k|1119k 1061k|   0     0 | 291  1030 |01-12 03:15:50
  0   0  99   1   0   0|   0  4124k|5982B 3127B|   0     0 |  43   191 |01-12 03:15:51
  0   0  98   1   0   0|   0  4096k| 336B  220B|   0     0 |  49   230 |01-12 03:15:52
  0   0  99   1   0   0|   0  2048k| 738B  718B|   0     0 |  45   166 |01-12 03:15:53
  0   0  98   1   0   0|   0  4096k|6114B 4147B|   0     0 |  45   187 |01-12 03:15:54
  0   0  99   1   0   0|   0  2048k| 168B  102B|   0     0 |  28   110 |01-12 03:15:55
  0   0  98   1   0   0|   0  4096k| 906B  844B|   0     0 |  47   191 |01-12 03:15:56
  0   0  99   1   0   0|   0  2056k|6282B 5831B|   0     0 |  69   314 |01-12 03:15:57
  0   0  98   1   0   0|   0  4096k| 906B  526B|   0     0 | 103   297 |01-12 03:15:58
  0   0  99   1   0   0|   0  3072k| 336B  212B|   0     0 |  51   194 |01-12 03:15:59
  0   0  99   1   0   0|   0  3072k|5814B 3041B|   0     0 |  54   242 |01-12 03:16:00
  3   1  95   1   0   0|   0  4096k| 434B  532B|   0     0 |  42   159 |01-12 03:16:01
  2   2  96   1   0   0|   0  2048k| 382B 4902B|   0     0 |  52   202 |01-12 03:16:02
  0   0  98   2   0   0|   0  4096k|5478B 2805B|   0     0 |  18   123 |01-12 03:16:03
  0   0  99   1   0   0|   0  2048k|   0     0 |   0     0 |  19   118 |01-12 03:16:04
  0   0  99   1   0   0|   0  4096k|   0     0 |   0     0 |  24   107 |01-12 03:16:05
  0   0  99   1   0   0|   0  3072k|5478B 2805B|   0     0 |  22   123 |01-12 03:16:06
  0   0  99   1   0   0|   0  3072k|   0     0 |   0     0 |  39   144 |01-12 03:16:07
  0   0  99   1   0   0|   0  4096k|   0     0 |   0     0 |  23   108 |01-12 03:16:08
  0   0  99   1   0   0|   0  2048k|5478B 2805B|   0     0 |  23   124 |01-12 03:16:09
  0   0  99   1   0   0|   0  4096k|   0     0 |   0     0 |  22   111 |01-12 03:16:10
  0   0  99   1   0   0|   0  2048k| 636B  822B|   0     0 |  56   259 |01-12 03:16:11
  0   0  98   1   0   0|   0  4152k|5654B 2963B|   0     0 |  40   206 |01-12 03:16:12
  4   2  92   2   0   0|   0  2048k| 816B 5434B|   0     0 |  57   184 |01-12 03:16:13
  0   0  95   5   0   0|   0  4212k| 726B   10k|   0     0 |  35   136 |01-12 03:16:14
  0   0  98   1   0   0|   0  4096k|5984B 4995B|   0     0 |  28   167 |01-12 03:16:15
  0   0  99   1   0   0|   0  2048k|1012B 4734B|   0     0 |  40   154 |01-12 03:16:16
  0   0  95   5   0   0|8192B   59M| 828B   10k|   0     0 |  51   211 |01-12 03:16:17
  0   0  99   1   0   0|   0  2048k|5940B   11k|   0     0 |  35   167 |01-12 03:16:18
  0   0  98   2   0   0|   0  4096k| 770B   12k|   0     0 |  39   143 |01-12 03:16:19
  0   0  99   1   0   0|   0  2048k|1056B   18k|   0     0 |  46   176 |01-12 03:16:20
  1   0  98   1   0   0|   0  4112k|  10k   42k|   0     0 | 100   380 |01-12 03:16:21
  0   0  99   1   0   0|   0  3072k|6144B   99k|   0     0 | 194   560 |01-12 03:16:22
  0   0  99   1   0   0|   0  3072k|6144B  101k|   0     0 | 174   485 |01-12 03:16:23
  0   0  98   1   0   0|   0  4096k|8950B   54k|   0     0 |  95   333 |01-12 03:16:24
  0   0  99   1   0   0|   0  2048k|8204B  147k|   0     0 | 197   488 |01-12 03:16:25
  0   0  98   1   0   0|   0  4096k|3380B   67k|   0     0 | 107   293 |01-12 03:16:26
  1   0  99   1   0   0|   0  2048k|  14k  136k|   0     0 | 226   654 |01-12 03:16:27
  0   0  99   1   0   0|   0  4100k|1650B   26k|   0     0 |  62   222 |01-12 03:16:28
  0   0  99   1   0   0|   0  2560k|1056B   18k|   0     0 |  49   176 |01-12 03:16:29
  0   0  98   1   0   0|   0  3584k|6988B   27k|   0     0 |  60   218 |01-12 03:16:30
  0   0  98   2   0   0|   0  4096k|5946B  101k|   0     0 | 171   463 |01-12 03:16:31
  0   0  99   1   0   0|   0  2048k|1892B   30k|   0     0 |  84   302 |01-12 03:16:32
  0   0  98   2   0   0|   0  4096k|6114B 3627B|   0     0 |  45   219 |01-12 03:16:33
  0   0  99   1   0   0|   0  2048k|   0     0 |   0     0 |  24    94 |01-12 03:16:34
  0   0  99   1   0   0|   0  4096k| 352B  316B|   0     0 |  32   111 |01-12 03:16:35
  0   0  99   1   0   0|   0  2560k|5830B 3113B|   0     0 |  30   159 |01-12 03:16:36
  0   0  99   1   0   0|   0  3584k| 680B  440B|   0     0 |  52   171 |01-12 03:16:37
  0   0  99   1   0   0|   0  4096k| 352B  364B|   0     0 |  35   133 |01-12 03:16:38
  0   0  99   1   0   0|   0  2048k|5982B 3111B|   0     0 |  34   154 |01-12 03:16:39
  0   0  99   1   0   0|   0  4096k| 438B  330B|   0     0 |  32   141 |01-12 03:16:40
  0   0  99   1   0   0|   0  2048k| 402B  204B|   0     0 |  27   114 |01-12 03:16:41
  0   0  99   1   0   0|   0  4096k|6420B 3507B|   0     0 |  57   254 |01-12 03:16:42
  0   0  99   1   0   0|   0  2068k| 504B  322B|   0     0 |  42   168 |01-12 03:16:43
  0   0  98   2   0   0|   0  4184k| 168B  102B|   0     0 |  26   135 |01-12 03:16:44
  0   0  99   1   0   0|   0  3072k|5982B 3119B|   0     0 |  37   166 |01-12 03:16:45
  1   2  97   0   0   0|   0  3072k| 906B  836B|   0     0 |1115  2720 |01-12 03:16:46
  0   0  99   1   0   0|   0  4096k|   0     0 |   0     0 |  37   144 |01-12 03:16:47
  0   0  99   1   0   0|   0  2048k|5478B 2805B|   0     0 |  21   157 |01-12 03:16:48
  0   0  99   1   0   0|   0  4096k|   0     0 |   0     0 |  24   113 |01-12 03:16:49
  0   0  99   1   0   0|   0  2048k|   0     0 |   0     0 |  18    90 |01-12 03:16:50
  0   0  99   1   0   0|   0  4112k|5478B 2805B|   0     0 |  22   150 |01-12 03:16:51
  0   0  99   1   0   0|   0  3584k|   0     0 |   0     0 |  35   172 |01-12 03:16:52
  0   0  99   1   0   0|   0  2568k|   0     0 |   0     0 |  23   106 |01-12 03:16:53
  0   0  99   1   0   0|   0  4096k|5478B 2805B|   0     0 |  25   133 |01-12 03:16:54
  0   0  99   1   0   0|   0  2048k|   0     0 |   0     0 |  18    98 |01-12 03:16:55
  0   0  99   1   0   0|   0  4096k|   0     0 |   0     0 |  19   119 |01-12 03:16:56
  0   0  99   1   0   0|   0  2048k|5478B 2805B|   0     0 |  32   152 |01-12 03:16:57
  0   0  99   2   0   0|   0  4096k|   0     0 |   0     0 |  22    93 |01-12 03:16:58
  0   0  99   1   0   0|   0  2048k|   0     0 |   0     0 |  19    89 |01-12 03:16:59
  0   0  98   2   0   0|   0  4096k|5224B 2739B|   0     0 |  18   115 |01-12 03:17:00
  0   0  98   2   0   0|8192B 4096k| 254B   66B|   0     0 |  70   231 |01-12 03:17:01
  0   0 100   0   0   0|   0  2048k|   0     0 |   0     0 |  38   175 |01-12 03:17:02
  0   0  98   2   0   0|   0  4132k|   0     0 |   0     0 |  23    97 |01-12 03:17:03
  0   0  99   1   0   0|   0  2048k|5478B 2805B|   0     0 |  20   150 |01-12 03:17:04
  0   0  99   1   0   0|   0  4096k|   0     0 |   0     0 |  18   107 |01-12 03:17:05
  0   0  99   1   0   0|   0  2048k|   0     0 |   0     0 |  19    96 |01-12 03:17:06
  0   0  98   1   0   0|   0  4096k|5478B 2805B|   0     0 |  31   169 |01-12 03:17:07
  0   0  99   1   0   0|   0  3072k|   0     0 |   0     0 |  29   127 |01-12 03:17:08
  0   0  99   1   0   0|   0  3072k|   0     0 |   0     0 |  24   108 |01-12 03:17:09
  0   0  98   1   0   0|   0  4096k|5478B 2805B|   0     0 |  22   140 |01-12 03:17:10
  0   0  99   1   0   0|   0  2048k|   0     0 |   0     0 |  19   101 |01-12 03:17:11
  0   0  98   1   0   0|   0  4096k|   0     0 |   0     0 |  34   166 |01-12 03:17:12
  0   0  99   1   0   0|   0  2048k|5478B 2805B|   0     0 |  22   136 |01-12 03:17:13
  0   0  98   2   0   0|   0  4228k|   0     0 |   0     0 |  20   108 |01-12 03:17:14
  0   0  99   1   0   0|   0  2048k|   0     0 |   0     0 |  20   107 |01-12 03:17:15
  0   0  98   2   0   0|   0  4096k|5654B 2971B|   0     0 |  26   168 |01-12 03:17:16
  0   0  98   2   0   0|   0  4096k| 176B  206B|   0     0 |  37   155 |01-12 03:17:17
  1   2  97   1   0   0|   0  2048k| 410B  642B|   0     0 |1032  2635 |01-12 03:17:18
  0   0  98   2   0   0|   0  4096k|5654B 2971B|   0     0 |  26   141 |01-12 03:17:19
  0   0  99   1   0   0|   0  2048k| 168B  110B|   0     0 |  22   121 |01-12 03:17:20
  0   0  98   1   0   0|   0  4096k|3691B 6236B|   0     0 |  64   263 |01-12 03:17:21
  0   2  97   1   0   0|   0  2068k|6216B 3539B|   0     0 |1383  2972 |01-12 03:17:22
  0   0  99   1   0   0|   0  4096k| 446B  386B|   0     0 |  35   135 |01-12 03:17:23
  0   0  99   1   0   0|   0  4096k|1176B  770B|   0     0 |  46   189 |01-12 03:17:24
  0   0  99   1   0   0|   0  2048k|6814B 4107B|   0     0 |  39   191 |01-12 03:17:25
  0   0  99   1   0   0|   0  4096k| 732B  748B|   0     0 |  36   150 |01-12 03:17:26
  3   2  94   1   0   0|   0  2048k| 668B  738B|   0     0 |  62   208 |01-12 03:17:27
  1   1  97   1   0   0|   0  4096k|5970B 9897B|   0     0 |  46   203 |01-12 03:17:28
  0   0  99   1   0   0|   0  2048k|5140B   89k|   0     0 | 156   435 |01-12 03:17:29
  0   0  98   1   0   0|   0  4096k|5946B   99k|   0     0 | 178   475 |01-12 03:17:30
  0   0  99   1   0   0|   0  2560k|  11k  100k|   0     0 | 170   491 |01-12 03:17:31
  0   0  98   1   0   0|   0  3584k|5836B   97k|   0     0 | 181   521 |01-12 03:17:32
  0   0  98   2   0   0|   0  4096k|6078B  101k|   0     0 | 183   491 |01-12 03:17:33
  0   0  99   1   0   0|   0  2064k|6232B 9251B|   0     0 |  37   167 |01-12 03:17:34
  0   0  98   1   0   0|   0  4096k| 300B  578B|   0     0 |  35   143 |01-12 03:17:35
  0   0  99   1   0   0|   0  2048k|1410B 1014B|   0     0 |  62   214 |01-12 03:17:36
  0   0  98   1   0   0|   0  4096k|5646B 2907B|   0     0 |  43   193 |01-12 03:17:37
  0   0  99   1   0   0|   0  2048k| 336B  212B|   0     0 |  36   144 |01-12 03:17:38
  0   0  99   1   0   0|   0  4096k| 336B  212B|   0     0 |  26   119 |01-12 03:17:39
  0   0  98   1   0   0|   0  4096k|5916B 3209B|   0     0 |  30   168 |01-12 03:17:40
  0   0  99   1   0   0|   0  2048k| 606B  506B|   0     0 |  37   167 |01-12 03:17:41
  0   0  98   1   0   0|   0  4096k| 336B  212B|   0     0 |  49   289 |01-12 03:17:42
  0   0  99   1   0   0|   0  2048k|6852B 4393B|   0     0 |  64   278 |01-12 03:17:43
  0   0  99   2   0   0|   0  4104k| 336B  212B|   0     0 |  33   205 |01-12 03:17:44
  0   0  98   2   0   0|   0  2148k| 336B  228B|   0     0 |  57   269 |01-12 03:17:45
  1   0  96   3   0   0|  36k 4096k|6228B 5089B|   0     0 |  60   260 |01-12 03:17:46
  0   0  99   1   0   0|   0  2560k| 176B  150B|   0     0 |  36   203 |01-12 03:17:47
  0   0  99   1   0   0|   0  3584k| 418B 2444B|   0     0 |  28   126 |01-12 03:17:48
  0   0  98   1   0   0|   0  4172k|5654B 4019B|   0     0 |  25   154 |01-12 03:17:49
  0   0  99   1   0   0|   0  2048k| 528B  426B|   0     0 |  35   159 |01-12 03:17:50
  0   0  99   1   0   0|   0  4096k| 176B  998B|   0     0 |  28   128 |01-12 03:17:51
  0   0  99   1   0   0|   0  2048k|5478B 2805B|   0     0 |  36   209 |01-12 03:17:52
  0   0  99   1   0   0|   0  4108k|1848B 2114B|   0     0 |  93   303 |01-12 03:17:53
  0   0  99   1   0   0|   0  2560k|2112B 4188B|   0     0 |  96   304 |01-12 03:17:54
  0   0  99   1   0   0|   0  3584k|6006B 3935B|   0     0 |  36   169 |01-12 03:17:55
  0   0  99   1   0   0|   0  4096k|1056B 1684B|   0     0 |  47   181 |01-12 03:17:56
  0   0  99   1   0   0|   0  2048k| 528B 2186B|   0     0 |  47   168 |01-12 03:17:57
  0   0  99   1   0   0|   0  4096k|5896B 5777B|   0     0 |  33   159 |01-12 03:17:58
  0   0  99   1   0   0|   0  2048k| 696B 4124B|   0     0 |  37   131 |01-12 03:17:59
  0   0  98   1   0   0|   0  4096k| 528B 3076B|   0     0 |  36   151 |01-12 03:18:00
  0   0  99   1   0   0|   0  2048k|5654B 3899B|   0     0 |  27   128 |01-12 03:18:01
  0   0  98   2   0   0|   0  4096k|   0     0 |   0     0 |  36   147 |01-12 03:18:02
  0   0  98   2   0   0|   0  3584k| 176B  142B|   0     0 |  30   127 |01-12 03:18:03
  0   0  99   1   0   0|   0  2560k|5830B 3089B|   0     0 |  26   175 |01-12 03:18:04
  0   0  99   1   0   0|   0  4128k| 704B  568B|   0     0 |  34   146 |01-12 03:18:05
  0   0  99   1   0   0|   0  2048k| 176B  142B|   0     0 |  24   102 |01-12 03:18:06
  0   0  99   1   0   0|   0  4096k|5654B 2947B|   0     0 |  35   187 |01-12 03:18:07
  0   0  99   1   0   0|   0  2048k| 880B  806B|   0     0 |  40   172 |01-12 03:18:08
  0   0  99   1   0   0|   0  4096k| 880B  710B|   0     0 |  40   144 |01-12 03:18:09
  0   0  99   1   0   0|   0  2560k|6710B 3895B|   0     0 |  52   197 |01-12 03:18:10
  0   0  99   1   0   0|   0  3584k| 880B  822B|   0     0 |  41   144 |01-12 03:18:11
  0   0  98   1   0   0|   0  4096k| 880B  726B|   0     0 |  53   229 |01-12 03:18:12
  0   0  99   1   0   0|   0  2048k|6534B 3729B|   0     0 |  52   198 |01-12 03:18:13
  0   0  99   2   0   0|   0  4096k| 270B  274B|   0     0 |  30   114 |01-12 03:18:14
  0   0  99   1   0   0|   0  2128k|1120B 1558B|   0     0 |  74   290 |01-12 03:18:15
  0   0  98   2   0   0|   0  4096k|5654B 2947B|   0     0 |  30   167 |01-12 03:18:16
  0   0  99   1   0   0|   0  2048k| 704B 1040B|   0     0 |  51   187 |01-12 03:18:17
  0   0  98   2   0   0|   0  4096k| 528B  882B|   0     0 |  38   143 |01-12 03:18:18
  0   0  98   1   0   0|   0  3072k|6006B 3575B|   0     0 |  37   165 |01-12 03:18:19
  1   0  98   1   0   0|   0  3072k| 520B  354B|   0     0 | 102   298 |01-12 03:18:20
 15   1  83   1   0   0|   0  4096k|2683B 5590B|   0     0 |1061  2455 |01-12 03:18:21
 39   2  59   0   0   0|   0  2052k|5290B 3049B|   0     0 | 968  2217 |01-12 03:18:22
 35   1  63   1   0   0|   0  4112k| 254B   66B|   0     0 |1067  2237 |01-12 03:18:23
 50   1  48   1   0   0|   0  2072k|   0     0 |   0     0 | 445   988 |01-12 03:18:24
 11   0  88   1   0   0|   0  4172k| 132B  372B|   0     0 | 123   425 |01-12 03:18:25
  0   0  98   1   0   0|   0  3584k|5900B 3517B|   0     0 |  25   141 |01-12 03:18:26
  0   0  99   1   0   0|   0  2560k|   0     0 |   0     0 |  33   124 |01-12 03:18:27
  0   0  99   1   0   0|   0  4096k|   0     0 |   0     0 |  29   129 |01-12 03:18:28
  0   0  99   1   0   0|   0  2048k|5478B 2805B|   0     0 |  24   126 |01-12 03:18:29
  0   0  98   2   0   0|   0  4096k|   0     0 |   0     0 |  24   110 |01-12 03:18:30
  7   2  90   1   0   0|4096B 2048k|  10k 9798B|   0     0 | 768  1797 |01-12 03:18:31
 18   2  78   2   0   0|  20k 4096k|  27k   39k|   0     0 | 850  2149 |01-12 03:18:32
  0   0  99   1   0   0|   0  2560k| 666B  372B|   0     0 |  38   142 |01-12 03:18:33
  0   0  99   1   0   0|   0  3584k|   0     0 |   0     0 |  24   106 |01-12 03:18:34
  0   0  98   1   0   0|   0  4096k|5478B 2805B|   0     0 |  22   113 |01-12 03:18:35
  0   0  99   1   0   0|   0  2056k|   0     0 |   0     0 |  20    99 |01-12 03:18:36
  7   1  90   1   0   0|   0  4096k|1654k  350k|   0     0 | 915  2077 |01-12 03:18:37
 35   9  53   0   0   3|   0  2048k|  20M   19M|   0     0 |3335    11k|01-12 03:18:38
 35   8  53   1   0   4|   0  4096k|  23M   22M|   0     0 |2890    12k|01-12 03:18:39
 11   6  80   1   0   3|   0  2048k|  19M   19M|   0     0 |3270    12k|01-12 03:18:40
  7   5  85   1   0   2|   0  4096k|  14M   14M|   0     0 |3532  9899 |01-12 03:18:41
  0   0  99   1   0   0|   0  2560k| 102B  192B|   0     0 |  34   157 |01-12 03:18:42
  0   0  99   1   0   0|   0  3584k|   0     0 |   0     0 |  26   115 |01-12 03:18:43
  0   0  98   1   0   0|   0  4096k|5478B 2805B|   0     0 |  31   162 |01-12 03:18:44
  0   0  99   1   0   0|   0  2168k|   0     0 |   0     0 |  26   113 |01-12 03:18:45
  0   0  98   1   0   0|   0  4228k|   0     0 |   0     0 |  20   119 |01-12 03:18:46
  0   0  99   1   0   0|   0  2048k|5478B 2805B|   0     0 |  38   179 |01-12 03:18:47
  0   0  99   1   0   0|   0  4096k|   0     0 |   0     0 |  23   128 |01-12 03:18:48
  0   0  99   1   0   0|   0  2048k|   0     0 |   0     0 |  19    98 |01-12 03:18:49
  0   0  98   2   0   0|   0  4096k|5478B 2805B|   0     0 |  22   131 |01-12 03:18:50
  0   0  99   1   0   0|   0  4096k|   0     0 |   0     0 |  24   105 |01-12 03:18:51
  0   0  99   1   0   0|   0  2048k|1074B  794B|   0     0 |  61   246 |01-12 03:18:52
  0   0  98   1   0   0|8192B 4096k|6486B 3433B|   0     0 |  54   242 |01-12 03:18:53
  0   0  99   1   0   0|   0  2064k| 168B  118B|   0     0 |  29   133 |01-12 03:18:54
  0   0  99   1   0   0|   0  4096k| 168B  102B|   0     0 |  24    97 |01-12 03:18:55
  0   0  99   1   0   0|   0  2056k|5646B 2907B|   0     0 |  23   150 |01-12 03:18:56
  0   0  98   1   0   0|   0  4096k| 504B  330B|   0     0 |  58   223 |01-12 03:18:57
  0   0  99   1   0   0|   0  3584k|1074B  874B|   0     0 |  54   185 |01-12 03:18:58
  0   0 100   0   0   0|   0  2560k|6180B 4829B|   0     0 |  41   211 |01-12 03:18:59
  0   0  98   1   0   0|   0  4096k| 336B  204B|   0     0 |  28   125 |01-12 03:19:00
  0   0  99   1   0   0|   0  2056k| 906B  796B|   0     0 |  46   183 |01-12 03:19:01
  0   0  98   2   0   0|   0  4096k|6708B 4007B|   0     0 | 237   301 |01-12 03:19:02
  0   0  99   1   0   0|   0  2048k|1038B 1896B|   0     0 |  58   216 |01-12 03:19:03
  0   0  99   1   0   0|   0  4096k|   0     0 |   0     0 |  24   121 |01-12 03:19:04
  0   0  99   1   0   0|   0  2560k|6552B 3751B|   0     0 |  54   219 |01-12 03:19:05
  0   0  98   2   0   0|   0  3632k|1170B 3480B|   0     0 |  63   262 |01-12 03:19:06
  0   0  98   1   0   0|   0  4096k| 672B  424B|   0     0 | 115   335 |01-12 03:19:07
  0   0  99   1   0   0|   0  2048k|5814B 3017B|   0     0 |  61   253 |01-12 03:19:08
  0   0  99   1   0   0|   0  4096k|   0     0 |   0     0 |  20   102 |01-12 03:19:09
  0   0  99   1   0   0|   0  2048k| 336B  236B|   0     0 |  51   176 |01-12 03:19:10
  1   0  98   1   0   0|   0  4444k|6228B 5053B|   0     0 |  54   223 |01-12 03:19:11
  0   0  99   1   0   0|   0  2048k| 528B 1890B|   0     0 |  43   194 |01-12 03:19:12
  0   0  99   1   0   0|   0  4096k|1188B 5670B|   0     0 |  58   202 |01-12 03:19:13
  0   0  98   1   0   0|   0  3584k|5654B 3435B|   0     0 |  25   130 |01-12 03:19:14
  0   0 100   0   0   0|   0  2560k|1056B 3780B|   0     0 |  43   146 |01-12 03:19:15
  0   0  97   3   0   0|   0  4192k|2288B   12k|   0     0 |  96   303 |01-12 03:19:16
  0   0  99   1   0   0|   0  2048k|9430B   22k|   0     0 | 157   470 |01-12 03:19:17
  0   0  98   1   0   0|   0  4096k|3762B   20k|   0     0 | 149   421 |01-12 03:19:18
  0   0  99   1   0   0|   0  2048k|3652B   20k|   0     0 | 146   401 |01-12 03:19:19
  0   0  98   1   0   0|   0  4096k|9408B   23k|   0     0 | 154   476 |01-12 03:19:20
  0   0  98   1   0   0|   0  2560k|6401B   25k|   0     0 | 174   515 |01-12 03:19:21
  0   0  99   1   0   0|   0  3584k|3718B   20k|   0     0 | 166   475 |01-12 03:19:22
  0   0  99   1   0   0|   0  4096k|9342B   23k|   0     0 | 156   484 |01-12 03:19:23
  0   0  99   1   0   0|   0  2048k|3784B   20k|   0     0 | 153   430 |01-12 03:19:24
  0   0  99   1   0   0|   0  4108k|3762B   20k|   0     0 | 158   447 |01-12 03:19:25
  0   0  99   1   0   0|   0  2048k|9588B   23k|   0     0 | 153   452 |01-12 03:19:26
  0   0  98   1   0   0|   0  4100k|3696B   20k|   0     0 | 165   477 |01-12 03:19:27
  0   0  99   1   0   0|   0  2560k|3718B   20k|   0     0 | 152   435 |01-12 03:19:28
  0   0  98   1   0   0|   0  3584k|7670B   13k|   0     0 |  85   308 |01-12 03:19:29
  0   0  99   1   0   0|   0  4096k| 528B 1960B|   0     0 |  32   138 |01-12 03:19:30
  0   0  99   1   0   0|   0  2048k| 528B 1890B|   0     0 |  30   130 |01-12 03:19:31
  0   0  98   2   0   0|   0  4096k|6182B 5325B|   0     0 |  50   249 |01-12 03:19:32
  0   0  99   1   0   0|   0  2048k| 814B 3390B|   0     0 |  47   152 |01-12 03:19:33
  0   0  98   2   0   0|   0  4096k|  66B    0 |   0     0 |  24   116 |01-12 03:19:34
  0   0  99   1   0   0|   0  2048k|5400B 3577B|   0     0 |  29   122 |01-12 03:19:35
  0   0  99   1   0   0|   0  4096k| 430B  728B|   0     0 |  28   133 |01-12 03:19:36
  0   0  99   1   0   0|   0  4116k|   0     0 |   0     0 |  34   143 |01-12 03:19:37
  0   0  99   1   0   0|   0  2048k|   0     0 |   0     0 |  25   111 |01-12 03:19:38
  0   0  98   1   0   0|   0  4096k|5478B 2805B|   0     0 |  24   128 |01-12 03:19:39
  0   0  99   1   0   0|   0  2048k| 102B  192B|   0     0 |  22   110 |01-12 03:19:40
  0   0  99   1   0   0|   0  4096k|   0     0 |   0     0 |  19    88 |01-12 03:19:41
  0   0  99   1   0   0|   0  2068k|5478B 2805B|   0     0 |  33   177 |01-12 03:19:42
  0   0  99   1   0   0|   0  4096k| 176B  838B|   0     0 |  25   122 |01-12 03:19:43
  0   0  99   1   0   0|   0  3072k|   0     0 |   0     0 |  20   113 |01-12 03:19:44
  0   0  99   1   0   0|   0  3072k|5478B 2805B|   0     0 |  21   146 |01-12 03:19:45
  0   0  98   2   0   0|   0  4152k|   0     0 |   0     0 |  25   105 |01-12 03:19:46
  0   0  99   1   0   0|   0  2144k| 176B  630B|   0     0 |  40   172 |01-12 03:19:47
  0   0  98   2   0   0|   0  4096k|6006B 4695B|   0     0 |  36   177 |01-12 03:19:48
  0   0  99   1   0   0|   0  2048k|   0     0 |   0     0 |  24    99 |01-12 03:19:49
  0   0  99   1   0   0|   0  4096k|1914B 9450B|   0     0 |  81   257 |01-12 03:19:50
  0   0  99   1   0   0|   0  2048k|6776B 9105B|   0     0 |  63   220 |01-12 03:19:51
  0   0  98   1   0   0|   0  4096k|3278B   17k|   0     0 | 146   437 |01-12 03:19:52
  0   0  98   1   0   0|   0  4096k|3930B   20k|   0     0 | 155   437 |01-12 03:19:53
  0   0  99   1   0   0|   0  2048k|9130B   22k|   0     0 | 153   450 |01-12 03:19:54
  0   0  98   1   0   0|   0  4116k|3894B   20k|   0     0 | 155   449 |01-12 03:19:55
  0   0  99   1   0   0|   0  2048k|3754B   20k|   0     0 | 149   430 |01-12 03:19:56
  0   0  98   1   0   0|   0  4104k|7546B   13k|   0     0 |  97   330 |01-12 03:19:57
  0   0  99   1   0   0|   0  2048k| 594B 2552B|   0     0 |  34   117 |01-12 03:19:58
  0   0  98   2   0   0|   0  4096k| 638B 2552B|   0     0 |  39   133 |01-12 03:19:59
  0   0  99   1   0   0|   0  3072k|6248B 5605B|   0     0 |  38   179 |01-12 03:20:00
  0   0  99   1   0   0|   0  3072k| 176B  838B|   0     0 |  22    94 |01-12 03:20:01
  0   0  98   2   0   0|   0  4096k|   0     0 |   0     0 |  30   133 |01-12 03:20:02
  0   0  99   1   0   0|   0  2048k|5478B 2805B|   0     0 |  22   122 |01-12 03:20:03
  0   0  98   2   0   0|   0  4096k|   0     0 |   0     0 |  20   109 |01-12 03:20:04
  0   0  99   1   0   0|   0  2048k| 176B  678B|   0     0 |  22    95 |01-12 03:20:05
  0   0  99   1   0   0|   0  4096k|5654B 3651B|   0     0 |  24   129 |01-12 03:20:06
  0   0  99   1   0   0|   0  2048k|   0     0 |   0     0 |  31   122 |01-12 03:20:07
  0   0  99   1   0   0|   0  4116k|   0     0 |   0     0 |  20   104 |01-12 03:20:08
  0   0  99   1   0   0|   0  4096k|5478B 2805B|   0     0 |  20   127 |01-12 03:20:09
  0   0  99   1   0   0|   0  2048k|   0     0 |   0     0 |  19    80 |01-12 03:20:10
  0   0  99   1   0   0|   0  4096k|   0     0 |   0     0 |  18    83 |01-12 03:20:11
  0   0  99   1   0   0|   0  2048k|5478B 2805B|   0     0 |  32   184 |01-12 03:20:12
  0   0  99   1   0   0|   0  4104k| 176B  678B|   0     0 |  27   107 |01-12 03:20:13
  0   0  99   1   0   0|   0  2048k|1958B   10k|   0     0 |  82   250 |01-12 03:20:14
  0   0  98   1   0   0|   0  4096k|9408B   23k|   0     0 | 175   528 |01-12 03:20:15
  0   0  98   1   0   0|   0  3072k|3696B   20k|   0     0 | 150   429 |01-12 03:20:16
  0   0  98   1   0   0|   0  3108k|3718B   20k|   0     0 | 162   466 |01-12 03:20:17
  0   0  98   2   0   0|   0  4096k|9474B   23k|   0     0 | 160   478 |01-12 03:20:18
  0   0  99   1   0   0|   0  2048k|3652B   20k|   0     0 | 146   423 |01-12 03:20:19
  0   0  98   2   0   0|   0  4096k|3718B   20k|   0     0 | 153   456 |01-12 03:20:20
  0   0  99   1   0   0|   0  2048k|  10k   18k|   0     0 | 119   391 |01-12 03:20:21
  0   0  99   1   0   0|   0  4096k| 636B  822B|   0     0 |  53   197 |01-12 03:20:22
  0   0  99   1   0   0|   0  2048k|   0     0 |   0     0 |  21    92 |01-12 03:20:23
  0   0  99   1   0   0|   0  4096k|5478B 2805B|   0     0 |  19   140 |01-12 03:20:24
  0   0  99   1   0   0|   0  4096k|   0     0 |   0     0 |  18    85 |01-12 03:20:25
  0   0  99   1   0   0|   0  2060k|   0     0 |   0     0 |  19    88 |01-12 03:20:26
  0   0  98   2   0   0|   0  4096k|5900B 3517B|   0     0 |  32   172 |01-12 03:20:27
  0   0  99   1   0   0|   0  2048k|   0     0 |   0     0 |  27   132 |01-12 03:20:28
  0   0  99   2   0   0|   0  4096k|   0     0 |   0     0 |  20   117 |01-12 03:20:29
  0   0  99   1   0   0|   0  2048k|5478B 2805B|   0     0 |  22   139 |01-12 03:20:30
  0   0  98   1   0   0|   0  4096k|   0     0 |   0     0 |  19   128 |01-12 03:20:31
  0   0  99   1   0   0|   0  3072k| 282B  648B|   0     0 |  33   191 |01-12 03:20:32
  0   0  99   1   0   0|   0  3080k|5658B 2871B|   0     0 |  26   141 |01-12 03:20:33
  0   0  98   2   0   0|   0  4096k|   0     0 |   0     0 |  19    94 |01-12 03:20:34
  0   0  99   1   0   0|   0  2048k|   0     0 |   0     0 |  19    79 |01-12 03:20:35
  0   0  99   1   0   0|   0  4096k|5478B 2805B|   0     0 |  23   151 |01-12 03:20:36
  0   0  97   3   0   0|   0  2048k|   0     0 |   0     0 |  37   190 |01-12 03:20:37
  0   0  98   2   0   0|   0  4104k|   0     0 |   0     0 |  22    98 |01-12 03:20:38
  0   0  99   1   0   0|   0  2048k|5478B 2805B|   0     0 |  18   123 |01-12 03:20:39
  0   0  99   1   0   0|   0  4096k|   0     0 |   0     0 |  19   101 |01-12 03:20:40
  0   0  99   1   0   0|   0  2048k|   0     0 |   0     0 |  19    83 |01-12 03:20:41
  0   0  98   1   0   0|   0  4096k|5478B 2931B|   0     0 |  34   166 |01-12 03:20:42
  0   0  99   1   0   0|   0  4096k| 282B  270B|   0     0 |  19    97 |01-12 03:20:43
  0   0  99   1   0   0|   0  2060k|   0     0 |   0     0 |  22   113 |01-12 03:20:44
 11  12  76   1   0   0| 100k 4372k|  10k 8733B|   0     0 |1006  2588 |01-12 03:20:45
