[7l----total-cpu-usage---- -dsk/total- -net/total- ---paging-- ---system-- ----system----
usr sys idl wai hiq siq| read  writ| recv  send|  in   out | int   csw |     time     
  1   1  94   4   0   0| 733k 3148k|   0     0 |   0     0 | 135   337 |01-12 02:26:53
  0   0  99   1   0   0|   0  4096k|   0     0 |   0     0 |  20    88 |01-12 02:26:54
  0   0  99   1   0   0|4096B 2092k|   0     0 |   0     0 |  24   100 |01-12 02:26:55
  0   0  99   1   0   0|   0  4096k|5478B 2805B|   0     0 |  36   178 |01-12 02:26:56
 20   3  74   2   0   1| 584k 2048k|8424k 6888k|   0     0 |2088  6158 |01-12 02:26:57
  0   0  99   1   0   0|   0  4096k|  18k  692B|   0     0 |  39   144 |01-12 02:26:58
  0   0  98   1   0   0|   0  3584k|7890B 4059B|   0     0 |  37   182 |01-12 02:26:59
  0   0  99   1   0   0|   0  2588k|   0     0 |   0     0 |  26   103 |01-12 02:27:00
  0   0  98   1   0   0|   0  4096k|   0     0 |   0     0 |  33   167 |01-12 02:27:01
  0   0  99   1   0   0|   0  2048k|5478B 2805B|   0     0 |  22   128 |01-12 02:27:02
  0   0  99   1   0   0|   0  4108k|   0     0 |   0     0 |  23   118 |01-12 02:27:03
  0   0  99   1   0   0|   0  2048k|   0     0 |   0     0 |  22   102 |01-12 02:27:04
  0   0  98   2   0   0|   0  4108k|7728B 5159B|   0     0 |  47   254 |01-12 02:27:05
  0   0  99   1   0   0|   0  2048k|   0     0 |   0     0 |  34   141 |01-12 02:27:06
  0   0  98   2   0   0|   0  4096k|   0     0 |   0     0 |  20    95 |01-12 02:27:07
  0   0  99   1   0   0|   0  4096k|5900B 3517B|   0     0 |  22   136 |01-12 02:27:08
  0   0 100   0   0   0|   0  2048k|   0     0 |   0     0 |  21   115 |01-12 02:27:09
  0   0  99   1   0   0|   0  4096k|   0     0 |   0     0 |  25   108 |01-12 02:27:10
  0   0  99   1   0   0|   0  2064k|5478B 2805B|   0     0 |  34   182 |01-12 02:27:11
  0   0  99   1   0   0|   0  4096k|   0     0 |   0     0 |  23    99 |01-12 02:27:12
  0   0  99   1   0   0|   0  2048k|   0     0 |   0     0 |  20    93 |01-12 02:27:13
  0   0  98   1   0   0|   0  4096k|5478B 2805B|   0     0 |  28   153 |01-12 02:27:14
  0   0  99   1   0   0|   0  4096k|   0     0 |   0     0 |  20    92 |01-12 02:27:15
  0   0  99   1   0   0|   0  2064k|   0     0 |   0     0 |  30   133 |01-12 02:27:16
  0   0  98   2   0   0|   0  4096k|5478B 2805B|   0     0 |  21   132 |01-12 02:27:17
  0   0  99   1   0   0|   0  2048k|   0     0 |   0     0 |  19    97 |01-12 02:27:18
  0   0  98   1   0   0|   0  4096k|   0     0 |   0     0 |  21   100 |01-12 02:27:19
  0   0  99   1   0   0|   0  2048k|5224B 2739B|   0     0 |  23   110 |01-12 02:27:20
  0   0  98   2   0   0|   0  4260k| 254B   66B|   0     0 |  34   193 |01-12 02:27:21
  0   0  99   1   0   0|   0  3584k|   0     0 |   0     0 |  21   111 |01-12 02:27:22
  0   0  97   3   0   0|   0  2560k|   0     0 |   0     0 |  18    83 |01-12 02:27:23
  0   0  99   1   0   0|   0  2048k|5478B 2805B|   0     0 |  20   133 |01-12 02:27:24
  0   0  98   1   0   0|   0  4096k|   0     0 |   0     0 |  31   157 |01-12 02:27:25
  0   0  99   1   0   0|   0  2048k|   0     0 |   0     0 |  38   167 |01-12 02:27:26
  0   0  98   1   0   0|   0  4096k|5478B 2805B|   0     0 |  20   118 |01-12 02:27:27
  0   0  99   1   0   0|   0  4096k|   0     0 |   0     0 |  23   100 |01-12 02:27:28
  0   0  99   1   0   0|   0  2048k|   0     0 |   0     0 |  19   108 |01-12 02:27:29
  0   0  99   1   0   0|   0  4096k|5478B 2805B|   0     0 |  20   134 |01-12 02:27:30
  0   0  99   1   0   0|   0  2048k|   0     0 |   0     0 |  33   145 |01-12 02:27:31
  0   0  99   1   0   0|   0  4096k|   0     0 |   0     0 |  24   104 |01-12 02:27:32
  0   0  99   1   0   0|   0  2048k|6486B 3715B|   0     0 |  46   221 |01-12 02:27:33
  0   0  99   1   0   0|   0  4112k| 636B 1230B|   0     0 |  43   176 |01-12 02:27:34
  0   0  99   1   0   0|   0  4096k| 840B  518B|   0     0 |  43   180 |01-12 02:27:35
  0   0  99   1   0   0|   0  2048k|6414B 5977B|   0     0 |  70   274 |01-12 02:27:36
  0   0  99   1   0   0|   0  4096k| 840B  510B|   0     0 |  40   154 |01-12 02:27:37
  0   0  99   1   0   0|   0  2048k| 438B  362B|   0     0 | 114   339 |01-12 02:27:38
  0   0  98   2   0   0|   0  4096k|5544B 2805B|   0     0 |  22   130 |01-12 02:27:39
  0   0  91   8   0   0|3640k 2048k| 168B  102B|   0     0 |  32   307 |01-12 02:27:40
  1   0  92   7   0   0| 476k 4096k| 648B 1960B|   0     0 |  61   462 |01-12 02:27:41
  0   0  99   1   0   0|   0  4096k|5478B 2805B|   0     0 |  26   141 |01-12 02:27:42
  0   0  99   1   0   0|   0  2048k|   0     0 |   0     0 |  19   100 |01-12 02:27:43
  0   0  99   1   0   0|   0  4096k|   0     0 |   0     0 |  23   112 |01-12 02:27:44
  0   0  99   1   0   0|   0  2048k|5478B 2805B|   0     0 |  21   154 |01-12 02:27:45
  0   0  99   1   0   0|   0  4096k| 176B  798B|   0     0 |  37   154 |01-12 02:27:46
  0   0  99   1   0   0|   0  2048k| 176B  790B|   0     0 |  26    99 |01-12 02:27:47
  0   0  98   1   0   0|   0  4096k|5478B 2805B|   0     0 |  22   129 |01-12 02:27:48
  0   0  99   1   0   0|   0  2048k| 704B 1920B|   0     0 |  34   161 |01-12 02:27:49
  0   0  99   1   0   0|   0  4096k|   0     0 |   0     0 |  20    85 |01-12 02:27:50
  0   0  98   1   0   0|   0  4096k|5478B 2805B|   0     0 |  31   170 |01-12 02:27:51
  0   0  99   1   0   0|   0  2132k| 336B  244B|   0     0 |  33   121 |01-12 02:27:52
  0   0  91   9   0   0| 260k 4096k| 300B  578B|   0     0 |  31   159 |01-12 02:27:53
  0   0  99   1   0   0|   0  2048k|5478B 2805B|   0     0 |  20   118 |01-12 02:27:54
  0   0  98   2   0   0|   0  4096k|   0     0 |   0     0 |  35   193 |01-12 02:27:55
  0   0  99   1   0   0|   0  2048k|   0     0 |   0     0 |  36   136 |01-12 02:27:56
  0   0  99   1   0   0|   0  4096k|5478B 2805B|   0     0 |  20   128 |01-12 02:27:57
  0   0  99   1   0   0|   0  4096k|   0     0 |   0     0 |  20    99 |01-12 02:27:58
  0   0  99   1   0   0|   0  2048k|   0     0 |   0     0 |  24   130 |01-12 02:27:59
  0   0  99   1   0   0|   0  4096k|5478B 2805B|   0     0 |  31   136 |01-12 02:28:00
  0   0  99   1   0   0|   0  2048k|   0     0 |   0     0 |  36   157 |01-12 02:28:01
  0   0  99   1   0   0|   0  4096k|   0     0 |   0     0 |  19   112 |01-12 02:28:02
  0   0  99   1   0   0|   0  2048k|5478B 2805B|   0     0 |  21   131 |01-12 02:28:03
  0   0  99   1   0   0|   0  4096k|   0     0 |   0     0 |  20    99 |01-12 02:28:04
  0   0  99   0   0   0|   0  2572k|2683B 5592B|   0     0 |  57   250 |01-12 02:28:05
  0   0  99   1   0   0|   0  3584k|5712B 3233B|   0     0 |  38   169 |01-12 02:28:06
  0   0  98   1   0   0|   0  4096k| 738B  590B|   0     0 |  41   146 |01-12 02:28:07
  0   0  99   1   0   0|   0  2048k| 672B  424B|   0     0 |  45   160 |01-12 02:28:08
  0   0  98   2   0   0|   0  4096k|6236B 3721B|   0     0 |  28   166 |01-12 02:28:09
  0   0 100   0   0   0|   0  2048k| 168B  110B|   0     0 |  24    95 |01-12 02:28:10
  0   0  98   2   0   0|   0  4096k| 672B  424B|   0     0 |  60   227 |01-12 02:28:11
  0   0  99   1   0   0|   0  2560k|6348B 4087B|   0     0 |  45   204 |01-12 02:28:12
  0   0  99   1   0   0|   0  3584k| 504B  306B|   0     0 |  36   157 |01-12 02:28:13
  0   0  98   1   0   0|   0  4096k| 336B  228B|   0     0 |  52   183 |01-12 02:28:14
  1   1  97   1   0   0|  40k 2048k|6228B 4653B|   0     0 |  53   228 |01-12 02:28:15
  0   0  99   1   0   0|   0  4096k| 352B 1620B|   0     0 |  42   175 |01-12 02:28:16
  0   0  99   1   0   0|   0  2048k| 176B  814B|   0     0 |  25   119 |01-12 02:28:17
  0   0  99   1   0   0|   0  4096k|5654B 3403B|   0     0 |  22   126 |01-12 02:28:18
  0   0  99   1   0   0|   0  2048k| 176B  718B|   0     0 |  28    95 |01-12 02:28:19
  0   0  99   1   0   0|   0  4096k| 176B  646B|   0     0 |  22    92 |01-12 02:28:20
  0   0  98   1   0   0|   0  3584k|5576B 4031B|   0     0 |  48   197 |01-12 02:28:21
  0   0  99   1   0   0|   0  2692k| 430B  720B|   0     0 |  24   113 |01-12 02:28:22
  0   0  98   1   0   0|   0  4096k|   0     0 |   0     0 |  18    83 |01-12 02:28:23
  0   0  99   1   0   0|   0  2048k|   0     0 |   0     0 |  22   117 |01-12 02:28:24
  0   0  98   2   0   0|   0  4096k|5478B 2805B|   0     0 |  20   164 |01-12 02:28:25
  0   0  99   1   0   0|   0  2048k| 466B 3186B|   0     0 |  39   157 |01-12 02:28:26
  0   0  99   1   0   0|4096B 4132k|   0     0 |   0     0 |  23   105 |01-12 02:28:27
  0   0  99   1   0   0|   0  2560k|6376B 4491B|   0     0 |  43   172 |01-12 02:28:28
  0   0  99   1   0   0|   0  3584k|2098B   12k|   0     0 |  66   227 |01-12 02:28:29
  0   0  99   1   0   0|   0  4096k|1444B 8468B|   0     0 |  58   180 |01-12 02:28:30
  0   0  99   1   0   0|   0  2048k|5478B 2805B|   0     0 |  38   166 |01-12 02:28:31
  0   0  98   2   0   0|   0  4096k|   0     0 |   0     0 |  19   108 |01-12 02:28:32
  0   0  99   1   0   0|   0  2048k|   0     0 |   0     0 |  20   118 |01-12 02:28:33
  0   0  99   1   0   0|   0  4096k|5478B 2805B|   0     0 |  21   138 |01-12 02:28:34
  0   0  99   1   0   0|   0  2048k|   0     0 |   0     0 |  21    99 |01-12 02:28:35
  0   0  98   1   0   0|   0  4112k|   0     0 |   0     0 |  34   128 |01-12 02:28:36
  0   0  99   1   0   0|   0  3584k|5478B 2805B|   0     0 |  25   158 |01-12 02:28:37
  0   0  99   1   0   0|   0  2572k|   0     0 |   0     0 |  21    97 |01-12 02:28:38
  0   0  98   1   0   0|   0  4096k|   0     0 |   0     0 |  21   108 |01-12 02:28:39
  0   0  99   1   0   0|   0  2048k|5478B 2805B|   0     0 |  22   113 |01-12 02:28:40
  0   0  98   2   0   0|   0  4096k|   0     0 |   0     0 |  20   100 |01-12 02:28:41
  0   0  99   1   0   0|   0  2048k|   0     0 |   0     0 |  40   157 |01-12 02:28:42
  0   0  99   1   0   0|   0  4096k|5478B 2805B|   0     0 |  22   126 |01-12 02:28:43
  0   0  99   1   0   0|   0  2560k|   0     0 |   0     0 |  19   105 |01-12 02:28:44
  0   0  99   1   0   0|   0  3584k|   0     0 |   0     0 |  21   110 |01-12 02:28:45
  0   0  99   1   0   0|   0  4096k|5478B 2805B|   0     0 |  24   133 |01-12 02:28:46
  0   0  99   1   0   0|   0  2048k|   0     0 |   0     0 |  30   124 |01-12 02:28:47
  0   0  99   1   0   0|   0  4112k|   0     0 |   0     0 |  23   100 |01-12 02:28:48
  0   0  99   1   0   0|   0  2048k|5478B 2805B|   0     0 |  19   145 |01-12 02:28:49
  0   0  99   1   0   0|   0  4096k|   0     0 |   0     0 |  19    93 |01-12 02:28:50
  0   0  99   1   0   0|   0  2048k| 840B 1134B|   0     0 |  39   154 |01-12 02:28:51
  0   0  98   1   0   0|   0  4096k|5654B 2931B|   0     0 |  41   178 |01-12 02:28:52
  0   0  96   4   0   0|   0  3792k| 176B  126B|   0     0 |  26   133 |01-12 02:28:53
  0   0  99   1   0   0|   0  2560k|1242B  960B|   0     0 |  49   175 |01-12 02:28:54
  0   0  98   2   0   0|   0  4096k|7056B 3945B|   0     0 |  63   226 |01-12 02:28:55
  0   0  99   1   0   0|   0  2048k| 504B  330B|   0     0 |  40   153 |01-12 02:28:56
  0   0  98   2   0   0|   0  4096k|1176B  976B|   0     0 |  68   255 |01-12 02:28:57
  0   0  99   1   0   0|   0  2052k|6516B 5181B|   0     0 |  50   197 |01-12 02:28:58
  0   0  99   1   0   0|   0  4096k| 336B  204B|   0     0 |  30   136 |01-12 02:28:59
  0   0  99   1   0   0|   0  3584k| 504B  322B|   0     0 |  34   132 |01-12 02:29:00
  0   0  99   1   0   0|   0  2560k|5982B 3389B|   0     0 |  33   162 |01-12 02:29:01
  0   0  98   1   0   0|   0  4096k| 570B  322B|   0     0 |  51   191 |01-12 02:29:02
  0   0  99   1   0   0|   0  2048k| 870B 1594B|   0     0 |  48   160 |01-12 02:29:03
  0   0  99   1   0   0|   0  4096k|6756B 3985B|   0     0 |  56   246 |01-12 02:29:04
  0   0  98   2   0   0|8192B 2048k|4393B 9336B|   0     0 | 107   373 |01-12 02:29:05
  0   0  98   1   0   0|   0  4116k|1002B 2782B|   0     0 |  50   188 |01-12 02:29:06
  0   0  99   1   0   0|   0  2560k|6216B 3323B|   0     0 | 109   360 |01-12 02:29:07
  0   0  99   1   0   0|   0  3584k|   0     0 |   0     0 |  20    87 |01-12 02:29:08
  0   0  99   2   0   0|   0  4096k|   0     0 |   0     0 |  18   107 |01-12 02:29:09
  0   0  99   1   0   0|   0  2048k|6002B 3619B|   0     0 |  24   125 |01-12 02:29:10
  0   0  98   2   0   0|   0  4096k| 402B 1124B|   0     0 |  50   163 |01-12 02:29:11
  0   0  99   1   0   0|   0  2048k|2412B 2530B|   0     0 | 127   365 |01-12 02:29:12
  0   0  99   1   0   0|   0  4096k|6742B 3949B|   0     0 |  63   232 |01-12 02:29:13
  0   0  99   1   0   0|   0  2048k| 590B  278B|   0     0 |  28   147 |01-12 02:29:14
  0   0  99   1   0   0|   0  4096k| 336B  244B|   0     0 |  50   188 |01-12 02:29:15
  1   0  98   1   0   0|   0  3072k| 882B 9224B|   0     0 |  55   184 |01-12 02:29:16
  0   0  99   1   0   0|   0  3072k|5478B 2805B|   0     0 |  30   171 |01-12 02:29:17
  0   0  99   1   0   0|   0  4096k|   0     0 |   0     0 |  19    85 |01-12 02:29:18
  0   0  99   1   0   0|   0  2048k|   0     0 |   0     0 |  18    81 |01-12 02:29:19
  0   0  98   2   0   0|   0  4096k|5478B 2805B|   0     0 |  20   118 |01-12 02:29:20
  0   0  99   1   0   0|   0  2048k|   0     0 |   0     0 |  18    91 |01-12 02:29:21
  0   0  98   1   0   0|   0  4096k|   0     0 |   0     0 |  32   138 |01-12 02:29:22
  0   0  99   1   0   0|   0  2048k|5478B 2805B|   0     0 |  19   103 |01-12 02:29:23
  0   0  98   2   0   0|   0  4212k|   0     0 |   0     0 |  22   118 |01-12 02:29:24
  0   0  99   1   0   0|   0  3584k|   0     0 |   0     0 |  20   104 |01-12 02:29:25
  0   0  99   1   0   0|   0  2560k|5478B 2805B|   0     0 |  19   110 |01-12 02:29:26
  0   0  98   2   0   0|   0  4096k|   0     0 |   0     0 |  33   143 |01-12 02:29:27
  0   0  99   1   0   0|   0  2048k|   0     0 |   0     0 |  22    83 |01-12 02:29:28
  0   0  98   1   0   0|   0  4104k|5478B 2805B|   0     0 |  19   147 |01-12 02:29:29
  0   0  99   1   0   0|   0  2048k|   0     0 |   0     0 |  19    76 |01-12 02:29:30
  0   0  99   1   0   0|   0  4096k|   0     0 |   0     0 |  18    80 |01-12 02:29:31
  0   0  99   1   0   0|   0  3584k|5478B 2805B|   0     0 |  36   172 |01-12 02:29:32
  0   0  99   1   0   0|   0  2560k|   0     0 |   0     0 |  18   101 |01-12 02:29:33
  0   0  99   1   0   0|   0  4168k|   0     0 |   0     0 |  24   121 |01-12 02:29:34
  0   0  99   1   0   0|   0  2048k|5478B 2805B|   0     0 |  21   117 |01-12 02:29:35
  0   0  99   1   0   0|   0  4096k|   0     0 |   0     0 |  23    94 |01-12 02:29:36
  0   0  99   1   0   0|   0  2060k|   0     0 |   0     0 |  30   148 |01-12 02:29:37
  0   0  98   1   0   0|   0  4096k|5478B 2805B|   0     0 |  21   116 |01-12 02:29:38
  0   0  99   1   0   0|   0  2560k|   0     0 |   0     0 |  20    93 |01-12 02:29:39
  0   0  99   1   0   0|   0  3584k|   0     0 |   0     0 |  18    83 |01-12 02:29:40
  0   0  98   2   0   0|   0  4096k|5478B 2805B|   0     0 |  21   136 |01-12 02:29:41
  0   0  99   1   0   0|   0  2048k|   0     0 |   0     0 |  32   127 |01-12 02:29:42
  0   0  98   2   0   0|   0  4096k|   0     0 |   0     0 |  19    78 |01-12 02:29:43
  0   0  99   1   0   0|   0  2048k|5478B 2805B|   0     0 |  21   117 |01-12 02:29:44
  0   0  99   1   0   0|   0  4096k|   0     0 |   0     0 |  19   102 |01-12 02:29:45
  0   0  99   1   0   0|   0  2048k|   0     0 |   0     0 |  19    85 |01-12 02:29:46
  0   0  99   1   0   0|   0  4096k|5478B 2805B|   0     0 |  30   158 |01-12 02:29:47
  0   0  98   1   0   0|   0  3584k|   0     0 |   0     0 |  22    90 |01-12 02:29:48
  0   0  99   1   0   0|   0  2560k|   0     0 |   0     0 |  19   101 |01-12 02:29:49
  0   0  98   2   0   0|   0  4096k|5478B 2805B|   0     0 |  19   117 |01-12 02:29:50
  0   0  99   1   0   0|   0  2048k|   0     0 |   0     0 |  19    83 |01-12 02:29:51
  0   0  98   1   0   0|   0  4096k|   0     0 |   0     0 |  38   170 |01-12 02:29:52
  0   0  96   4   0   0|   0  2048k|5478B 2805B|   0     0 |  20   141 |01-12 02:29:53
  0   0  99   1   0   0|   0  3072k|   0     0 |   0     0 |  21    87 |01-12 02:29:54
  0   0  99   1   0   0|   0  3108k|   0     0 |   0     0 |  19    93 |01-12 02:29:55
  0   0  99   1   0   0|   0  4096k|5478B 2805B|   0     0 |  21   119 |01-12 02:29:56
  0   0  99   1   0   0|   0  2048k|   0     0 |   0     0 |  30   149 |01-12 02:29:57
  0   0  90  10   0   0|   0  1536k|   0     0 |   0     0 |  20    81 |01-12 02:29:58
  0   0  93   7   0   0|   0   512k|5478B 2805B|   0     0 |  38   180 |01-12 02:29:59
  0   0  98   2   0   0|   0  4096k|   0     0 |   0     0 |  20    96 |01-12 02:30:00
  0   0  99   1   0   0|   0  2048k|   0     0 |   0     0 |  18    89 |01-12 02:30:01
  0   0  98   1   0   0|   0  4096k|5478B 2805B|   0     0 |  33   178 |01-12 02:30:02
  0   0  99   1   0   0|   0  2560k|   0     0 |   0     0 |  20    80 |01-12 02:30:03
  0   0  99   1   0   0|   0  3584k|   0     0 |   0     0 |  19    80 |01-12 02:30:04
  0   0  98   2   0   0|   0  4116k|8161B 8397B|   0     0 |  43   264 |01-12 02:30:05
  0   0  99   1   0   0|   0  2048k|   0     0 |   0     0 |  20    77 |01-12 02:30:06
  0   0  98   2   0   0|   0  4096k|   0     0 |   0     0 |  33   151 |01-12 02:30:07
  0   0  99   1   0   0|   0  2064k|5478B 2805B|   0     0 |  26   154 |01-12 02:30:08
  0   0  99   1   0   0|   0  4096k|   0     0 |   0     0 |  24   125 |01-12 02:30:09
  0   0  99   1   0   0|   0  2048k|   0     0 |   0     0 |  23   107 |01-12 02:30:10
  0   0  99   1   0   0|   0  4096k|5900B 3517B|   0     0 |  20   154 |01-12 02:30:11
  0   0  99   1   0   0|   0  3584k|   0     0 |   0     0 |  37   147 |01-12 02:30:12
  0   0 100   0   0   0|   0  2560k|   0     0 |   0     0 |  19   103 |01-12 02:30:13
  0   0  98   2   0   0|   0  4096k|5478B 2805B|   0     0 |  19   111 |01-12 02:30:14
  0   0  99   1   0   0|   0  2048k|   0     0 |   0     0 |  21    91 |01-12 02:30:15
  0   0  98   1   0   0|   0  4096k|   0     0 |   0     0 |  19    82 |01-12 02:30:16
  0   0  99   1   0   0|   0  2048k|5224B 2739B|   0     0 |  31   173 |01-12 02:30:17
  0   0  99   1   0   0|   0  4096k| 254B   66B|   0     0 |  21   104 |01-12 02:30:18
  0   0  99   1   0   0|   0  2560k|   0     0 |   0     0 |  19    74 |01-12 02:30:19
  0   0  99   1   0   0|   0  3584k|   0     0 |   0     0 |  19    92 |01-12 02:30:20
  0   0  98   1   0   0|   0  4096k|5478B 2805B|   0     0 |  21   160 |01-12 02:30:21
  0   0  99   1   0   0|   0  2048k|   0     0 |   0     0 |  37   165 |01-12 02:30:22
  0   0  99   1   0   0|   0  4096k|   0     0 |   0     0 |  19   116 |01-12 02:30:23
  0   0  99   1   0   0|   0  2048k|5478B 2805B|   0     0 |  24   143 |01-12 02:30:24
  0   0  98   2   0   0|   0  4108k|   0     0 |   0     0 |  21   126 |01-12 02:30:25
  0   0  99   1   0   0|   0  2096k|   0     0 |   0     0 |  22   111 |01-12 02:30:26
  0   0  98   1   0   0|   0  4096k|5478B 2805B|   0     0 |  33   168 |01-12 02:30:27
  0   0  99   1   0   0|   0  2560k|   0     0 |   0     0 |  22    97 |01-12 02:30:28
  0   0  99   1   0   0|   0  3584k|   0     0 |   0     0 |  18    91 |01-12 02:30:29
  0   0  99   1   0   0|   0  4096k|5478B 2805B|   0     0 |  20   117 |01-12 02:30:30
  0   0  99   1   0   0|   0  2048k|   0     0 |   0     0 |  21    87 |01-12 02:30:31
  0   0  98   1   0   0|   0  4096k|   0     0 |   0     0 |  37   168 |01-12 02:30:32
  0   0  99   1   0   0|   0  2048k|5478B 2805B|   0     0 |  19   129 |01-12 02:30:33
  0   0  99   1   0   0|   0  4096k|   0     0 |   0     0 |  18    82 |01-12 02:30:34
  0   0  99   1   0   0|   0  2060k|  90B   90B|   0     0 | 187   107 |01-12 02:30:35
  0   0  98   2   0   0|   0  4096k|5478B 2805B|   0     0 |  22   148 |01-12 02:30:36
  0   0  98   1   0   0|   0  3584k|   0     0 |   0     0 |  29   140 |01-12 02:30:37
  0   0  99   1   0   0|   0  2560k|   0     0 |   0     0 |  22    94 |01-12 02:30:38
  0   0  98   2   0   0|   0  4112k|5478B 2805B|   0     0 |  20   118 |01-12 02:30:39
  0   0 100   0   0   0|   0  2052k|   0     0 |   0     0 |  21    97 |01-12 02:30:40
  0   0  99   1   0   0|   0  4096k|   0     0 |   0     0 |  22   124 |01-12 02:30:41
  0   0  99   1   0   0|   0  2048k|5478B 2805B|   0     0 |  33   173 |01-12 02:30:42
  0   0  99   1   0   0|   0  4096k|   0     0 |   0     0 |  20    94 |01-12 02:30:43
  0   0  99   1   0   0|   0  3584k|   0     0 |   0     0 |  19    82 |01-12 02:30:44
  0   0  99   1   0   0|   0  2560k|5478B 2805B|   0     0 |  19   136 |01-12 02:30:45
  0   0  99   1   0   0|   0  4096k|   0     0 |   0     0 |  19    82 |01-12 02:30:46
  0   0  99   1   0   0|   0  2048k|   0     0 |   0     0 |  33   129 |01-12 02:30:47
  0   0  98   1   0   0|   0  4096k|5478B 2805B|   0     0 |  20   114 |01-12 02:30:48
  0   0 100   0   0   0|   0  2048k|   0     0 |   0     0 |  19    95 |01-12 02:30:49
  0   0  98   2   0   0|   0  4096k|   0     0 |   0     0 |  18    78 |01-12 02:30:50
  0   0  99   1   0   0|   0  2560k|5682B 3189B|   0     0 |  20   130 |01-12 02:30:51
  0   0  98   1   0   0|   0  3584k|   0     0 |   0     0 |  33   136 |01-12 02:30:52
  0   0  98   2   0   0|   0  4096k|   0     0 |   0     0 |  25   136 |01-12 02:30:53
  0   0 100   0   0   0|   0  2048k|5478B 2805B|   0     0 |  20   135 |01-12 02:30:54
  0   0  99   1   0   0|   0  4096k|   0     0 |   0     0 |  20   108 |01-12 02:30:55
  0   0  99   1   0   0|   0  2080k|   0     0 |   0     0 |  18    92 |01-12 02:30:56
  0   0  98   2   0   0|   0  4116k|5478B 2805B|   0     0 |  35   198 |01-12 02:30:57
  0   0  99   1   0   0|   0  2048k|   0    70B|   0     0 |  19    85 |01-12 02:30:58
  0   0  99   1   0   0|   0  4096k|   0     0 |   0     0 |  19    90 |01-12 02:30:59
  0   0  99   1   0   0|   0  3584k|5478B 2805B|   0     0 |  19   112 |01-12 02:31:00
  0   0  99   1   0   0|   0  2560k|   0     0 |   0     0 |  19    98 |01-12 02:31:01
  0   0  98   1   0   0|   0  4096k|   0     0 |   0     0 |  30   131 |01-12 02:31:02
  0   0 100   0   0   0|   0  2048k|5478B 2805B|   0     0 |  24   123 |01-12 02:31:03
  0   0  99   1   0   0|   0  4096k|   0     0 |   0     0 |  19    82 |01-12 02:31:04
  0   0  99   1   0   0|   0  2048k|2683B 5592B|   0     0 |  39   195 |01-12 02:31:05
  0   0  98   2   0   0|   0  4104k|5478B 2805B|   0     0 |  21   122 |01-12 02:31:06
  0   0  99   1   0   0|   0  2560k|   0     0 |   0     0 |  30   121 |01-12 02:31:07
  0   0  99   2   0   0|   0  3584k|   0     0 |   0     0 |  21    91 |01-12 02:31:08
  0   0  99   1   0   0|   0  4108k|5478B 2805B|   0     0 |  21   143 |01-12 02:31:09
  0   0  99   1   0   0|   0  2048k|   0     0 |   0     0 |  19    77 |01-12 02:31:10
  0   0  99   1   0   0|   0  4104k|   0     0 |   0     0 |  22   104 |01-12 02:31:11
  0   0  99   1   0   0|   0  2048k|5224B 2739B|   0     0 |  41   203 |01-12 02:31:12
  0   0  99   1   0   0|   0  4096k| 676B  778B|   0     0 |  18   135 |01-12 02:31:13
  0   0  99   1   0   0|   0  2048k|   0     0 |   0     0 |  18   109 |01-12 02:31:14
  0   0  99   1   0   0|   0  4096k|   0     0 |   0     0 |  22   116 |01-12 02:31:15
  0   0  98   2   0   0|   0  2048k|5580B 2997B|   0     0 |  22   129 |01-12 02:31:16
  0   0  99   1   0   0|   0  4096k|   0     0 |   0     0 |  34   166 |01-12 02:31:17
  0   0  98   2   0   0|   0  2048k|   0     0 |   0     0 |  25    99 |01-12 02:31:18
  0   0  98   2   0   0|   0  4096k|5814B 3115B|   0     0 |  28   146 |01-12 02:31:19
  0   0  99   1   0   0|   0  2560k| 300B  578B|   0     0 |  29   121 |01-12 02:31:20
  0   0  99   1   0   0|   0  3584k|   0     0 |   0     0 |  19    98 |01-12 02:31:21
  0   0  95   4   0   0|   0  2048k|5478B 2805B|   0     0 |  33   168 |01-12 02:31:22
  0   0  99   1   0   0|   0  4096k| 176B  158B|   0     0 |  22    94 |01-12 02:31:23
  0   0  99   1   0   0|   0  2048k| 176B  622B|   0     0 |  22    85 |01-12 02:31:24
  0   0  99   1   0   0|   0  4096k|6654B 3701B|   0     0 |  50   210 |01-12 02:31:25
  0   0  99   1   0   0|   0  2048k| 636B  544B|   0     0 |  36   129 |01-12 02:31:26
  0   0  98   2   0   0|   0  4100k| 972B  970B|   0     0 |  62   219 |01-12 02:31:27
  0   0  98   1   0   0|   0  2136k|6150B 3229B|   0     0 |  50   222 |01-12 02:31:28
  0   0  98   2   0   0|   0  4096k| 870B 1266B|   0     0 |  46   188 |01-12 02:31:29
  0   0  98   2   0   0|   0  4096k|   0     0 |   0     0 |  20   107 |01-12 02:31:30
  0   0  99   1   0   0|   0  2048k|6486B 3417B|   0     0 |  43   163 |01-12 02:31:31
  0   0  98   2   0   0|   0  4184k| 168B  102B|   0     0 |  42   183 |01-12 02:31:32
  0   0  99   1   0   0|   0  2048k|1008B  612B|   0     0 |  91   269 |01-12 02:31:33
 16   1  81   1   0   0|   0  4096k|5478B 2805B|   0     0 |1059  2264 |01-12 02:31:34
 41   2  56   1   0   0|   0  2052k|  66B  310B|   0     0 | 844  1955 |01-12 02:31:35
 37   1  61   1   0   0|   0  4096k|   0     0 |   0     0 |1060  2179 |01-12 02:31:36
 51   1  47   1   0   0|   0  2084k|5478B 2805B|   0     0 | 520  1233 |01-12 02:31:37
  5   0  92   2   0   0|   0  4152k| 132B  372B|   0     0 |  73   258 |01-12 02:31:38
  0   0 100   0   0   0|   0  2560k|   0     0 |   0     0 |  20   101 |01-12 02:31:39
  0   0  99   1   0   0|   0  3600k|5478B 2805B|   0     0 |  24   143 |01-12 02:31:40
  0   0  99   1   0   0|   0  4096k|   0     0 |   0     0 |  24   104 |01-12 02:31:41
  0   0  99   1   0   0|   0  2048k|   0     0 |   0     0 |  34   147 |01-12 02:31:42
  0   0  98   2   0   0|   0  4096k|5478B 2805B|   0     0 |  18   135 |01-12 02:31:43
  0   0  99   1   0   0|   0  2048k|   0     0 |   0     0 |  22    97 |01-12 02:31:44
  0   0  99   1   0   0|   0  4096k|   0     0 |   0     0 |  21   120 |01-12 02:31:45
  0   0  99   1   0   0|   0  2048k|5612B 2871B|   0     0 |  21   141 |01-12 02:31:46
  0   0  98   1   0   0|   0  4096k|   0     0 |   0     0 |  36   151 |01-12 02:31:47
  0   0  98   2   0   0|   0  3584k| 134B   66B|   0     0 |  19    97 |01-12 02:31:48
  0   0  99   1   0   0|   0  2560k|5478B 2805B|   0     0 |  21   133 |01-12 02:31:49
  0   0  99   1   0   0|   0  4096k|   0     0 |   0     0 |  19   106 |01-12 02:31:50
  0   0  99   1   0   0|   0  2048k|   0     0 |   0     0 |  19    91 |01-12 02:31:51
  0   0  98   2   0   0|   0  4096k|8908B 5383B|   0     0 |  53   240 |01-12 02:31:52
  5   1  92   1   0   0| 308k 2048k|7190B 7178B|   0     0 | 666  1560 |01-12 02:31:53
  7   1  88   4   0   0| 616k 4096k|  18k   30k|   0     0 | 642  1724 |01-12 02:31:54
  3   1  95   1   0   0|   0  2560k|  16k   13k|   0     0 | 323   795 |01-12 02:31:55
  0   0  99   1   0   0|   0  3584k| 254B   66B|   0     0 |  21   112 |01-12 02:31:56
  0   0  99   1   0   0|   0  4096k|   0     0 |   0     0 |  35   158 |01-12 02:31:57
  0   0  99   1   0   0|   0  2048k|   0     0 |   0     0 |  18    89 |01-12 02:31:58
 10   1  88   2   0   0|   0  4204k|1873k 1045k|   0     0 |1035  2607 |01-12 02:31:59
 15   2  82   0   0   1|   0  2048k|8845k 8192k|   0     0 |1700  5686 |01-12 02:32:00
  0   0  99   1   0   0|   0  4096k|   0     0 |   0     0 |  18   119 |01-12 02:32:01
  0   0  99   1   0   0|   0  2048k|5478B 2805B|   0     0 |  40   176 |01-12 02:32:02
  0   0  99   1   0   0|   0  4096k|   0     0 |   0     0 |  19    82 |01-12 02:32:03
  0   0  99   1   0   0|   0  4096k|   0     0 |   0     0 |  20   104 |01-12 02:32:04
  0   0  99   1   0   0|   0  2048k|8161B 8397B|   0     0 |  53   257 |01-12 02:32:05
  0   0  98   2   0   0|   0  4096k|   0     0 |   0     0 |  19   106 |01-12 02:32:06
  0   0  99   1   0   0|   0  2048k|   0     0 |   0     0 |  32   155 |01-12 02:32:07
  0   0  97   3   0   0|   0  4228k|5478B 2805B|   0     0 |  19   139 |01-12 02:32:08
  0   0  99   1   0   0|   0  2048k|   0     0 |   0     0 |  19    98 |01-12 02:32:09
  0   0  99   1   0   0|   0  4096k|   0     0 |   0     0 |  20   118 |01-12 02:32:10
  0   0  99   1   0   0|   0  4116k|5478B 2805B|   0     0 |  25   169 |01-12 02:32:11
  0   0  99   1   0   0|   0  2048k|   0     0 |   0     0 |  32   167 |01-12 02:32:12
  0   0  99   1   0   0|   0  4100k|   0     0 |   0     0 |  21   130 |01-12 02:32:13
  0   0  99   1   0   0|   0  2048k|5900B 3517B|   0     0 |  24   143 |01-12 02:32:14
  0   0  98   2   0   0|   0  4096k|   0     0 |   0     0 |  23   103 |01-12 02:32:15
  0   0  99   1   0   0|   0  2048k|   0     0 |   0     0 |  20   110 |01-12 02:32:16
  0   0  98   1   0   0|   0  4096k|   0     0 |   0     0 |  35   187 |01-12 02:32:17
  0   0  99   1   0   0|   0  2048k|5544B 2805B|   0     0 |  24   126 |01-12 02:32:18
  0   0  99   1   0   0|   0  4096k|   0     0 |   0     0 |  21    91 |01-12 02:32:19
  0   0  98   1   0   0|   0  4096k|   0     0 |   0     0 |  19   120 |01-12 02:32:20
  0   0  99   1   0   0|   0  2048k|5478B 2805B|   0     0 |  22   137 |01-12 02:32:21
  0   0  97   3   0   0|   0  3584k|   0     0 |   0     0 |  34   148 |01-12 02:32:22
  0   0  97   3   0   0|   0  2560k| 168B  320B|   0     0 |  23   124 |01-12 02:32:23
  0   0  99   1   0   0|   0  2048k|1242B  912B|   0     0 |  49   177 |01-12 02:32:24
  0   0  98   2   0   0|   0  4096k|6150B 3229B|   0     0 |  46   202 |01-12 02:32:25
  0   0  99   1   0   0|   0  2048k| 168B  102B|   0     0 |  26   100 |01-12 02:32:26
  0   0  98   2   0   0|   0  4096k| 680B  424B|   0     0 |  56   217 |01-12 02:32:27
  0   0  98   1   0   0|   0  3584k|5354B 1386B|   0     0 |  40   182 |01-12 02:32:28
  0   0  98   2   0   0|   0  2644k| 628B 1835B|   0     0 |  27   138 |01-12 02:32:29
  0   0  98   2   0   0|   0  4096k| 582B  384B|   0     0 |  35   150 |01-12 02:32:30
  0   0  99   1   0   0|   0  2048k| 774B  724B|   0     0 |  32   137 |01-12 02:32:31
  0   0  98   2   0   0|   0  4096k|6084B 4857B|   0     0 |  54   250 |01-12 02:32:32
  0   0  99   1   0   0|   0  2048k|   0     0 |   0     0 |  22   111 |01-12 02:32:33
  0   0  98   2   0   0|   0  4096k| 876B  758B|   0     0 |  40   165 |01-12 02:32:34
  0   0  99   1   0   0|   0  2048k| 540B 1056B|   0     0 |  40   158 |01-12 02:32:35
  0   0  99   1   0   0|   0  4096k|6114B 3111B|   0     0 |  34   170 |01-12 02:32:36
  0   0  99   1   0   0|   0  4096k| 234B  102B|   0     0 |  44   168 |01-12 02:32:37
  0   0  99   1   0   0|   0  2064k| 570B  624B|   0     0 |  39   163 |01-12 02:32:38
  0   0  99   1   0   0|   0  4096k|6282B 4129B|   0     0 |  53   203 |01-12 02:32:39
  0   0  99   1   0   0|   0  2048k|   0     0 |   0     0 |  20    92 |01-12 02:32:40
  0   0  98   1   0   0|   0  4096k|1242B 1048B|   0     0 |  55   202 |01-12 02:32:41
  0   0  99   1   0   0|   0  2064k|6216B 5679B|   0     0 |  64   268 |01-12 02:32:42
  0   0  99   1   0   0|   0  4104k| 402B  204B|   0     0 |  28   112 |01-12 02:32:43
  0   0  99   1   0   0|   0  2560k| 402B  314B|   0     0 |  92   263 |01-12 02:32:44
  0   0  95   5   0   0|   0  2560k|5478B 2805B|   0     0 |  22   169 |01-12 02:32:45
  0   0  98   2   0   0|   0  3072k|   0     0 |   0     0 |  25    91 |01-12 02:32:46
  0   0  98   1   0   0|   0  3584k| 336B  212B|   0     0 |  74   247 |01-12 02:32:47
  0   0  99   1   0   0|   0  2560k|5814B 3041B|   0     0 |  52   216 |01-12 02:32:48
  1   0  98   1   0   0|   0  4096k| 640B 9012B|   0     0 |  47   204 |01-12 02:32:49
  0   0  99   1   0   0|   0  2048k|   0     0 |   0     0 |  19    93 |01-12 02:32:50
  0   0  89  10   0   0|   0  1536k| 102B  192B|   0     0 |  22   105 |01-12 02:32:51
  0   0  95   5   0   0|   0  2560k|6006B 7005B|   0     0 |  48   218 |01-12 02:32:52
  0   0  99   1   0   0|   0  2048k| 176B 1446B|   0     0 |  22   117 |01-12 02:32:53
  0   0  99   2   0   0|   0  4096k|   0     0 |   0     0 |  20    95 |01-12 02:32:54
  0   0  99   1   0   0|   0  2048k|5478B 2805B|   0     0 |  27   145 |01-12 02:32:55
  0   0  99   1   0   0|   0  4096k|   0     0 |   0     0 |  22    92 |01-12 02:32:56
  0   0  99   1   0   0|   0  2048k|   0     0 |   0     0 |  36   158 |01-12 02:32:57
  0   0  99   1   0   0|   0  4096k|5478B 2805B|   0     0 |  18   120 |01-12 02:32:58
  0   0  99   1   0   0|   0  4096k|   0     0 |   0     0 |  23   120 |01-12 02:32:59
  0   0  97   3   0   0|   0  2112k|   0     0 |   0     0 |  22   108 |01-12 02:33:00
  0   0  98   1   0   0|   0  4096k|5224B 2739B|   0     0 |  20   137 |01-12 02:33:01
  0   0  99   1   0   0|   0  2048k| 254B   66B|   0     0 |  38   177 |01-12 02:33:02
  0   0  99   1   0   0|   0  4096k|   0     0 |   0     0 |  21    90 |01-12 02:33:03
  0   0  99   1   0   0|   0  2132k|   0     0 |   0     0 |  22    94 |01-12 02:33:04
  0   0  98   1   0   0|   0  4096k|8161B 8397B|   0     0 |  47   266 |01-12 02:33:05
  0   0  99   1   0   0|   0  3072k|   0     0 |   0     0 |  20   100 |01-12 02:33:06
  0   0  99   1   0   0|   0  3072k|   0     0 |   0     0 |  35   155 |01-12 02:33:07
  0   0  98   2   0   0|   0  4096k|5478B 2805B|   0     0 |  21   134 |01-12 02:33:08
  0   0  99   1   0   0|   0  2068k|   0     0 |   0     0 |  24   108 |01-12 02:33:09
  0   0  98   2   0   0|   0  4096k|   0     0 |   0     0 |  20    96 |01-12 02:33:10
  0   0  99   1   0   0|   0  2048k|5478B 2805B|   0     0 |  21   115 |01-12 02:33:11
  0   0  99   1   0   0|   0  4096k|   0     0 |   0     0 |  30   138 |01-12 02:33:12
  0   0  99   1   0   0|   0  3088k|   0     0 |   0     0 |  22   130 |01-12 02:33:13
  0   0  99   1   0   0|   0  3080k|5478B 2805B|   0     0 |  26   138 |01-12 02:33:14
  0   0  99   1   0   0|   0  4096k|   0     0 |   0     0 |  21   109 |01-12 02:33:15
  0   0  99   1   0   0|   0  2048k|   0     0 |   0     0 |  20    88 |01-12 02:33:16
  0   0  98   1   0   0|   0  4096k|5900B 3517B|   0     0 |  35   200 |01-12 02:33:17
  0   0  99   1   0   0|   0  2048k|   0     0 |   0     0 |  22    91 |01-12 02:33:18
  0   0  98   2   0   0|   0  4108k|   0     0 |   0     0 |  25   121 |01-12 02:33:19
  0   0  99   1   0   0|   0  2048k|5478B 2805B|   0     0 |  21   131 |01-12 02:33:20
  0   0  98   2   0   0|   0  4096k|   0     0 |   0     0 |  24   119 |01-12 02:33:21
  0   0  98   1   0   0|   0  4096k|   0     0 |   0     0 |  33   146 |01-12 02:33:22
  0   0  99   1   0   0|   0  2048k|5478B 2805B|   0     0 |  21   121 |01-12 02:33:23
  0   0  98   2   0   0|   0  4096k|   0     0 |   0     0 |  27   111 |01-12 02:33:24
  0   0  99   1   0   0|   0  2048k|   0     0 |   0     0 |  20   117 |01-12 02:33:25
  0   0  99   1   0   0|   0  4096k|5478B 2805B|   0     0 |  22   132 |01-12 02:33:26
  0   0 100   0   0   0|   0  2048k|   0     0 |   0     0 |  31   127 |01-12 02:33:27
  0   0  99   1   0   0|   0  4096k|   0     0 |   0     0 |  23   100 |01-12 02:33:28
  0   0  98   1   0   0|   0  4096k|5478B 2805B|   0     0 |  25   156 |01-12 02:33:29
  0   0  99   1   0   0|   0  2108k|   0     0 |   0     0 |  19   105 |01-12 02:33:30
  0   0  99   1   0   0|   0  4096k|   0     0 |   0     0 |  17    90 |01-12 02:33:31
  0   0  99   1   0   0|   0  2048k|5478B 2805B|   0     0 |  30   157 |01-12 02:33:32
  0   0  99   1   0   0|   0  4096k|   0     0 |   0     0 |  20   102 |01-12 02:33:33
  0   0  99   1   0   0|   0  2048k|   0     0 |   0     0 |  18    75 |01-12 02:33:34
  0   0  98   2   0   0|   0  4096k|5478B 2805B|   0     0 |  26   147 |01-12 02:33:35
  0   0  99   1   0   0|   0  2560k|   0     0 |   0     0 |  21   108 |01-12 02:33:36
  0   0  99   1   0   0|   0  3584k|   0     0 |   0     0 |  30   157 |01-12 02:33:37
  0   0  98   2   0   0|   0  2048k|5478B 2805B|   0     0 |  23   134 |01-12 02:33:38
