[7l----total-cpu-usage---- -dsk/total- -net/total- ---paging-- ---system-- ----system----
usr sys idl wai hiq siq| read  writ| recv  send|  in   out | int   csw |     time     
 15   3  64  17   0   0| 595k 3404k|   0     0 |   0     0 | 197   667 |30-11 22:06:34
  3   4  90   0   0   3|   0    12k| 281k 8301k|   0     0 |1166  4521 |30-11 22:06:35
  3   5  90   0   0   3|   0     0 | 294k 9089k|   0     0 |1117  4643 |30-11 22:06:36
  0   3  96   0   0   2|   0     0 | 307k 9189k|   0     0 |1201  4884 |30-11 22:06:37
  2   7  88   0   0   3|   0     0 | 296k 8833k|   0     0 |1147  4776 |30-11 22:06:38
  4   5  89   0   0   3|   0     0 | 284k 8322k|   0     0 | 998  4482 |30-11 22:06:39
  3   4  91   0   0   3|   0    24k| 320k 9438k|   0     0 |1215  5078 |30-11 22:06:40
  1   4  93   0   0   3|   0     0 | 321k 9769k|   0     0 |1232  5089 |30-11 22:06:41
  2   4  92   0   0   2|   0     0 | 292k 8592k|   0     0 |1132  4560 |30-11 22:06:42
  2   5  90   0   0   3|   0     0 | 266k 7859k|   0     0 |1074  4334 |30-11 22:06:43
  2   5  90   0   0   4|   0     0 | 295k 8837k|   0     0 |1178  4788 |30-11 22:06:44
  3   6  89   0   0   3|   0     0 | 329k 9670k|   0     0 |1254  5189 |30-11 22:06:45
  2   3  91   0   0   4|   0     0 | 302k 9048k|   0     0 |1196  4819 |30-11 22:06:46
  2   5  91   0   0   3|   0     0 | 275k 8233k|   0     0 |1097  4341 |30-11 22:06:47
  2   4  93   0   0   1|   0     0 | 311k 9146k|   0     0 |1189  4904 |30-11 22:06:48
  3   2  91   0   0   4|   0     0 | 312k 9343k|   0     0 |1238  4918 |30-11 22:06:49
  4   5  90   0   0   2|   0    40k| 299k 8950k|   0     0 |1150  4767 |30-11 22:06:50
  3   3  92   0   0   3|   0     0 | 298k 8750k|   0     0 |1153  4625 |30-11 22:06:51
  2   4  91   0   0   3|   0     0 | 294k 8811k|   0     0 |1161  4667 |30-11 22:06:52
  3   3  92   0   0   2|   0     0 | 279k 8356k|   0     0 |1080  4489 |30-11 22:06:53
  2   3  89   3   0   4|   0   124k| 275k 8088k|   0     0 |1004  4332 |30-11 22:06:54
  1   0  99   0   0   0|   0  4096B| 426B  586B|   0     0 |  74   236 |30-11 22:06:55
  0   0 100   0   0   0|   0     0 | 102B  110B|   0     0 |  30    75 |30-11 22:06:56
  0   0 100   0   0   0|   0     0 |6430B 3332B|   0     0 |  53   128 |30-11 22:06:57
  0   0 100   0   0   1|   0     0 | 840B  616B|   0     0 |  40    80 |30-11 22:06:58
  1   1  98   0   0   0|   0     0 | 583B  459B|   0     0 |  66   148 |30-11 22:06:59
  9   6  85   0   0   0|   0     0 |  59k 1453k|   0     0 | 372  1416 |30-11 22:07:00
  7   5  86   0   0   3|   0     0 | 315k 9409k|   0     0 |1107  4938 |30-11 22:07:01
  2   5  89   0   0   4|   0     0 | 297k 8877k|   0     0 |1166  4701 |30-11 22:07:02
  3   3  90   0   0   4|   0     0 | 290k 8544k|   0     0 |1108  4528 |30-11 22:07:03
  4   4  88   0   0   4|   0     0 | 312k 9335k|   0     0 |1205  4923 |30-11 22:07:04
  3   4  90   0   0   4|   0     0 | 300k 8979k|   0     0 |1124  4776 |30-11 22:07:05
  4   5  88   0   0   5|   0  4096B| 311k 9149k|   0     0 |1172  4867 |30-11 22:07:06
  4   2  91   0   0   3|   0     0 | 306k 9155k|   0     0 |1188  4863 |30-11 22:07:07
  2   4  89   0   0   4|   0     0 | 299k 8942k|   0     0 |1167  4738 |30-11 22:07:08
  2   3  93   0   0   2|   0     0 | 314k 9232k|   0     0 |1187  4946 |30-11 22:07:09
  3   5  90   0   0   3|   0     0 | 305k 9106k|   0     0 |1181  4850 |30-11 22:07:10
  4   3  92   0   0   2|   0     0 | 288k 8330k|   0     0 |1050  4600 |30-11 22:07:11
  3   3  93   0   0   2|   0     0 | 245k 7457k|   0     0 | 852  3834 |30-11 22:07:12
  2   4  91   0   0   3|   0     0 | 279k 8366k|   0     0 | 987  4458 |30-11 22:07:13
  3   6  89   0   0   2|   0     0 | 320k 9597k|   0     0 |1234  5003 |30-11 22:07:14
  2   6  89   0   0   3|   0     0 | 323k 9671k|   0     0 |1235  5092 |30-11 22:07:15
  4   4  89   0   0   3|   0     0 | 284k 8356k|   0     0 |1042  4417 |30-11 22:07:16
  3   5  90   0   0   2|   0     0 | 292k 8737k|   0     0 |1108  4647 |30-11 22:07:17
  3   4  90   0   0   3|   0     0 | 301k 9020k|   0     0 |1154  4778 |30-11 22:07:18
  4   4  90   0   0   3|   0     0 | 321k 9444k|   0     0 |1225  4955 |30-11 22:07:19
  3   5  90   0   0   3|   0  4096B| 244k 7292k|   0     0 | 987  4033 |30-11 22:07:20
  0   0 100   0   0   0|   0     0 |   0     0 |   0     0 |  23    45 |30-11 22:07:21
  1   0 100   0   0   0|   0     0 |5422B 2782B|   0     0 |  32    53 |30-11 22:07:22
  0   0 100   0   0   0|   0     0 |   0     0 |   0     0 |  23    27 |30-11 22:07:23
  0   0 100   0   0   0|   0     0 |   0     0 |   0     0 |  22    29 |30-11 22:07:24
  1   0  98   2   0   0|   0    84k|5422B 2782B|   0     0 |  46   117 |30-11 22:07:25
  1   1  98   0   0   0|   0   148k|2287B 2203B|   0     0 |  46   125 |30-11 22:07:26
  9   8  81   0   0   2|   0     0 | 196k 5802k|   0     0 | 920  3522 |30-11 22:07:27
  3   4  89   0   0   4|   0     0 | 326k 9596k|   0     0 |1281  5068 |30-11 22:07:28
  3   4  91   0   0   3|   0     0 | 327k 9810k|   0     0 |1250  5140 |30-11 22:07:29
  3   6  88   0   0   3|   0     0 | 328k 9818k|   0     0 |1295  5181 |30-11 22:07:30
  4   4  90   0   0   2|   0  4096B| 315k 9276k|   0     0 |1198  4884 |30-11 22:07:31
  2   4  91   0   0   3|   0     0 | 314k 9409k|   0     0 |1188  4956 |30-11 22:07:32
  2   3  91   0   0   4|   0     0 | 319k 9547k|   0     0 |1266  5027 |30-11 22:07:33
  3   6  90   0   0   2|   0     0 | 328k 9678k|   0     0 |1267  5095 |30-11 22:07:34
  3   5  90   0   0   2|   0     0 | 307k 9212k|   0     0 |1211  4868 |30-11 22:07:35
  2   4  93   0   0   2|   0     0 | 331k 9925k|   0     0 |1312  5202 |30-11 22:07:36
  2   3  92   0   0   3|   0     0 | 306k 9030k|   0     0 |1209  4766 |30-11 22:07:37
  3   3  92   0   0   3|   0     0 | 272k 8155k|   0     0 |1065  4330 |30-11 22:07:38
  2   5  90   0   0   3|   0     0 | 273k 8177k|   0     0 |1090  4345 |30-11 22:07:39
  3   4  91   0   0   2|   0     0 | 270k 7942k|   0     0 |1037  4230 |30-11 22:07:40
  3   5  90   0   0   2|   0     0 | 258k 7737k|   0     0 |1030  4130 |30-11 22:07:41
  2   4  90   0   0   4|   0    32k| 292k 8747k|   0     0 |1151  4629 |30-11 22:07:42
  3   3  92   0   0   2|   0     0 | 273k 8028k|   0     0 |1065  4304 |30-11 22:07:43
  2   4  90   0   0   5|   0     0 | 301k 8935k|   0     0 |1168  4788 |30-11 22:07:44
  3   3  93   0   0   2|   0     0 | 265k 7949k|   0     0 |1047  4236 |30-11 22:07:45
  2   6  90   0   0   2|   0     0 | 315k 9280k|   0     0 |1180  4911 |30-11 22:07:46
  1   3  96   0   0   1|   0  4096B| 112k 3335k|   0     0 | 478  1930 |30-11 22:07:47
  0   0 100   0   0   0|   0     0 |   0     0 |   0     0 |  26    47 |30-11 22:07:48
  0   0 100   0   0   0|   0     0 |5422B 2782B|   0     0 |  19    65 |30-11 22:07:49
  1   0 100   0   0   0|   0     0 |   0     0 |   0     0 |  33    66 |30-11 22:07:50
  0   0 100   0   0   0|   0     0 |   0     0 |   0     0 |  21    36 |30-11 22:07:51
  1   0  99   0   0   0|   0     0 |5844B 3494B|   0     0 |  30    78 |30-11 22:07:52
  1   1  99   0   0   0|   0     0 |1961B 1851B|   0     0 |  37    82 |30-11 22:07:53
 10   7  82   0   0   2|   0     0 | 265k 7882k|   0     0 | 604  2058 |30-11 22:07:54
  4   6  87   0   0   3|   0     0 | 580k   17M|   0     0 | 992  3634 |30-11 22:07:55
  3   6  85   1   0   6|   0    64k| 566k   17M|   0     0 |1000  3517 |30-11 22:07:56
  4   6  86   0   0   4|   0  4096B| 592k   17M|   0     0 | 863  3751 |30-11 22:07:57
  4   6  88   0   0   3|   0     0 | 568k   16M|   0     0 | 894  3749 |30-11 22:07:58
  4   6  86   0   0   5|   0     0 | 574k   17M|   0     0 | 953  3725 |30-11 22:07:59
  3   4  89   0   0   4|   0     0 | 588k   17M|   0     0 | 906  3585 |30-11 22:08:00
  4   6  86   0   0   5|   0     0 | 590k   17M|   0     0 | 830  3962 |30-11 22:08:01
  3   6  88   0   0   3|   0     0 | 466k   13M|   0     0 | 959  3422 |30-11 22:08:02
  3   7  87   0   0   4|   0     0 | 531k   16M|   0     0 | 829  3476 |30-11 22:08:03
  5   5  85   0   0   5|   0     0 | 596k   17M|   0     0 | 940  3655 |30-11 22:08:04
  4   7  85   0   0   4|   0     0 | 587k   17M|   0     0 | 917  3857 |30-11 22:08:05
  3   6  86   0   0   5|   0     0 | 573k   17M|   0     0 |1044  3520 |30-11 22:08:06
  3   5  89   0   0   3|   0     0 | 612k   18M|   0     0 | 955  3779 |30-11 22:08:07
  4   5  87   0   0   4|   0     0 | 584k   17M|   0     0 |1063  3669 |30-11 22:08:08
  3   3  91   0   0   3|   0     0 | 586k   17M|   0     0 | 798  3573 |30-11 22:08:09
  4   6  86   0   0   5|   0     0 | 597k   17M|   0     0 | 975  3807 |30-11 22:08:10
  4   5  87   0   0   5|   0     0 | 597k   17M|   0     0 | 859  3950 |30-11 22:08:11
  3   5  89   0   0   4|   0     0 | 591k   17M|   0     0 | 782  3513 |30-11 22:08:12
  4   5  87   0   0   5|   0     0 | 583k   17M|   0     0 | 834  3721 |30-11 22:08:13
  1   3  94   0   0   3|   0     0 | 309k 9068k|   0     0 | 516  1944 |30-11 22:08:14
  1   1  99   0   0   0|   0  4096B|1350B 2434B|   0     0 |  47   233 |30-11 22:08:15
  0   0 100   0   0   0|   0     0 |   0     0 |   0     0 |  21    48 |30-11 22:08:16
  1   0  99   0   0   0|   0  8192B|5422B 2782B|   0     0 |  28    73 |30-11 22:08:17
  0   0 100   0   0   0|   0     0 |   0     0 |   0     0 |  24    55 |30-11 22:08:18
  0   0 100   0   0   0|   0     0 |   0     0 |   0     0 |  21    41 |30-11 22:08:19
  5   2  94   0   0   0|   0     0 |8911B 5543B|   0     0 | 145   419 |30-11 22:08:20
  6   6  85   0   0   2|   0     0 | 438k   13M|   0     0 | 599  2796 |30-11 22:08:21
  3   5  87   0   0   5|   0     0 | 585k   17M|   0     0 | 620  3692 |30-11 22:08:22
  3   5  88   0   0   4|   0    48k| 604k   17M|   0     0 | 896  3613 |30-11 22:08:23
  4   5  87   0   0   4|   0     0 | 563k   16M|   0     0 | 685  3575 |30-11 22:08:24
  3   6  89   0   0   2|   0     0 | 594k   17M|   0     0 | 714  3742 |30-11 22:08:25
  3   8  85   0   0   4|   0     0 | 580k   17M|   0     0 | 703  3467 |30-11 22:08:26
  3   5  87   1   0   5|   0    52k| 580k   17M|   0     0 | 842  3446 |30-11 22:08:27
  3   7  87   0   0   4|   0     0 | 600k   18M|   0     0 |1169  3742 |30-11 22:08:28
  4   6  89   0   0   2|   0     0 | 577k   17M|   0     0 |1178  3569 |30-11 22:08:29
  3   6  88   0   0   4|   0     0 | 591k   17M|   0     0 | 948  3657 |30-11 22:08:30
  5   5  87   0   0   3|   0     0 | 562k   16M|   0     0 | 906  3447 |30-11 22:08:31
  4   4  87   0   0   5|   0     0 | 613k   18M|   0     0 | 734  3678 |30-11 22:08:32
  3   6  88   0   0   4|   0     0 | 578k   17M|   0     0 | 723  3426 |30-11 22:08:33
  3   7  87   0   0   3|   0     0 | 577k   17M|   0     0 |1154  3736 |30-11 22:08:34
  4   6  86   0   0   4|   0     0 | 589k   17M|   0     0 |1090  3668 |30-11 22:08:35
  2   5  90   0   0   3|   0     0 | 604k   18M|   0     0 | 784  3680 |30-11 22:08:36
  3   5  89   0   0   4|   0     0 | 590k   17M|   0     0 | 950  3363 |30-11 22:08:37
  4   7  85   0   0   5|   0     0 | 590k   17M|   0     0 |1117  3469 |30-11 22:08:38
  3   5  87   0   0   5|   0     0 | 601k   18M|   0     0 | 640  3637 |30-11 22:08:39
  4   7  86   0   0   4|   0     0 | 590k   17M|   0     0 |1037  3781 |30-11 22:08:40
  1   1  97   0   0   1|   0     0 | 155k 4411k|   0     0 | 352  1039 |30-11 22:08:41
  1   0  99   0   0   0|   0     0 |1350B 2434B|   0     0 |  41   183 |30-11 22:08:42
  0   0 100   0   0   0|   0     0 |   0     0 |   0     0 |  24   110 |30-11 22:08:43
  1   1  99   0   0   0|   0     0 |8101B 8348B|   0     0 |  58   163 |30-11 22:08:44
  0   1 100   0   0   0|   0     0 |   0     0 |   0     0 |  35    72 |30-11 22:08:45
  0   0 100   0   0   0|   0     0 |   0     0 |   0     0 |  20    30 |30-11 22:08:46
  8   4  88   0   0   0|   0     0 |  35k  788k|   0     0 | 214   693 |30-11 22:08:47
  4   7  84   0   0   5|   0     0 | 613k   18M|   0     0 |1028  3703 |30-11 22:08:48
  3   4  89   0   0   4|   0     0 | 549k   16M|   0     0 | 687  3279 |30-11 22:08:49
  4   7  85   0   0   4|   0     0 | 597k   17M|   0     0 | 677  3515 |30-11 22:08:50
  3   7  86   0   0   4|   0     0 | 587k   17M|   0     0 |1033  3455 |30-11 22:08:51
  2   5  90   0   0   4|   0     0 | 555k   16M|   0     0 |1149  3304 |30-11 22:08:52
  3   6  85   0   0   6|   0  4096B| 586k   17M|   0     0 | 946  3519 |30-11 22:08:53
  5   7  84   0   0   3|   0     0 | 582k   17M|   0     0 | 982  3561 |30-11 22:08:54
  2   6  89   0   0   3|   0     0 | 575k   17M|   0     0 |1212  3437 |30-11 22:08:55
  4   6  87   0   0   3|   0     0 | 563k   16M|   0     0 | 673  3370 |30-11 22:08:56
  3   4  88   2   0   4|   0    48k| 589k   17M|   0     0 | 880  3750 |30-11 22:08:57
  4   5  90   0   0   1|   0     0 | 592k   17M|   0     0 | 519  3814 |30-11 22:08:58
  5   5  86   0   0   4|   0    56k| 608k   18M|   0     0 | 381  3660 |30-11 22:08:59
  5   5  87   0   0   3|   0     0 | 618k   18M|   0     0 |1207  3652 |30-11 22:09:00
  4   6  87   0   0   4|   0     0 | 567k   17M|   0     0 | 948  3256 |30-11 22:09:01
  3   5  88   0   0   4|   0     0 | 586k   17M|   0     0 |1070  3334 |30-11 22:09:02
  3   7  87   0   0   3|   0     0 | 604k   18M|   0     0 | 970  3712 |30-11 22:09:03
  3   7  86   0   0   4|   0     0 | 556k   16M|   0     0 |1453  3578 |30-11 22:09:04
  3   5  91   0   0   1|   0     0 | 564k   16M|   0     0 |1073  3010 |30-11 22:09:05
  4   7  85   0   0   4|   0     0 | 571k   17M|   0     0 |1216  3273 |30-11 22:09:06
  3   5  88   0   0   4|   0     0 | 550k   16M|   0     0 | 939  3320 |30-11 22:09:07
  0   1  99   0   0   0|   0  4096B|6706B 6206B|   0     0 |  35   127 |30-11 22:09:08
  1   1  99   0   0   0|   0     0 |  66B   66B|   0     0 |  33   139 |30-11 22:09:09
  0   0 100   0   0   0|   0     0 |   0     0 |   0     0 |  20    34 |30-11 22:09:10
  1   0  99   0   0   0|   0     0 |5422B 2782B|   0     0 |  37   109 |30-11 22:09:11
  0   0 100   0   0   0|   0     0 |   0     0 |   0     0 |  26    53 |30-11 22:09:12
  0   0 100   0   0   0|   0     0 |   0     0 |   0     0 |  23    52 |30-11 22:09:13
  2   0  98   0   0   0|   0  4096B|7317B 4633B|   0     0 |  41   111 |30-11 22:09:14
  9   7  82   0   0   2|   0     0 | 324k 9679k|   0     0 | 650  2242 |30-11 22:09:15
  5   8  83   0   0   5|   0     0 | 647k   19M|   0     0 |1063  3773 |30-11 22:09:16
  4   7  86   0   0   4|   0     0 | 656k   19M|   0     0 | 897  3554 |30-11 22:09:17
  5   6  86   0   0   4|   0     0 | 709k   21M|   0     0 |1150  4346 |30-11 22:09:18
  5   7  83   0   0   6|   0  4096B| 692k   20M|   0     0 |1014  3867 |30-11 22:09:19
  3   6  86   0   0   5|   0     0 | 683k   20M|   0     0 | 962  3581 |30-11 22:09:20
  4   9  82   0   0   5|   0     0 | 705k   21M|   0     0 | 989  3732 |30-11 22:09:21
  5   5  85   0   0   5|   0     0 | 705k   21M|   0     0 |1121  4169 |30-11 22:09:22
  4   7  83   0   0   6|   0     0 | 695k   20M|   0     0 |1066  3912 |30-11 22:09:23
  3   7  85   0   0   5|   0     0 | 702k   21M|   0     0 |1061  3991 |30-11 22:09:24
  6   6  84   0   0   5|   0     0 | 736k   21M|   0     0 | 998  3587 |30-11 22:09:25
  4  10  82   0   0   5|   0     0 | 667k   20M|   0     0 | 963  3575 |30-11 22:09:26
  4   5  85   0   0   6|   0     0 | 686k   20M|   0     0 |1042  3708 |30-11 22:09:27
  4   8  83   1   0   4|   0    44k| 691k   20M|   0     0 | 962  3715 |30-11 22:09:28
  4   9  84   0   0   4|   0     0 | 671k   20M|   0     0 | 971  3709 |30-11 22:09:29
  4   7  83   0   0   5|   0     0 | 706k   21M|   0     0 |1001  3584 |30-11 22:09:30
  5   9  81   0   0   4|   0     0 | 708k   21M|   0     0 | 988  3583 |30-11 22:09:31
  3   8  86   0   0   3|   0     0 | 667k   20M|   0     0 | 935  3533 |30-11 22:09:32
  4   5  85   0   0   6|   0     0 | 678k   20M|   0     0 |1074  3926 |30-11 22:09:33
  2   7  86   0   0   5|   0  4096B| 732k   21M|   0     0 | 796  3045 |30-11 22:09:34
  2   3  93   0   0   2|   0     0 | 438k   13M|   0     0 | 384  1307 |30-11 22:09:35
  4   2  94   0   0   0|   0  4096B|8664B   12k|   0     0 |  92   343 |30-11 22:09:36
  1   0 100   0   0   0|   0     0 | 176B  782B|   0     0 |  28    57 |30-11 22:09:37
  0   0 100   0   0   0|   0     0 |   0     0 |   0     0 |  24    32 |30-11 22:09:38
  1   0 100   0   0   0|   0     0 |5590B 2924B|   0     0 |  32    88 |30-11 22:09:39
  1   1  99   0   0   0|   0     0 |2577B 2577B|   0     0 |  56   135 |30-11 22:09:40
 12   8  79   0   0   1|   0     0 | 382k   11M|   0     0 | 676  2456 |30-11 22:09:41
  5   9  81   0   0   5|   0     0 | 686k   20M|   0     0 |1067  3856 |30-11 22:09:42
  4   8  85   0   0   3|   0     0 | 701k   21M|   0     0 |1031  3932 |30-11 22:09:43
  4   8  84   0   0   4|   0     0 | 655k   19M|   0     0 |1006  3461 |30-11 22:09:44
  5   8  84   0   0   3|   0     0 | 686k   20M|   0     0 |1006  3717 |30-11 22:09:45
  3   7  85   0   0   6|   0     0 | 695k   20M|   0     0 | 841  3364 |30-11 22:09:46
  4   6  86   0   0   4|   0     0 | 676k   20M|   0     0 | 960  3964 |30-11 22:09:47
  4   6  85   0   0   5|   0     0 | 691k   20M|   0     0 |1000  3770 |30-11 22:09:48
  5   8  81   0   0   6|   0     0 | 697k   21M|   0     0 |1001  3850 |30-11 22:09:49
  4   5  85   0   0   6|   0  4096B| 703k   21M|   0     0 |1076  3825 |30-11 22:09:50
  7   7  81   0   0   6|   0     0 | 720k   21M|   0     0 |1018  4005 |30-11 22:09:51
  4   7  85   0   0   4|   0     0 | 706k   21M|   0     0 |1070  3895 |30-11 22:09:52
  4   7  85   0   0   4|   0     0 | 691k   20M|   0     0 | 959  3858 |30-11 22:09:53
  5   7  85   0   0   3|   0     0 | 688k   20M|   0     0 |1070  3982 |30-11 22:09:54
  3   7  85   0   0   5|   0     0 | 694k   20M|   0     0 | 968  3800 |30-11 22:09:55
  4   6  85   0   0   6|   0     0 | 641k   19M|   0     0 | 868  3505 |30-11 22:09:56
  5   6  84   0   0   6|   0     0 | 672k   20M|   0     0 |1034  3749 |30-11 22:09:57
  4   7  84   1   0   4|   0    84k| 670k   20M|   0     0 |1102  3826 |30-11 22:09:58
  3   7  85   0   0   5|   0     0 | 697k   20M|   0     0 | 839  3714 |30-11 22:09:59
  5   7  83   0   0   5|   0    72k| 687k   20M|   0     0 | 932  3623 |30-11 22:10:00
  3   4  92   0   0   2|   0     0 | 324k 9681k|   0     0 | 448  1734 |30-11 22:10:01
  0   1  99   0   0   0|   0  4096B|2406B 4546B|   0     0 |  53   206 |30-11 22:10:02
  1   0  99   0   0   0|   0     0 |5422B 2782B|   0     0 |  31    59 |30-11 22:10:03
  0   0 100   0   0   0|   0     0 |   0     0 |   0     0 |  26    51 |30-11 22:10:04
  0   0 100   0   0   0|   0  8192B|   0     0 |   0     0 |  23    47 |30-11 22:10:05
  1   0  99   0   0   0|   0     0 |5422B 2782B|   0     0 |  31    94 |30-11 22:10:06
  2   2  96   0   0   0|   0     0 |3621B 2695B|   0     0 | 125   343 |30-11 22:10:07
  8   7  81   0   0   5|   0     0 | 522k   15M|   0     0 | 628  2800 |30-11 22:10:08
  5   6  84   0   0   5|   0     0 | 705k   21M|   0     0 |1113  4030 |30-11 22:10:09
  3   8  83   0   0   5|   0     0 | 695k   20M|   0     0 | 967  4046 |30-11 22:10:10
  4   8  82   0   0   5|   0     0 | 697k   20M|   0     0 | 894  3646 |30-11 22:10:11
  4   6  84   0   0   5|   0     0 | 696k   20M|   0     0 | 976  3631 |30-11 22:10:12
  4   8  83   0   0   6|   0     0 | 696k   20M|   0     0 |1220  4133 |30-11 22:10:13
  3   6  87   0   0   3|   0     0 | 661k   19M|   0     0 | 990  3553 |30-11 22:10:14
  3  10  81   0   0   6|   0    28k| 671k   20M|   0     0 | 824  3681 |30-11 22:10:15
  3   6  85   0   0   6|   0     0 | 672k   20M|   0     0 | 960  3799 |30-11 22:10:16
  3   6  86   0   0   5|   0     0 | 694k   20M|   0     0 | 957  3961 |30-11 22:10:17
  5   7  84   0   0   5|   0     0 | 659k   19M|   0     0 |1012  3621 |30-11 22:10:18
  5   5  87   0   0   3|   0     0 | 683k   20M|   0     0 | 898  3721 |30-11 22:10:19
  6   8  82   0   0   4|   0     0 | 699k   20M|   0     0 |1108  3849 |30-11 22:10:20
  4   5  87   0   0   4|   0     0 | 675k   20M|   0     0 | 972  3620 |30-11 22:10:21
  4   8  83   0   0   5|   0     0 | 696k   20M|   0     0 |1018  3937 |30-11 22:10:22
  4   9  84   0   0   4|   0     0 | 679k   20M|   0     0 | 896  3762 |30-11 22:10:23
  5   6  85   0   0   4|   0     0 | 671k   20M|   0     0 | 840  3747 |30-11 22:10:24
  4   6  85   0   0   5|   0     0 | 681k   20M|   0     0 | 877  3706 |30-11 22:10:25
  5   9  82   0   0   4|   0     0 | 685k   20M|   0     0 | 994  3763 |30-11 22:10:26
  4   8  85   0   0   3|   0     0 | 674k   20M|   0     0 |1117  3759 |30-11 22:10:27
  1   4  94   0   0   1|   0     0 | 180k 5302k|   0     0 | 305   988 |30-11 22:10:28
  1   0  88  12   0   0|   0    60k|2406B 4546B|   0     0 |  58   247 |30-11 22:10:29
  0   0 100   0   0   0|   0     0 |5422B 2782B|   0     0 |  29    70 |30-11 22:10:30
  0   0  99   0   0   0|   0     0 |   0     0 |   0     0 |  33    66 |30-11 22:10:31
  0   0 100   0   0   0|   0     0 |   0     0 |   0     0 |  19    33 |30-11 22:10:32
  0   0 100   0   0   0|   0     0 |5422B 2782B|   0     0 |  31    77 |30-11 22:10:33
  7   4  89   0   0   0|   0     0 |4913B 4135B|   0     0 | 194   553 |30-11 22:10:34
  3   7  86   0   0   4|   0     0 | 700k   21M|   0     0 | 933  3368 |30-11 22:10:35
  6   7  82   0   0   6|   0    12k| 708k   21M|   0     0 | 949  3293 |30-11 22:10:36
  4   8  84   0   0   4|   0     0 | 671k   20M|   0     0 | 984  3587 |30-11 22:10:37
  4   7  84   0   0   6|   0     0 | 733k   22M|   0     0 | 922  3525 |30-11 22:10:38
  4   8  84   0   0   4|   0     0 | 712k   21M|   0     0 | 949  3390 |30-11 22:10:39
  3   7  87   0   0   3|   0     0 | 667k   20M|   0     0 | 763  3247 |30-11 22:10:40
  6   8  82   0   0   4|   0     0 | 712k   21M|   0     0 | 909  3686 |30-11 22:10:41
  4   8  82   0   0   6|   0     0 | 724k   21M|   0     0 | 987  3745 |30-11 22:10:42
  4   7  84   0   0   5|   0     0 | 684k   20M|   0     0 | 907  3562 |30-11 22:10:43
  4  11  84   0   0   2|   0     0 | 683k   20M|   0     0 | 990  3421 |30-11 22:10:44
  3   7  86   0   0   4|   0     0 | 715k   21M|   0     0 | 858  3431 |30-11 22:10:45
  3   8  86   0   0   3|   0     0 | 704k   21M|   0     0 | 878  3394 |30-11 22:10:46
  3   9  84   0   0   5|   0     0 | 761k   23M|   0     0 |1060  4000 |30-11 22:10:47
  5   6  84   0   0   5|   0     0 | 728k   22M|   0     0 |1073  3898 |30-11 22:10:48
  4   7  83   0   0   5|   0     0 | 827k   24M|   0     0 | 786  3361 |30-11 22:10:49
  6   8  82   0   0   5|   0     0 | 765k   23M|   0     0 | 889  3466 |30-11 22:10:50
  3   7  86   0   0   4|   0     0 | 805k   24M|   0     0 | 812  3066 |30-11 22:10:51
  5   6  84   0   0   5|   0     0 | 796k   24M|   0     0 | 682  2739 |30-11 22:10:52
  2   7  87   0   0   4|   0     0 | 678k   20M|   0     0 | 931  3684 |30-11 22:10:53
  3   7  86   0   0   4|   0     0 | 644k   19M|   0     0 | 875  3454 |30-11 22:10:54
  1   1  99   0   0   0|   0     0 |  26k  451k|   0     0 |  63   175 |30-11 22:10:55
  2   5  93   0   0   0|4096B 4096B|3198B 6130B|   0     0 |  82   529 |30-11 22:10:56
  0   0 100   0   0   0|   0     0 |   0     0 |   0     0 |  24    61 |30-11 22:10:57
  1   0  99   0   0   0|   0     0 |5422B 2782B|   0     0 |  28    76 |30-11 22:10:58
  0   0 100   0   0   0|   0     0 |   0     0 |   0     0 |  23    42 |30-11 22:10:59
  0   0  99   1   0   0|   0   220k|   0     0 |   0     0 |  23    44 |30-11 22:11:00
 10   5  84   0   0   1|   0   188k| 148k 4185k|   0     0 | 281  1058 |30-11 22:11:01
  5   8  83   0   0   4|   0     0 | 689k   21M|   0     0 | 827  3101 |30-11 22:11:02
  5   8  84   0   0   4|   0     0 | 698k   21M|   0     0 | 979  3591 |30-11 22:11:03
  5   7  85   0   0   3|   0     0 | 681k   20M|   0     0 | 926  3639 |30-11 22:11:04
  3   7  85   0   0   5|   0     0 | 633k   19M|   0     0 | 855  3425 |30-11 22:11:05
  5   9  80   0   0   7|   0     0 | 761k   23M|   0     0 | 981  3827 |30-11 22:11:06
  4  10  80   0   0   6|   0  8192B| 828k   24M|   0     0 | 914  3687 |30-11 22:11:07
  5   8  83   0   0   4|   0     0 | 773k   23M|   0     0 | 771  3189 |30-11 22:11:08
  5   8  81   0   0   6|   0     0 | 822k   24M|   0     0 | 793  3015 |30-11 22:11:09
  6   9  80   0   0   4|   0     0 | 783k   23M|   0     0 | 932  3599 |30-11 22:11:10
  2   6  85   0   0   7|   0     0 | 808k   24M|   0     0 | 649  2682 |30-11 22:11:11
  5   9  82   0   0   4|   0     0 | 812k   24M|   0     0 | 872  3594 |30-11 22:11:12
  6   7  81   0   0   5|   0     0 | 753k   22M|   0     0 | 956  3625 |30-11 22:11:13
  5   8  81   0   0   5|   0     0 | 668k   20M|   0     0 | 900  3537 |30-11 22:11:14
  4   6  85   0   0   5|   0     0 | 656k   20M|   0     0 | 963  3642 |30-11 22:11:15
  3  10  82   0   0   5|   0     0 | 673k   20M|   0     0 | 867  3385 |30-11 22:11:16
  4  10  82   0   0   4|   0     0 | 701k   21M|   0     0 | 976  3780 |30-11 22:11:17
  5   8  83   0   0   5|   0     0 | 688k   20M|   0     0 |1002  3482 |30-11 22:11:18
  4   7  84   0   0   6|   0     0 | 668k   20M|   0     0 |1062  3904 |30-11 22:11:19
  4   8  86   0   0   4|   0     0 | 536k   16M|   0     0 | 813  2987 |30-11 22:11:20
  4   5  87   0   0   5|   0     0 | 569k   17M|   0     0 | 788  3022 |30-11 22:11:21
  1   0  99   0   0   0|   0  4096B|8620B 8912B|   0     0 |  53   220 |30-11 22:11:22
  0   0 100   0   0   0|   0     0 |   0     0 |   0     0 |  19    36 |30-11 22:11:23
  0   0 100   0   0   0|   0     0 |   0     0 |   0     0 |  24    46 |30-11 22:11:24
  1   0 100   0   0   0|   0     0 |5422B 2782B|   0     0 |  27    70 |30-11 22:11:25
  0   1  99   0   0   0|   0     0 |   0     0 |   0     0 |  35    66 |30-11 22:11:26
  0   0 100   0   0   0|   0  8192B|1781B 1355B|   0     0 |  31    70 |30-11 22:11:27
 10   6  81   0   0   3|   0     0 | 311k 9252k|   0     0 | 507  1986 |30-11 22:11:28
  4   6  84   0   0   6|   0     0 | 698k   21M|   0     0 | 956  4137 |30-11 22:11:29
  5   8  83   0   0   4|   0     0 | 672k   20M|   0     0 | 873  3645 |30-11 22:11:30
  4   8  83   2   0   3|   0    48k| 661k   20M|   0     0 | 904  3442 |30-11 22:11:31
  5   7  84   0   0   4|   0     0 | 686k   20M|   0     0 | 907  3656 |30-11 22:11:32
  2   6  86   0   0   5|   0     0 | 730k   22M|   0     0 |1107  4053 |30-11 22:11:33
  3   8  85   0   0   5|   0     0 | 663k   20M|   0     0 | 936  3751 |30-11 22:11:34
  3   7  86   0   0   4|   0     0 | 648k   19M|   0     0 |1019  4045 |30-11 22:11:35
  5   9  83   0   0   3|   0     0 | 740k   22M|   0     0 | 884  3563 |30-11 22:11:36
  6  10  80   0   0   4|   0     0 | 686k   20M|   0     0 | 987  3774 |30-11 22:11:37
  3   7  85   0   0   5|   0     0 | 670k   20M|   0     0 | 835  3649 |30-11 22:11:38
  6   7  83   0   0   5|   0     0 | 679k   20M|   0     0 |1003  3737 |30-11 22:11:39
  4   7  87   0   0   3|   0     0 | 680k   20M|   0     0 | 951  3648 |30-11 22:11:40
  4   7  84   0   0   5|   0     0 | 655k   19M|   0     0 | 899  3543 |30-11 22:11:41
  5   7  82   0   0   6|   0  8192B| 692k   21M|   0     0 | 936  3678 |30-11 22:11:42
  4   9  82   0   0   5|   0     0 | 704k   21M|   0     0 | 955  3908 |30-11 22:11:43
  4   8  84   0   0   5|   0     0 | 674k   20M|   0     0 | 921  3665 |30-11 22:11:44
  4   8  84   0   0   5|   0     0 | 688k   20M|   0     0 | 985  3545 |30-11 22:11:45
  6   8  82   0   0   4|   0     0 | 683k   20M|   0     0 | 839  3268 |30-11 22:11:46
  4   5  86   0   0   5|   0     0 | 680k   20M|   0     0 | 858  3336 |30-11 22:11:47
  1   6  91   0   0   2|   0     0 | 365k   11M|   0     0 | 503  2318 |30-11 22:11:48
  1   0  98   0   0   0|   0  4096B|8620B 8912B|   0     0 |  56   242 |30-11 22:11:49
  0   0 100   0   0   0|   0     0 |   0     0 |   0     0 |  23    44 |30-11 22:11:50
  1   1  99   0   0   0|   0     0 |   0     0 |   0     0 |  36    85 |30-11 22:11:51
  0   0 100   0   0   0|   0     0 |5168B 2716B|   0     0 |  25    66 |30-11 22:11:52
  0   0 100   0   0   0|   0     0 | 254B   66B|   0     0 |  23    44 |30-11 22:11:53
  2   1  97   0   0   0|   0     0 |3621B 2695B|   0     0 | 132   337 |30-11 22:11:54
 10   7  80   0   0   3|   0     0 | 479k   14M|   0     0 | 674  2589 |30-11 22:11:55
  5  11  81   0   0   3|   0     0 | 657k   19M|   0     0 | 768  3235 |30-11 22:11:56
  2   8  86   0   0   4|   0     0 | 626k   19M|   0     0 | 902  3228 |30-11 22:11:57
  5   9  81   0   0   5|   0  8192B| 724k   22M|   0     0 |1017  3821 |30-11 22:11:58
  5  12  80   0   0   2|   0     0 | 696k   21M|   0     0 |1024  3665 |30-11 22:11:59
  5   6  84   0   0   6|   0     0 | 668k   20M|   0     0 | 866  3530 |30-11 22:12:00
  3  10  82   2   0   4|   0    64k| 701k   21M|   0     0 | 820  3272 |30-11 22:12:01
  6  10  80   0   0   5|   0     0 | 719k   21M|   0     0 |1049  4109 |30-11 22:12:02
  3   8  85   0   0   4|   0    56k| 674k   20M|   0     0 | 913  3333 |30-11 22:12:03
  5   9  83   0   0   3|   0     0 | 671k   20M|   0     0 | 928  3758 |30-11 22:12:04
  4   9  84   0   0   4|   0     0 | 668k   20M|   0     0 | 857  3347 |30-11 22:12:05
  4   9  82   0   0   6|   0     0 | 681k   20M|   0     0 | 888  3635 |30-11 22:12:06
  4  10  81   0   0   5|   0     0 | 679k   20M|   0     0 | 999  3507 |30-11 22:12:07
  4   9  82   0   0   5|   0    12k| 701k   21M|   0     0 | 798  3139 |30-11 22:12:08
  3   8  85   0   0   4|   0     0 | 704k   21M|   0     0 |1005  3806 |30-11 22:12:09
  3   9  82   0   0   6|   0     0 | 689k   20M|   0     0 |1006  4015 |30-11 22:12:10
  7   9  80   0   0   5|   0     0 | 713k   21M|   0     0 |1024  3847 |30-11 22:12:11
  5   8  83   0   0   5|   0     0 | 666k   20M|   0     0 | 945  3667 |30-11 22:12:12
  5   8  81   0   0   6|   0     0 | 653k   19M|   0     0 | 883  3723 |30-11 22:12:13
  4   7  84   0   0   5|   0  8192B| 669k   20M|   0     0 | 940  3736 |30-11 22:12:14
  2   1  96   0   0   1|   0     0 | 216k 6348k|   0     0 | 356  1392 |30-11 22:12:15
  1   1  99   0   0   0|   0     0 |3990B 7714B|   0     0 |  59   242 |30-11 22:12:16
  0   0 100   0   0   0|   0     0 |5422B 2782B|   0     0 |  27    64 |30-11 22:12:17
  0   0 100   0   0   0|   0     0 |   0    70B|   0     0 |  20    35 |30-11 22:12:18
  0   0 100   0   0   0|   0    12k|   0     0 |   0     0 |  21    53 |30-11 22:12:19
  1   0 100   0   0   0|   0     0 |5422B 2782B|   0     0 |  31    64 |30-11 22:12:20
  8   5  88   0   0   0|   0     0 |3621B 3767B|   0     0 | 190   562 |30-11 22:12:21
  5   7  85   0   0   4|   0     0 | 636k   19M|   0     0 | 862  3311 |30-11 22:12:22
  4   8  83   0   0   5|   0     0 | 700k   21M|   0     0 |1051  3797 |30-11 22:12:23
  3   9  84   0   0   5|   0     0 | 681k   20M|   0     0 |1093  3971 |30-11 22:12:24
  2   9  82   0   0   7|   0    16k| 720k   21M|   0     0 |1095  3922 |30-11 22:12:25
  4   7  86   0   0   3|   0     0 | 674k   20M|   0     0 | 863  3443 |30-11 22:12:26
  4   9  81   0   0   6|   0     0 | 714k   21M|   0     0 | 990  3771 |30-11 22:12:27
  4   8  84   0   0   4|   0     0 | 658k   20M|   0     0 | 910  3471 |30-11 22:12:28
  4   9  83   0   0   4|   0     0 | 729k   22M|   0     0 | 961  3726 |30-11 22:12:29
  3   8  84   0   0   6|   0     0 | 677k   20M|   0     0 | 963  3452 |30-11 22:12:30
  5   8  81   3   0   4|   0    52k| 673k   20M|   0     0 | 918  3573 |30-11 22:12:31
  5   8  80   0   0   6|   0     0 | 719k   21M|   0     0 |1050  4011 |30-11 22:12:32
  5   7  82   0   0   7|   0     0 | 717k   21M|   0     0 |1113  3802 |30-11 22:12:33
  5   8  83   0   0   4|   0     0 | 658k   20M|   0     0 | 956  3730 |30-11 22:12:34
  3   6  86   0   0   5|   0     0 | 672k   20M|   0     0 | 760  3151 |30-11 22:12:35
  4   8  82   0   0   6|   0    36k| 664k   20M|   0     0 | 899  3608 |30-11 22:12:36
  3   6  86   0   0   5|   0     0 | 695k   21M|   0     0 | 936  3794 |30-11 22:12:37
  4   8  84   0   0   4|   0     0 | 678k   20M|   0     0 | 758  3242 |30-11 22:12:38
  4   9  84   0   0   3|   0     0 | 693k   21M|   0     0 | 788  3253 |30-11 22:12:39
  3   6  88   0   0   3|   0     0 | 662k   20M|   0     0 | 774  3186 |30-11 22:12:40
  6   6  84   0   0   4|   0     0 | 698k   21M|   0     0 | 816  3176 |30-11 22:12:41
  1   2  98   0   0   0|   0     0 |  77k 2171k|   0     0 | 104   381 |30-11 22:12:42
  0   1  99   0   0   0|   0     0 |3990B 7714B|   0     0 |  50   232 |30-11 22:12:43
  2   0  98   0   0   1|   0     0 |8167B 9972B|   0     0 |  52   157 |30-11 22:12:44
  0   1 100   0   0   0|   0     0 |   0     0 |   0     0 |  22    44 |30-11 22:12:45
  0   0  99   0   0   0|   0     0 |   0     0 |   0     0 |  35    87 |30-11 22:12:46
  1   0 100   0   0   0|   0     0 |5422B 2782B|   0     0 |  26    80 |30-11 22:12:47
  7   4  88   0   0   1|   0     0 | 135k 4013k|   0     0 | 254   931 |30-11 22:12:48
  4   8  85   0   0   4|   0     0 | 646k   19M|   0     0 | 916  3442 |30-11 22:12:49
  6   8  84   0   0   3|   0     0 | 681k   20M|   0     0 |1081  3926 |30-11 22:12:50
  4   7  83   0   0   6|   0     0 | 704k   21M|   0     0 | 891  3611 |30-11 22:12:51
  4  10  85   0   0   2|   0     0 | 649k   19M|   0     0 |1015  3810 |30-11 22:12:52
  4   9  82   0   0   5|   0     0 | 706k   21M|   0     0 | 750  3107 |30-11 22:12:53
  4   8  83   0   0   6|   0     0 | 708k   21M|   0     0 | 985  3674 |30-11 22:12:54
  4  10  83   0   0   4|   0     0 | 694k   21M|   0     0 | 864  3691 |30-11 22:12:55
  5   9  83   0   0   4|   0     0 | 680k   20M|   0     0 | 901  3537 |30-11 22:12:56
  4   6  85   0   0   5|   0     0 | 673k   20M|   0     0 | 950  3880 |30-11 22:12:57
  4  10  82   0   0   4|   0     0 | 709k   21M|   0     0 |1153  4281 |30-11 22:12:58
  4   8  83   0   0   5|   0     0 | 687k   20M|   0     0 | 976  3480 |30-11 22:12:59
  3   7  85   0   0   5|   0     0 | 657k   19M|   0     0 | 854  3223 |30-11 22:13:00
  4   8  77   7   0   3|   0    52k| 477k   14M|   0     0 | 742  2943 |30-11 22:13:01
  3   8  78   8   0   4|   0  4096B| 530k   15M|   0     0 | 647  2852 |30-11 22:13:02
  5   7  83   0   0   5|   0     0 | 600k   18M|   0     0 | 957  3446 |30-11 22:13:03
  5   8  84   0   0   4|   0     0 | 688k   20M|   0     0 | 935  3616 |30-11 22:13:04
  4   9  83   0   0   5|   0     0 | 682k   20M|   0     0 |1146  3645 |30-11 22:13:05
  6   7  84   0   0   4|   0     0 | 660k   19M|   0     0 | 919  3336 |30-11 22:13:06
  3   9  84   0   0   4|   0    12k| 728k   22M|   0     0 | 901  3782 |30-11 22:13:07
  4   6  87   0   0   3|   0     0 | 596k   17M|   0     0 | 774  3287 |30-11 22:13:08
  1   0  99   0   0   0|   0  4096B|9412B   10k|   0     0 |  46   233 |30-11 22:13:09
  0   0 100   0   0   0|   0     0 |   0     0 |   0     0 |  20    40 |30-11 22:13:10
  1   0  99   0   0   0|   0     0 |   0     0 |   0     0 |  37    74 |30-11 22:13:11
  1   1  99   0   0   0|   0  8192B|5422B 2782B|   0     0 |  25    62 |30-11 22:13:12
  0   0 100   0   0   0|   0     0 |   0     0 |   0     0 |  23    38 |30-11 22:13:13
  1   0  99   0   0   0|   0     0 | 247B  247B|   0     0 |  32    58 |30-11 22:13:14
 10   5  84   0   0   1|   0     0 | 269k 7998k|   0     0 | 404  1730 |30-11 22:13:15
  4   9  84   0   0   4|   0     0 | 667k   20M|   0     0 |1020  3958 |30-11 22:13:16
  2   9  85   0   0   5|   0  4096B| 652k   19M|   0     0 | 928  3696 |30-11 22:13:17
  3   6  86   0   0   5|   0     0 | 691k   20M|   0     0 | 863  3466 |30-11 22:13:18
  5   6  85   0   0   4|   0     0 | 634k   19M|   0     0 | 765  3305 |30-11 22:13:19
  5   8  82   0   0   5|   0     0 | 717k   21M|   0     0 | 992  3828 |30-11 22:13:20
  6   7  84   0   0   3|   0     0 | 691k   20M|   0     0 | 919  3542 |30-11 22:13:21
  5   6  85   0   0   4|   0     0 | 716k   21M|   0     0 |1060  3844 |30-11 22:13:22
  4   8  85   0   0   4|   0    32k| 671k   20M|   0     0 | 711  3269 |30-11 22:13:23
  3   7  86   0   0   4|   0     0 | 673k   20M|   0     0 | 674  2814 |30-11 22:13:24
  7   7  83   0   0   3|   0     0 | 689k   20M|   0     0 | 808  3655 |30-11 22:13:25
  2   5  88   0   0   5|   0     0 | 621k   19M|   0     0 | 772  3349 |30-11 22:13:26
  5   8  83   0   0   5|   0     0 | 748k   22M|   0     0 | 990  3909 |30-11 22:13:27
  4  10  83   0   0   3|   0     0 | 827k   24M|   0     0 | 846  3304 |30-11 22:13:28
  5   8  84   0   0   4|   0     0 | 748k   22M|   0     0 | 855  3464 |30-11 22:13:29
  6   9  82   0   0   3|   0     0 | 751k   22M|   0     0 |1081  3797 |30-11 22:13:30
  4   6  86   0   0   4|   0     0 | 653k   19M|   0     0 | 705  3005 |30-11 22:13:31
  5   7  69  15   0   4|   0    48k| 641k   19M|   0     0 | 894  3317 |30-11 22:13:32
  4   8  83   0   0   5|   0     0 | 656k   19M|   0     0 | 962  3801 |30-11 22:13:33
  4   8  84   0   0   4|   0     0 | 627k   19M|   0     0 | 882  3586 |30-11 22:13:34
  4   4  89   0   0   4|   0     0 | 422k   12M|   0     0 | 627  2505 |30-11 22:13:35
  1   1  99   0   0   0|   0     0 |9940B   11k|   0     0 |  59   242 |30-11 22:13:36
  0   1 100   0   0   0|   0     0 |   0     0 |   0     0 |  35    83 |30-11 22:13:37
  0   0 100   0   0   0|   0     0 |   0     0 |   0     0 |  23    36 |30-11 22:13:38
  1   0  99   0   0   0|   0     0 |5422B 2782B|   0     0 |  33    76 |30-11 22:13:39
  0   0 100   0   0   0|   0     0 |   0     0 |   0     0 |  23    32 |30-11 22:13:40
  1   0  98   0   0   0|   0     0 |2827B 2793B|   0     0 |  50   127 |30-11 22:13:41
  9  11  76   0   0   3|   0     0 | 477k   14M|   0     0 | 602  2275 |30-11 22:13:42
  5   7  84   0   0   4|   0     0 | 716k   21M|   0     0 | 937  3779 |30-11 22:13:43
  5  11  80   0   0   4|   0     0 | 698k   21M|   0     0 | 863  3366 |30-11 22:13:44
  5   9  83   0   0   4|   0     0 | 673k   20M|   0     0 | 931  3650 |30-11 22:13:45
  4   7  85   0   0   4|   0     0 | 650k   19M|   0     0 | 881  3490 |30-11 22:13:46
  3   9  83   0   0   5|   0     0 | 642k   19M|   0     0 | 985  3763 |30-11 22:13:47
  5   9  83   0   0   3|   0     0 | 709k   21M|   0     0 |1070  4009 |30-11 22:13:48
  4   7  82   0   0   8|   0     0 | 673k   20M|   0     0 |1080  4034 |30-11 22:13:49
  4   7  84   0   0   6|   0     0 | 667k   20M|   0     0 | 884  3533 |30-11 22:13:50
  3   8  82   0   0   7|   0     0 | 675k   20M|   0     0 | 831  2925 |30-11 22:13:51
  2   8  85   0   0   6|   0     0 | 674k   20M|   0     0 | 943  3454 |30-11 22:13:52
  3   8  85   0   0   4|   0     0 | 704k   21M|   0     0 | 921  3661 |30-11 22:13:53
  3   6  87   0   0   3|   0    12k| 666k   20M|   0     0 | 837  3395 |30-11 22:13:54
  5   7  82   0   0   5|   0     0 | 720k   21M|   0     0 | 887  3609 |30-11 22:13:55
  3   9  85   0   0   4|   0     0 | 680k   20M|   0     0 | 864  3444 |30-11 22:13:56
  5   8  83   0   0   4|   0     0 | 617k   18M|   0     0 | 872  3631 |30-11 22:13:57
  4   8  84   0   0   5|   0     0 | 743k   22M|   0     0 |1027  3974 |30-11 22:13:58
  5  10  81   0   0   4|   0     0 | 732k   22M|   0     0 | 899  3846 |30-11 22:13:59
  6   8  82   0   0   4|   0     0 | 685k   20M|   0     0 | 903  3501 |30-11 22:14:00
  5   9  82   0   0   5|   0     0 | 741k   22M|   0     0 |1052  3921 |30-11 22:14:01
  2   3  93   0   0   2|   0     0 | 243k 7164k|   0     0 | 322  1236 |30-11 22:14:02
  1   0  99   0   0   0|   0    64k|9940B   11k|   0     0 |  50   242 |30-11 22:14:03
  0   0 100   0   0   0|   0    36k|   0     0 |   0     0 |  25    73 |30-11 22:14:04
  0   0 100   0   0   0|   0     0 |   0     0 |   0     0 |  22    32 |30-11 22:14:05
  1   0 100   0   0   0|   0     0 |5168B 2716B|   0     0 |  24    44 |30-11 22:14:06
  0   1 100   0   0   0|   0     0 | 254B   66B|   0     0 |  36    80 |30-11 22:14:07
  1   1  98   0   0   0|   0     0 |2155B 2203B|   0     0 |  43   111 |30-11 22:14:08
 10   8  79   0   0   3|   0  8192B| 439k   13M|   0     0 | 669  2524 |30-11 22:14:09
  3   8  81   0   0   7|   0     0 | 758k   22M|   0     0 | 930  3805 |30-11 22:14:10
  3   6  86   0   0   5|   0     0 | 705k   21M|   0     0 | 987  3925 |30-11 22:14:11
  4   8  84   0   0   3|   0     0 | 693k   21M|   0     0 | 955  3921 |30-11 22:14:12
  4   7  86   0   0   4|   0     0 | 710k   21M|   0     0 |1036  3712 |30-11 22:14:13
  4   9  83   0   0   5|   0  4096B| 680k   20M|   0     0 | 984  3902 |30-11 22:14:14
  3   7  85   0   0   4|   0     0 | 655k   19M|   0     0 |1016  3650 |30-11 22:14:15
  4   7  84   0   0   5|   0     0 | 675k   20M|   0     0 | 916  3585 |30-11 22:14:16
  3   9  84   0   0   4|   0     0 | 738k   22M|   0     0 | 922  3586 |30-11 22:14:17
  4   7  85   0   0   4|   0     0 | 673k   20M|   0     0 | 903  3692 |30-11 22:14:18
  5   6  84   0   0   5|   0     0 | 659k   19M|   0     0 | 857  3435 |30-11 22:14:19
  5   8  81   0   0   6|   0     0 | 724k   22M|   0     0 | 982  3979 |30-11 22:14:20
  4   8  84   0   0   5|   0     0 | 712k   21M|   0     0 | 702  3363 |30-11 22:14:21
  4   9  81   0   0   7|   0     0 | 657k   19M|   0     0 | 852  3561 |30-11 22:14:22
  5   6  85   0   0   5|   0     0 | 647k   19M|   0     0 | 805  3324 |30-11 22:14:23
  4   7  85   0   0   4|   0     0 | 632k   19M|   0     0 | 904  3411 |30-11 22:14:24
  5  10  81   0   0   4|   0     0 | 723k   21M|   0     0 | 915  3551 |30-11 22:14:25
  4   7  85   0   0   5|   0     0 | 670k   20M|   0     0 |1001  3565 |30-11 22:14:26
  4   9  83   0   0   5|   0     0 | 672k   20M|   0     0 | 913  3483 |30-11 22:14:27
  3   8  85   0   0   4|   0     0 | 704k   21M|   0     0 | 877  3516 |30-11 22:14:28
  1   3  92   0   0   3|   0     0 | 289k 8525k|   0     0 | 357  1514 |30-11 22:14:29
  1   1  99   0   0   0|   0    12k|4518B 8770B|   0     0 |  35   219 |30-11 22:14:30
  0   0 100   0   0   0|   0     0 |5422B 2782B|   0     0 |  26    60 |30-11 22:14:31
  0   1 100   0   0   0|   0     0 |   0     0 |   0     0 |  35    82 |30-11 22:14:32
  0   0 100   0   0   0|   0     0 |   0     0 |   0     0 |  23    39 |30-11 22:14:33
  0   0 100   0   0   0|   0    56k|5422B 2782B|   0     0 |  30    78 |30-11 22:14:34
  6   2  92   0   0   0|   0     0 |3723B 2953B|   0     0 | 135   381 |30-11 22:14:35
  7   7  81   0   0   4|   0     0 | 542k   16M|   0     0 | 613  2636 |30-11 22:14:36
  5   7  84   0   0   4|   0     0 | 684k   20M|   0     0 | 936  3744 |30-11 22:14:37
  4   9  82   0   0   6|   0     0 | 691k   21M|   0     0 | 966  3917 |30-11 22:14:38
  4   8  84   0   0   5|   0     0 | 679k   20M|   0     0 |1110  3888 |30-11 22:14:39
  5   9  83   0   0   4|   0     0 | 640k   19M|   0     0 | 991  3712 |30-11 22:14:40
  5   7  85   0   0   4|   0     0 | 659k   20M|   0     0 | 932  3647 |30-11 22:14:41
  5   7  85   0   0   4|   0     0 | 681k   20M|   0     0 | 869  3370 |30-11 22:14:42
  6  10  84   0   0   1|   0     0 | 656k   19M|   0     0 | 888  3269 |30-11 22:14:43
  3   9  82   0   0   7|   0     0 | 725k   22M|   0     0 |1074  4005 |30-11 22:14:44
  4   9  83   0   0   4|   0     0 | 694k   21M|   0     0 | 871  3140 |30-11 22:14:45
  4   9  83   0   0   5|   0     0 | 653k   19M|   0     0 | 917  3338 |30-11 22:14:46
  4  10  83   0   0   4|   0     0 | 694k   21M|   0     0 | 908  3762 |30-11 22:14:47
  5   7  83   0   0   5|   0     0 | 690k   20M|   0     0 |1137  3970 |30-11 22:14:48
  5   8  84   0   0   4|   0     0 | 653k   19M|   0     0 |1071  3655 |30-11 22:14:49
  4  10  81   0   0   6|   0     0 | 747k   22M|   0     0 |1038  3455 |30-11 22:14:50
  3   9  85   0   0   3|   0     0 | 648k   19M|   0     0 | 667  2825 |30-11 22:14:51
  6   7  84   0   0   4|   0     0 | 631k   19M|   0     0 | 892  3424 |30-11 22:14:52
  5   8  85   0   0   3|   0     0 | 692k   21M|   0     0 | 879  3525 |30-11 22:14:53
  4   9  82   0   0   6|   0     0 | 689k   21M|   0     0 | 976  3913 |30-11 22:14:54
  5   7  83   0   0   5|   0     0 | 709k   21M|   0     0 | 978  3769 |30-11 22:14:55
  0   1  98   0   0   1|   0     0 | 143k 4012k|   0     0 | 210   784 |30-11 22:14:56
  0   1  98   0   0   0|   0  4096B|5574B   11k|   0     0 |  55   251 |30-11 22:14:57
  0   0 100   0   0   0|   0     0 |5844B 3494B|   0     0 |  33    91 |30-11 22:14:58
  0   0 100   0   0   0|   0     0 |   0     0 |   0     0 |  24    47 |30-11 22:14:59
  0   0 100   0   0   0|   0  4096B|   0     0 |   0     0 |  23    39 |30-11 22:15:00
  0   0 100   0   0   0|   0     0 |5422B 2782B|   0     0 |  29    70 |30-11 22:15:01
  9   6  85   0   0   1|   0     0 |  88k 2625k|   0     0 | 248   790 |30-11 22:15:02
  4   7  85   0   0   5|   0     0 | 685k   20M|   0     0 | 897  3540 |30-11 22:15:03
  5   8  83   0   0   5|   0     0 | 605k   18M|   0     0 | 799  3038 |30-11 22:15:04
  4  10  80   1   0   5|   0   124k| 661k   20M|   0     0 | 765  2909 |30-11 22:15:05
  4   7  86   0   0   2|   0     0 | 689k   21M|   0     0 | 881  3359 |30-11 22:15:06
  7   6  84   0   0   3|   0     0 | 671k   20M|   0     0 | 864  3373 |30-11 22:15:07
  5   7  84   0   0   4|   0     0 | 692k   21M|   0     0 | 879  3468 |30-11 22:15:08
  4   8  83   0   0   6|   0     0 | 730k   22M|   0     0 |1125  4203 |30-11 22:15:09
  4   7  85   0   0   4|   0     0 | 722k   21M|   0     0 |1005  3858 |30-11 22:15:10
  5  10  81   0   0   5|   0     0 | 671k   20M|   0     0 | 841  3453 |30-11 22:15:11
  6   9  82   0   0   4|   0     0 | 680k   20M|   0     0 | 960  3625 |30-11 22:15:12
  3   8  84   0   0   5|   0     0 | 689k   20M|   0     0 | 982  3741 |30-11 22:15:13
  4   7  83   0   0   6|   0     0 | 693k   21M|   0     0 |1032  3902 |30-11 22:15:14
  4   7  84   0   0   5|   0     0 | 707k   21M|   0     0 |1000  3773 |30-11 22:15:15
  2   8  86   0   0   4|   0     0 | 671k   20M|   0     0 | 875  3417 |30-11 22:15:16
  5   9  82   0   0   5|   0     0 | 672k   20M|   0     0 | 910  3628 |30-11 22:15:17
  4   7  84   0   0   5|   0     0 | 722k   21M|   0     0 | 899  3606 |30-11 22:15:18
  4   9  82   0   0   6|   0     0 | 708k   21M|   0     0 | 996  3957 |30-11 22:15:19
  4   7  85   0   0   4|   0     0 | 652k   19M|   0     0 | 823  3130 |30-11 22:15:20
  5   8  84   0   0   3|   0     0 | 642k   19M|   0     0 | 627  2784 |30-11 22:15:21
  4   6  86   0   0   4|   0     0 | 643k   19M|   0     0 | 867  3161 |30-11 22:15:22
  1   1  98   0   0   0|   0  4096B|  11k   13k|   0     0 |  54   231 |30-11 22:15:23
  0   0 100   0   0   0|   0     0 |   0     0 |   0     0 |  23    43 |30-11 22:15:24
  0   0 100   0   0   0|   0     0 |   0     0 |   0     0 |  23    39 |30-11 22:15:25
  1   0 100   0   0   0|   0     0 |5422B 2782B|   0     0 |  25    68 |30-11 22:15:26
  0   0 100   0   0   0|   0     0 |   0     0 |   0     0 |  34    80 |30-11 22:15:27
  0   0 100   0   0   0|   0     0 |  74B   74B|   0     0 |  23    43 |30-11 22:15:28
 10   7  81   0   0   2|   0     0 | 320k 9413k|   0     0 | 402  1479 |30-11 22:15:29
  4   8  84   0   0   4|   0     0 | 694k   21M|   0     0 | 878  3738 |30-11 22:15:30
  5   9  82   0   0   4|   0     0 | 719k   21M|   0     0 | 965  3974 |30-11 22:15:31
  5   8  83   0   0   4|   0     0 | 671k   20M|   0     0 | 754  3454 |30-11 22:15:32
  3   6  87   0   0   4|   0     0 | 650k   19M|   0     0 | 839  3487 |30-11 22:15:33
  3   6  85   0   0   6|   0     0 | 684k   20M|   0     0 | 892  3413 |30-11 22:15:34
  4   8  83   0   0   5|   0     0 | 645k   19M|   0     0 | 846  3478 |30-11 22:15:35
  3   8  78   7   0   4|   0    52k| 657k   20M|   0     0 | 782  3197 |30-11 22:15:36
  4   8  83   0   0   5|   0     0 | 662k   20M|   0     0 | 789  3306 |30-11 22:15:37
  5   7  84   0   0   4|   0     0 | 681k   20M|   0     0 | 795  3368 |30-11 22:15:38
  5   8  82   0   0   5|   0     0 | 685k   20M|   0     0 | 981  3836 |30-11 22:15:39
  5   7  84   0   0   4|   0     0 | 687k   20M|   0     0 | 917  3512 |30-11 22:15:40
  5   8  84   0   0   4|   0     0 | 693k   20M|   0     0 | 885  3681 |30-11 22:15:41
  5   7  85   0   0   4|   0     0 | 668k   20M|   0     0 | 931  3556 |30-11 22:15:42
  6   7  84   0   0   3|   0     0 | 690k   21M|   0     0 | 956  3820 |30-11 22:15:43
  5   5  86   0   0   4|   0     0 | 679k   20M|   0     0 | 873  3605 |30-11 22:15:44
  5   8  83   0   0   4|   0     0 | 654k   19M|   0     0 | 847  3523 |30-11 22:15:45
  3   9  84   0   0   3|   0     0 | 684k   20M|   0     0 | 892  3572 |30-11 22:15:46
  6   9  81   0   0   5|   0     0 | 668k   20M|   0     0 | 961  3778 |30-11 22:15:47
  4  10  81   0   0   5|   0     0 | 676k   20M|   0     0 |1096  4118 |30-11 22:15:48
  2   6  90   0   0   2|   0     0 | 429k   12M|   0     0 | 609  2461 |30-11 22:15:49
  1   0  99   0   0   0|   0  4096B|  11k   13k|   0     0 |  44   234 |30-11 22:15:50
  0   0 100   0   0   0|   0     0 |   0     0 |   0     0 |  23    45 |30-11 22:15:51
  0   1 100   0   0   0|   0     0 |   0     0 |   0     0 |  32    80 |30-11 22:15:52
  1   1  99   0   0   0|   0     0 |5422B 2782B|   0     0 |  24    75 |30-11 22:15:53
  0   0 100   0   0   0|   0     0 |   0     0 |   0     0 |  23    40 |30-11 22:15:54
  1   0  99   0   0   0|   0     0 |2043B 1851B|   0     0 |  34    87 |30-11 22:15:55
  9   8  82   0   0   2|   0     0 | 294k 8740k|   0     0 | 398  1519 |30-11 22:15:56
  4   8  83   0   0   5|   0     0 | 652k   19M|   0     0 | 783  3287 |30-11 22:15:57
  4   7  84   0   0   5|   0     0 | 616k   18M|   0     0 | 855  3539 |30-11 22:15:58
  5   7  84   0   0   5|   0     0 | 650k   19M|   0     0 | 857  3530 |30-11 22:15:59
  4   7  84   0   0   5|   0     0 | 623k   19M|   0     0 | 852  3577 |30-11 22:16:00
  5   8  81   0   0   6|   0     0 | 680k   20M|   0     0 | 925  3806 |30-11 22:16:01
  4   6  85   0   0   5|   0  4096B| 628k   18M|   0     0 | 893  3400 |30-11 22:16:02
  3   8  84   0   0   5|   0     0 | 612k   18M|   0     0 | 719  2796 |30-11 22:16:03
  4   4  88   0   0   5|   0     0 | 556k   16M|   0     0 | 728  2703 |30-11 22:16:04
  5   6  87   0   0   2|   0     0 | 581k   17M|   0     0 | 753  2912 |30-11 22:16:05
  3   8  86   0   0   3|   0     0 | 652k   19M|   0     0 | 729  3164 |30-11 22:16:06
  4   6  81   4   0   5|   0   168k| 644k   19M|   0     0 | 806  3214 |30-11 22:16:07
  5   6  86   0   0   3|   0     0 | 589k   17M|   0     0 | 530  2382 |30-11 22:16:08
  3   7  87   0   0   3|   0     0 | 522k   15M|   0     0 | 735  2754 |30-11 22:16:09
  3   6  87   0   0   4|   0     0 | 595k   18M|   0     0 | 789  3120 |30-11 22:16:10
  7  10  80   0   0   4|   0     0 | 687k   20M|   0     0 | 812  3383 |30-11 22:16:11
  3   8  85   0   0   4|   0     0 | 638k   19M|   0     0 | 816  3429 |30-11 22:16:12
  4   5  86   0   0   6|   0     0 | 639k   19M|   0     0 | 701  3084 |30-11 22:16:13
  4   5  86   0   0   5|   0     0 | 632k   19M|   0     0 | 752  3170 |30-11 22:16:14
  4   7  85   0   0   4|   0     0 | 604k   18M|   0     0 | 890  3715 |30-11 22:16:15
  4   4  92   0   0   2|   0     0 | 323k 9430k|   0     0 | 449  1707 |30-11 22:16:16
  1   1  98   0   0   0|   0  4096B|6960B   13k|   0     0 |  46   236 |30-11 22:16:17
  1   0  99   0   0   0|   0     0 |5422B 2782B|   0     0 |  28    66 |30-11 22:16:18
  0   0 100   0   0   0|   0     0 |   0     0 |   0     0 |  21    48 |30-11 22:16:19
  0   0 100   0   0   0|   0     0 |   0     0 |   0     0 |  20    32 |30-11 22:16:20
  1   0  99   0   0   0|   0     0 |5422B 2782B|   0     0 |  29    68 |30-11 22:16:21
  6   2  92   0   0   0|   0  8192B|3621B 2761B|   0     0 | 157   420 |30-11 22:16:22
  5  10  80   0   0   5|   0     0 | 630k   19M|   0     0 | 674  2674 |30-11 22:16:23
  5   8  82   0   0   5|   0     0 | 668k   20M|   0     0 | 880  3563 |30-11 22:16:24
  4   8  84   0   0   5|   0     0 | 700k   21M|   0     0 | 824  3247 |30-11 22:16:25
  4   5  85   0   0   6|   0     0 | 688k   20M|   0     0 | 918  3552 |30-11 22:16:26
  6   8  82   0   0   4|   0     0 | 664k   20M|   0     0 | 906  3644 |30-11 22:16:27
  5   7  84   0   0   4|   0     0 | 659k   20M|   0     0 | 854  3434 |30-11 22:16:28
  5   7  84   0   0   4|   0     0 | 657k   20M|   0     0 | 840  3307 |30-11 22:16:29
  2   6  88   0   0   4|   0     0 | 579k   17M|   0     0 | 711  2937 |30-11 22:16:30
  4   7  85   0   0   5|   0     0 | 663k   20M|   0     0 | 735  3068 |30-11 22:16:31
  4   9  81   0   0   6|   0     0 | 715k   21M|   0     0 |1049  4113 |30-11 22:16:32
  4  10  80   0   0   5|   0     0 | 664k   20M|   0     0 | 870  3690 |30-11 22:16:33
  5   9  81   0   0   6|   0     0 | 688k   20M|   0     0 |1095  3985 |30-11 22:16:34
  4   8  86   0   0   3|   0     0 | 778k   23M|   0     0 | 771  3388 |30-11 22:16:35
  5  10  82   0   0   4|   0     0 | 819k   24M|   0     0 | 525  2251 |30-11 22:16:36
  3   9  85   0   0   4|   0     0 | 687k   21M|   0     0 | 806  3247 |30-11 22:16:37
  4   7  84   2   0   4|   0    64k| 637k   19M|   0     0 | 793  3093 |30-11 22:16:38
  6   8  82   0   0   4|   0     0 | 681k   20M|   0     0 | 817  3541 |30-11 22:16:39
  5   9  80   0   0   5|   0     0 | 706k   21M|   0     0 |1088  4169 |30-11 22:16:40
  5   8  82   0   0   6|   0     0 | 654k   19M|   0     0 | 950  3794 |30-11 22:16:41
  4   8  82   0   0   7|   0     0 | 686k   20M|   0     0 |1087  4245 |30-11 22:16:42
  1   2  95   0   0   2|   0     0 | 147k 4071k|   0     0 | 258   993 |30-11 22:16:43
  1   1  98   0   0   0|   0  4096B|6894B   13k|   0     0 |  48   215 |30-11 22:16:44
  1   1  98   0   0   0|   0     0 |8101B 8348B|   0     0 |  47   152 |30-11 22:16:45
  0   0 100   0   0   0|   0     0 |   0     0 |   0     0 |  21    37 |30-11 22:16:46
  0   0 100   0   0   0|   0     0 |   0     0 |   0     0 |  36    93 |30-11 22:16:47
  1   0 100   0   0   0|   0     0 |5422B 2782B|   0     0 |  31    81 |30-11 22:16:48
  8   3  89   0   0   1|   0     0 |4811B 4229B|   0     0 | 211   573 |30-11 22:16:49
  4   6  87   0   0   4|   0     0 | 581k   17M|   0     0 | 591  2608 |30-11 22:16:50
  4   7  86   0   0   3|   0     0 | 579k   17M|   0     0 | 785  3101 |30-11 22:16:51
  4   7  86   0   0   3|   0     0 | 566k   17M|   0     0 | 692  2579 |30-11 22:16:52
  2   8  86   0   0   3|   0    12k| 685k   20M|   0     0 | 811  3520 |30-11 22:16:53
  5  10  81   0   0   4|   0     0 | 829k   24M|   0     0 | 823  2911 |30-11 22:16:54
  3   8  84   0   0   5|   0     0 | 766k   23M|   0     0 | 547  1862 |30-11 22:16:55
  3   7  86   0   0   4|   0     0 | 773k   23M|   0     0 | 702  2621 |30-11 22:16:56
  3   9  84   0   0   5|   0     0 | 690k   21M|   0     0 | 782  2599 |30-11 22:16:57
  3   6  86   0   0   6|   0     0 | 644k   19M|   0     0 | 870  3373 |30-11 22:16:58
  3   9  85   0   0   3|   0     0 | 623k   19M|   0     0 | 944  3268 |30-11 22:16:59
  3   8  87   0   0   3|   0     0 | 611k   18M|   0     0 | 757  3306 |30-11 22:17:00
  4   7  85   0   0   5|8192B    0 | 608k   18M|   0     0 | 915  3440 |30-11 22:17:01
  4   9  83   0   0   4|   0     0 | 619k   18M|   0     0 | 899  3390 |30-11 22:17:02
  3   8  85   0   0   4|   0     0 | 612k   18M|   0     0 | 790  3509 |30-11 22:17:03
  4   7  85   0   0   5|   0     0 | 586k   17M|   0     0 | 846  3511 |30-11 22:17:04
  4   7  84   0   0   5|   0     0 | 636k   19M|   0     0 | 833  3336 |30-11 22:17:05
  4   8  85   0   0   3|   0     0 | 630k   19M|   0     0 | 928  3404 |30-11 22:17:06
  3   7  84   0   0   6|   0     0 | 612k   18M|   0     0 |1009  3621 |30-11 22:17:07
  4   7  83   1   0   5|   0   184k| 633k   19M|   0     0 | 774  3209 |30-11 22:17:08
  4   6  85   0   0   5|   0     0 | 632k   19M|   0     0 | 885  3581 |30-11 22:17:09
  1   0  99   0   0   0|   0     0 |  25k  451k|   0     0 |  49   178 |30-11 22:17:10
  1   1  99   0   0   0|   0  8192B|5904B   11k|   0     0 |  56   220 |30-11 22:17:11
  1   1  99   0   0   0|   0     0 |5422B 2782B|   0     0 |  43   115 |30-11 22:17:12
  0   0 100   0   0   0|   0  8192B|   0     0 |   0     0 |  19    36 |30-11 22:17:13
  0   0 100   0   0   0|   0     0 |   0     0 |   0     0 |  26    46 |30-11 22:17:14
  0   0 100   0   0   0|   0     0 |5422B 2782B|   0     0 |  22    65 |30-11 22:17:15
  8   7  84   0   0   1|   0     0 | 248k 7341k|   0     0 | 310   987 |30-11 22:17:16
  4   7  83   0   0   6|   0     0 | 721k   22M|   0     0 | 834  3199 |30-11 22:17:17
  7  10  79   0   0   4|   0     0 | 821k   24M|   0     0 | 863  3575 |30-11 22:17:18
  4   8  84   0   0   5|   0     0 | 801k   24M|   0     0 | 618  2541 |30-11 22:17:19
  3   6  86   0   0   5|   0     0 | 695k   21M|   0     0 | 631  2463 |30-11 22:17:20
  4   7  85   0   0   4|   0     0 | 704k   21M|   0     0 | 802  2896 |30-11 22:17:21
  6   7  82   0   0   5|   0     0 | 661k   20M|   0     0 | 918  3308 |30-11 22:17:22
  5   7  83   0   0   6|   0     0 | 696k   21M|   0     0 | 854  3157 |30-11 22:17:23
  4   8  84   0   0   4|   0     0 | 716k   21M|   0     0 | 685  3071 |30-11 22:17:24
  5   8  83   0   0   4|   0     0 | 691k   20M|   0     0 | 787  3274 |30-11 22:17:25
  4   9  85   0   0   3|   0     0 | 677k   20M|   0     0 | 704  3095 |30-11 22:17:26
  4   8  84   0   0   4|   0     0 | 720k   21M|   0     0 | 838  3253 |30-11 22:17:27
  4   7  86   0   0   3|   0     0 | 655k   19M|   0     0 | 669  2843 |30-11 22:17:28
  4   8  84   0   0   4|   0     0 | 629k   19M|   0     0 | 635  2684 |30-11 22:17:29
  2   6  88   0   0   4|   0     0 | 584k   17M|   0     0 | 692  2591 |30-11 22:17:30
  4   7  84   0   0   5|   0     0 | 630k   19M|   0     0 | 953  3614 |30-11 22:17:31
  4  11  79   0   0   5|   0     0 | 645k   19M|   0     0 | 902  3525 |30-11 22:17:32
  5   8  84   0   0   3|   0     0 | 667k   20M|   0     0 | 942  3567 |30-11 22:17:33
  6   6  84   0   0   4|   0  8192B| 676k   20M|   0     0 | 880  3439 |30-11 22:17:34
  4  10  83   0   0   4|   0     0 | 666k   20M|   0     0 | 871  3298 |30-11 22:17:35
  3   6  89   0   0   3|   0     0 | 537k   15M|   0     0 | 678  2549 |30-11 22:17:36
  1   1  97   0   0   0|   0  4096B|  13k   19k|   0     0 |  68   291 |30-11 22:17:37
  0   0 100   0   0   0|   0     0 |   0     0 |   0     0 |  22    49 |30-11 22:17:38
  0   0  99   2   0   0|   0    48k|   0     0 |   0     0 |  23    76 |30-11 22:17:39
  1   0  99   0   0   0|   0     0 |5422B 2782B|   0     0 |  25    64 |30-11 22:17:40
  0   0 100   0   0   0|   0     0 | 102B  192B|   0     0 |  20    44 |30-11 22:17:41
  1   1  99   0   0   0|   0     0 |1715B 1289B|   0     0 |  44    96 |30-11 22:17:42
 10   7  81   0   0   2|   0     0 | 361k   11M|   0     0 | 361  1249 |30-11 22:17:43
  3  10  83   0   0   4|   0  8192B| 760k   23M|   0     0 | 947  3552 |30-11 22:17:44
  4   8  83   0   0   5|   0     0 | 675k   20M|   0     0 | 884  3538 |30-11 22:17:45
  3   7  85   0   0   4|   0     0 | 697k   21M|   0     0 | 832  3169 |30-11 22:17:46
  6   7  82   0   0   5|   0     0 | 668k   20M|   0     0 | 939  3445 |30-11 22:17:47
  3   8  84   0   0   5|   0     0 | 646k   19M|   0     0 | 929  3488 |30-11 22:17:48
  4   6  86   0   0   4|   0     0 | 672k   20M|   0     0 | 823  3537 |30-11 22:17:49
  4   7  85   0   0   5|   0     0 | 642k   19M|   0     0 | 808  3048 |30-11 22:17:50
  5  10  81   0   0   4|   0     0 | 660k   20M|   0     0 | 804  3090 |30-11 22:17:51
  6   7  82   0   0   5|   0     0 | 669k   20M|   0     0 | 815  3332 |30-11 22:17:52
  4   8  83   0   0   5|   0     0 | 648k   19M|   0     0 | 775  3043 |30-11 22:17:53
  4   8  84   0   0   4|   0     0 | 677k   20M|   0     0 | 812  3362 |30-11 22:17:54
  5   9  81   0   0   5|   0     0 | 669k   20M|   0     0 | 810  3531 |30-11 22:17:55
  5   7  82   0   0   6|   0     0 | 705k   21M|   0     0 | 861  3232 |30-11 22:17:56
  4   9  83   0   0   4|   0     0 | 753k   22M|   0     0 | 922  3596 |30-11 22:17:57
  6   8  82   0   0   5|   0     0 | 688k   20M|   0     0 | 749  3153 |30-11 22:17:58
  3   7  86   0   0   3|   0     0 | 651k   19M|   0     0 | 839  3300 |30-11 22:17:59
  4   8  85   0   0   4|   0     0 | 665k   20M|   0     0 | 889  3242 |30-11 22:18:00
  5   7  84   0   0   4|   0     0 | 669k   20M|   0     0 | 779  2936 |30-11 22:18:01
  4   9  83   0   0   4|   0     0 | 619k   18M|   0     0 | 713  2776 |30-11 22:18:02
  3   3  92   0   0   2|   0     0 | 358k   10M|   0     0 | 463  1790 |30-11 22:18:03
  1   0  99   0   0   0|   0  4096B|  13k   19k|   0     0 |  61   250 |30-11 22:18:04
  0   0 100   0   0   0|   0     0 |   0     0 |   0     0 |  19    37 |30-11 22:18:05
  0   0 100   0   0   0|   0     0 |   0     0 |   0     0 |  20    34 |30-11 22:18:06
  0   0 100   0   0   0|   0     0 |5422B 2782B|   0     0 |  31    73 |30-11 22:18:07
  0   0 100   0   0   0|   0     0 |   0     0 |   0     0 |  22    48 |30-11 22:18:08
  0   0 100   0   0   0|   0     0 |   0     0 |   0     0 |  24    49 |30-11 22:18:09
  2   0  77  22   0   0|   0    68k|8147B 5383B|   0     0 |  58   164 |30-11 22:18:10
 11   9  78   0   0   2|   0     0 | 481k   15M|   0     0 | 520  1886 |30-11 22:18:11
  3   9  82   0   0   6|   0     0 | 704k   21M|   0     0 | 903  3124 |30-11 22:18:12
  5   8  81   0   0   7|   0     0 | 710k   21M|   0     0 | 814  3118 |30-11 22:18:13
  5   9  84   0   0   3|   0     0 | 647k   19M|   0     0 | 767  3149 |30-11 22:18:14
  4   7  84   0   0   5|   0  8192B| 704k   21M|   0     0 | 927  3531 |30-11 22:18:15
  4   9  82   0   0   5|   0     0 | 700k   21M|   0     0 | 869  3468 |30-11 22:18:16
  4   8  84   0   0   5|   0     0 | 660k   20M|   0     0 | 800  3382 |30-11 22:18:17
  5  10  83   0   0   3|   0     0 | 686k   20M|   0     0 | 875  3714 |30-11 22:18:18
  4   7  84   0   0   5|   0     0 | 674k   20M|   0     0 | 934  3690 |30-11 22:18:19
  4   9  85   0   0   3|   0    40k| 658k   19M|   0     0 | 779  3294 |30-11 22:18:20
  4   8  83   0   0   5|   0     0 | 649k   19M|   0     0 | 741  2903 |30-11 22:18:21
  4   8  86   0   0   2|   0     0 | 628k   19M|   0     0 | 707  2942 |30-11 22:18:22
  2   9  83   0   0   6|   0     0 | 694k   21M|   0     0 | 834  3510 |30-11 22:18:23
  4   8  84   0   0   4|   0     0 | 616k   18M|   0     0 | 705  3102 |30-11 22:18:24
  4   7  84   0   0   5|   0     0 | 674k   20M|   0     0 | 908  3797 |30-11 22:18:25
  4   8  83   0   0   5|   0     0 | 659k   20M|   0     0 | 942  3558 |30-11 22:18:26
  3   7  85   0   0   5|   0     0 | 672k   20M|   0     0 | 899  3440 |30-11 22:18:27
  5   7  82   0   0   6|   0     0 | 637k   19M|   0     0 | 855  3307 |30-11 22:18:28
  3   6  88   0   0   3|   0     0 | 605k   18M|   0     0 | 916  3455 |30-11 22:18:29
  3   8  86   0   0   4|   0     0 | 591k   18M|   0     0 | 791  3410 |30-11 22:18:30
  2   3  94   0   0   2|   0     0 | 260k 7254k|   0     0 | 315  1268 |30-11 22:18:31
  0   2  98   0   0   0|   0     0 |8214B   16k|   0     0 |  42   184 |30-11 22:18:32
  0   0 100   0   0   0|   0     0 |   0     0 |   0     0 |  37    82 |30-11 22:18:33
  1   0  99   0   0   0|   0     0 |5422B 2782B|   0     0 |  25    70 |30-11 22:18:34
  0   0 100   0   0   0|   0     0 | 102B  192B|   0     0 |  21    38 |30-11 22:18:35
  0   0 100   0   0   0|   0     0 |   0     0 |   0     0 |  19    28 |30-11 22:18:36
  9   3  88   0   0   0|   0     0 |9043B 6549B|   0     0 | 206   551 |30-11 22:18:37
  5   9  82   0   0   5|   0     0 | 738k   22M|   0     0 | 365  1586 |30-11 22:18:38
  4   7  85   0   0   4|   0     0 | 734k   22M|   0     0 | 497  1942 |30-11 22:18:39
  6   7  82   0   0   5|   0    44k| 782k   23M|   0     0 | 670  2587 |30-11 22:18:40
  4  10  76   6   0   5|   0  4096B| 780k   23M|   0     0 | 866  3184 |30-11 22:18:41
  5  10  82   0   0   3|   0     0 | 756k   22M|   0     0 | 819  3065 |30-11 22:18:42
  7   7  83   0   0   4|   0     0 | 720k   21M|   0     0 | 794  2979 |30-11 22:18:43
  4   8  84   0   0   5|   0     0 | 713k   21M|   0     0 | 835  3143 |30-11 22:18:44
  6   9  80   0   0   6|   0     0 | 749k   22M|   0     0 | 780  3177 |30-11 22:18:45
  4   8  82   0   0   6|   0     0 | 778k   23M|   0     0 | 891  3303 |30-11 22:18:46
  5  10  79   0   0   6|   0     0 | 794k   24M|   0     0 | 791  2971 |30-11 22:18:47
  4  11  82   0   0   4|   0     0 | 788k   23M|   0     0 | 875  3127 |30-11 22:18:48
  5   9  82   0   0   5|   0     0 | 771k   23M|   0     0 | 872  2942 |30-11 22:18:49
  5   7  84   0   0   4|   0     0 | 802k   24M|   0     0 | 701  2628 |30-11 22:18:50
  5  10  82   0   0   4|   0  8192B| 774k   23M|   0     0 | 735  2602 |30-11 22:18:51
  4  10  83   0   0   4|   0     0 | 761k   23M|   0     0 | 733  2860 |30-11 22:18:52
  5  10  80   0   0   4|   0     0 | 782k   23M|   0     0 | 686  2763 |30-11 22:18:53
  4   8  84   0   0   4|   0     0 | 688k   20M|   0     0 | 657  2471 |30-11 22:18:54
  3   8  86   0   0   3|   0     0 | 728k   22M|   0     0 | 708  2682 |30-11 22:18:55
  4   9  83   0   0   4|   0     0 | 843k   25M|   0     0 | 727  2869 |30-11 22:18:56
  5   9  82   0   0   4|   0     0 | 755k   23M|   0     0 | 547  2239 |30-11 22:18:57
  0   2  96   0   0   1|   0     0 | 114k 2709k|   0     0 | 141   492 |30-11 22:18:58
  2   1  97   0   0   0|   0  4096B|  18k   29k|   0     0 |  54   223 |30-11 22:18:59
  0   0 100   0   0   0|   0     0 |   0     0 |   0     0 |  22    37 |30-11 22:19:00
  0   0 100   0   0   0|   0     0 |   0     0 |   0     0 |  24    49 |30-11 22:19:01
  1   0  99   0   0   0|   0     0 |5844B 3494B|   0     0 |  28    88 |30-11 22:19:02
  0   1 100   0   0   0|   0     0 |   0     0 |   0     0 |  34    91 |30-11 22:19:03
  9   4  86   0   0   1|   0     0 |  35k 1176k|   0     0 | 201   613 |30-11 22:19:04
  3   7  89   0   0   2|   0     0 | 626k   18M|   0     0 | 204  1121 |30-11 22:19:05
  2   6  90   0   0   2|   0     0 | 531k   16M|   0     0 | 234  1319 |30-11 22:19:06
  2   5  89   0   0   4|   0  8192B| 488k   14M|   0     0 | 416  1615 |30-11 22:19:07
  5   5  86   0   0   4|   0     0 | 570k   17M|   0     0 | 574  2555 |30-11 22:19:08
  4   7  85   0   0   4|   0     0 | 577k   17M|   0     0 | 668  2738 |30-11 22:19:09
  5   5  87   0   0   4|   0     0 | 560k   17M|   0     0 | 710  2831 |30-11 22:19:10
  4   5  86   1   0   5|   0    64k| 597k   18M|   0     0 | 659  2867 |30-11 22:19:11
  5   7  85   0   0   4|   0    60k| 582k   17M|   0     0 | 736  2873 |30-11 22:19:12
  4   8  85   0   0   4|   0     0 | 592k   18M|   0     0 | 734  2961 |30-11 22:19:13
  4   9  83   0   0   4|   0     0 | 584k   17M|   0     0 | 742  3001 |30-11 22:19:14
  5   7  84   0   0   5|   0     0 | 604k   18M|   0     0 | 758  3190 |30-11 22:19:15
  2   5  91   0   0   3|   0     0 | 471k   14M|   0     0 | 670  2763 |30-11 22:19:16
  4   4  86   0   0   7|   0     0 | 482k   14M|   0     0 | 556  2444 |30-11 22:19:17
  3   6  86   0   0   4|   0     0 | 474k   14M|   0     0 | 517  2295 |30-11 22:19:18
  2   5  89   0   0   4|   0     0 | 466k   14M|   0     0 | 440  2041 |30-11 22:19:19
  4   5  89   0   0   3|   0     0 | 479k   14M|   0     0 | 438  1831 |30-11 22:19:20
  2   5  91   0   0   3|   0     0 | 489k   15M|   0     0 | 453  1888 |30-11 22:19:21
  2   6  87   0   0   4|   0  8192B| 469k   14M|   0     0 | 528  1923 |30-11 22:19:22
  4   5  86   0   0   5|   0     0 | 517k   15M|   0     0 | 490  2167 |30-11 22:19:23
  2   6  89   0   0   3|   0     0 | 464k   13M|   0     0 | 483  2032 |30-11 22:19:24
  0   1  99   0   0   0|   0  8192B|  10k   28k|   0     0 |  46   190 |30-11 22:19:25
  0   0  99   0   0   0|   0     0 |5422B 2782B|   0     0 |  27    96 |30-11 22:19:26
  0   0 100   0   0   0|   0     0 |   0     0 |   0     0 |  24    53 |30-11 22:19:27
  0   1 100   0   0   0|   0     0 |   0     0 |   0     0 |  32    66 |30-11 22:19:28
  1   0  99   0   0   0|   0     0 |5422B 2782B|   0     0 |  25    85 |30-11 22:19:29
  0   0 100   0   0   0|   0     0 |   0     0 |   0     0 |  23    44 |30-11 22:19:30
  7   7  85   0   0   1|   0     0 | 240k 7009k|   0     0 | 253   930 |30-11 22:19:31
  4   9  84   0   0   3|   0     0 | 832k   25M|   0     0 | 417  1824 |30-11 22:19:32
  4  10  81   0   0   6|   0     0 | 804k   24M|   0     0 | 428  2020 |30-11 22:19:33
  6   6  86   0   0   2|   0     0 | 739k   22M|   0     0 | 610  2437 |30-11 22:19:34
  3   9  84   0   0   4|   0     0 | 733k   22M|   0     0 | 754  2824 |30-11 22:19:35
  4   8  86   0   0   2|   0     0 | 682k   20M|   0     0 | 556  2212 |30-11 22:19:36
  4   6  88   0   0   3|   0     0 | 623k   19M|   0     0 | 564  2461 |30-11 22:19:37
  4   6  87   0   0   4|   0     0 | 644k   19M|   0     0 | 578  2474 |30-11 22:19:38
  3   6  88   0   0   3|   0     0 | 623k   18M|   0     0 | 597  2477 |30-11 22:19:39
  4   7  85   0   0   4|   0     0 | 644k   19M|   0     0 | 679  2750 |30-11 22:19:40
  5   7  84   1   0   5|   0    48k| 651k   19M|   0     0 | 640  2782 |30-11 22:19:41
  3   5  88   0   0   4|   0     0 | 630k   19M|   0     0 | 597  2462 |30-11 22:19:42
  3   7  87   0   0   3|   0     0 | 652k   19M|   0     0 | 548  2343 |30-11 22:19:43
  3   8  86   0   0   3|   0     0 | 639k   19M|   0     0 | 528  2347 |30-11 22:19:44
  5   7  84   0   0   4|   0     0 | 646k   19M|   0     0 | 543  2345 |30-11 22:19:45
  4   6  85   0   0   6|   0     0 | 621k   18M|   0     0 | 635  2438 |30-11 22:19:46
  4   5  89   0   0   3|   0     0 | 645k   19M|   0     0 | 674  2634 |30-11 22:19:47
  4  10  83   0   0   4|   0     0 | 633k   19M|   0     0 | 681  2614 |30-11 22:19:48
  4   5  87   0   0   4|   0     0 | 629k   19M|   0     0 | 602  2460 |30-11 22:19:49
  5   7  85   0   0   3|   0     0 | 577k   17M|   0     0 | 517  2259 |30-11 22:19:50
  2   6  90   0   0   3|   0     0 | 474k   13M|   0     0 | 462  1972 |30-11 22:19:51
  1   1  99   0   0   0|   0  4096B|  13k   26k|   0     0 |  55   236 |30-11 22:19:52
  0   0  99   0   0   1|   0  8192B|5422B 2782B|   0     0 |  37   125 |30-11 22:19:53
  0   0 100   0   0   0|   0     0 |   0     0 |   0     0 |  25    37 |30-11 22:19:54
  0   0 100   0   0   0|   0     0 |   0     0 |   0     0 |  24    40 |30-11 22:19:55
  0   0 100   0   0   0|   0     0 |5422B 2782B|   0     0 |  23    69 |30-11 22:19:56
  1   1  98   0   0   0|   0     0 |2043B 1851B|   0     0 |  36    94 |30-11 22:19:57
