[7l----total-cpu-usage---- -dsk/total- -net/total- ---paging-- ---system-- ----system----
usr sys idl wai hiq siq| read  writ| recv  send|  in   out | int   csw |     time     
  1   2  95   1   0   1|  14k  108k|   0     0 |   0     0 | 363  1427 |08-12 17:40:17
  1   0  99   0   0   0|   0     0 |2244B 2354B|   0     0 |  48   127 |08-12 17:40:18
  0   1 100   0   0   0|   0     0 |   0     0 |   0     0 |  33    82 |08-12 17:40:19
  0   0 100   0   0   0|   0     0 |5168B 2722B|   0     0 |  23    66 |08-12 17:40:20
  0   0 100   0   0   0|   0     0 | 254B   66B|   0     0 |  22    47 |08-12 17:40:21
  0   0 100   0   0   0|   0     0 |   0     0 |   0     0 |  23    46 |08-12 17:40:22
  3   2  95   1   0   0|   0    40k|3621B 2695B|   0     0 | 123   359 |08-12 17:40:23
  6   4  89   0   0   2|4096B 8192B|1264k 1221k|   0     0 | 373  1691 |08-12 17:40:24
  1   4  94   0   0   2|   0     0 |2873k 2758k|   0     0 | 836  3278 |08-12 17:40:25
  2   3  93   0   0   3|   0     0 |3019k 2890k|   0     0 | 855  3424 |08-12 17:40:26
  2   3  93   0   0   2|   0     0 |2909k 2789k|   0     0 | 828  3249 |08-12 17:40:27
  2   4  92   0   0   3|   0     0 |3276k 3138k|   0     0 | 893  3585 |08-12 17:40:28
  2   4  92   0   0   2|   0     0 |3727k 3571k|   0     0 | 985  4049 |08-12 17:40:29
  3   6  89   0   0   2|   0     0 |3676k 3516k|   0     0 | 934  3945 |08-12 17:40:30
  2   4  91   0   0   3|   0     0 |3565k 3420k|   0     0 | 977  3877 |08-12 17:40:31
  1   5  91   0   0   3|   0     0 |3830k 3670k|   0     0 | 968  4090 |08-12 17:40:32
  1   5  91   0   0   3|   0     0 |3588k 3436k|   0     0 | 941  3856 |08-12 17:40:33
  3   4  92   0   0   2|   0  8192B|3648k 3496k|   0     0 | 958  3989 |08-12 17:40:34
  2   3  93   0   0   3|   0     0 |3564k 3415k|   0     0 | 952  3861 |08-12 17:40:35
  3   4  91   0   0   2|   0     0 |3720k 3562k|   0     0 | 954  4007 |08-12 17:40:36
  3   4  91   0   0   3|   0     0 |3971k 3801k|   0     0 |1029  4286 |08-12 17:40:37
  2   3  94   0   0   1|   0     0 |3569k 3416k|   0     0 | 969  3871 |08-12 17:40:38
  2   5  90   0   0   3|   0     0 |3557k 3414k|   0     0 | 937  3992 |08-12 17:40:39
  2   3  94   0   0   2|   0     0 |3206k 3072k|   0     0 | 855  3483 |08-12 17:40:40
  1   5  91   0   0   2|   0     0 |3361k 3216k|   0     0 | 918  3615 |08-12 17:40:41
  4   4  90   0   0   3|   0     0 |3725k 3571k|   0     0 |1089  4222 |08-12 17:40:42
  2   3  94   0   0   2|   0     0 |3268k 3127k|   0     0 | 947  3612 |08-12 17:40:43
  3   4  92   0   0   2|   0     0 |3502k 3360k|   0     0 | 925  3740 |08-12 17:40:44
  3   2  94   0   0   2|   0     0 |3384k 3240k|   0     0 | 956  3701 |08-12 17:40:45
  1   3  94   0   0   3|   0     0 |3427k 3284k|   0     0 | 974  3724 |08-12 17:40:46
  3   4  91   0   0   3|   0     0 |4087k 3916k|   0     0 |1103  4512 |08-12 17:40:47
  2   4  90   0   0   4|   0     0 |3813k 3651k|   0     0 |1042  4211 |08-12 17:40:48
  2   4  93   0   0   2|   0  4096B|4016k 3840k|   0     0 |1107  4416 |08-12 17:40:49
  1   4  93   0   0   2|   0     0 |3697k 3538k|   0     0 |1024  3974 |08-12 17:40:50
  2   3  93   0   0   2|   0     0 |3707k 3562k|   0     0 |1009  3968 |08-12 17:40:51
  3   3  92   0   0   3|   0     0 |4003k 3835k|   0     0 |1087  4425 |08-12 17:40:52
  2   3  93   0   0   3|   0     0 |3556k 3407k|   0     0 |1002  4033 |08-12 17:40:53
  5   4  88   2   0   2|   0    56k|3959k 3792k|   0     0 |1053  4314 |08-12 17:40:54
  3   3  91   0   0   4|   0    60k|3963k 3799k|   0     0 |1145  4548 |08-12 17:40:55
  2   5  91   0   0   2|   0     0 |3675k 3522k|   0     0 | 967  4108 |08-12 17:40:56
  4   4  90   0   0   3|   0     0 |4079k 3906k|   0     0 |1107  4521 |08-12 17:40:57
  2   4  93   0   0   1|   0     0 |3622k 3471k|   0     0 |1037  4065 |08-12 17:40:58
  3   3  91   0   0   3|   0     0 |3732k 3576k|   0     0 | 998  4266 |08-12 17:40:59
  3   3  91   0   0   4|   0    12k|3733k 3575k|   0     0 | 985  4054 |08-12 17:41:00
  2   5  92   0   0   2|   0     0 |3773k 3615k|   0     0 |1086  4433 |08-12 17:41:01
  3   3  92   0   0   3|   0     0 |3927k 3763k|   0     0 |1008  4270 |08-12 17:41:02
  3   4  91   0   0   3|   0     0 |3695k 3544k|   0     0 |1021  4412 |08-12 17:41:03
  2   6  90   0   0   2|   0     0 |3746k 3589k|   0     0 | 996  4057 |08-12 17:41:04
  4   3  92   0   0   2|   0    16k|3685k 3531k|   0     0 |1020  4056 |08-12 17:41:05
  2   4  92   0   0   2|   0     0 |3752k 3593k|   0     0 |1020  4170 |08-12 17:41:06
  3   4  91   0   0   2|   0     0 |3764k 3603k|   0     0 | 965  4062 |08-12 17:41:07
  3   2  93   0   0   2|   0     0 |3676k 3526k|   0     0 | 978  3991 |08-12 17:41:08
  2   5  89   0   0   4|   0     0 |3850k 3686k|   0     0 |1089  4446 |08-12 17:41:09
  3   3  94   0   0   1|   0     0 |3667k 3514k|   0     0 | 993  4098 |08-12 17:41:10
  2   2  94   0   0   2|   0    12k|3604k 3454k|   0     0 | 935  3979 |08-12 17:41:11
  3   5  91   0   0   2|   0     0 |3720k 3562k|   0     0 | 930  4048 |08-12 17:41:12
  3   3  93   0   0   2|   0     0 |3604k 3452k|   0     0 | 919  3986 |08-12 17:41:13
  2   4  93   0   0   2|   0     0 |3741k 3583k|   0     0 | 978  4066 |08-12 17:41:14
  3   3  91   0   0   3|   0     0 |3657k 3502k|   0     0 | 861  3875 |08-12 17:41:15
  2   4  92   0   0   3|   0    12k|3688k 3533k|   0     0 | 976  3932 |08-12 17:41:16
  2   4  93   0   0   2|   0     0 |3962k 3787k|   0     0 |1029  4367 |08-12 17:41:17
  3   3  93   0   0   2|   0     0 |3528k 3392k|   0     0 | 915  3934 |08-12 17:41:18
  2   4  91   0   0   3|   0     0 |3805k 3643k|   0     0 |1002  4108 |08-12 17:41:19
  1   5  91   0   0   3|   0     0 |3831k 3662k|   0     0 |1030  4139 |08-12 17:41:20
  3   4  92   0   0   2|   0     0 |3653k 3508k|   0     0 | 937  3951 |08-12 17:41:21
  2   2  94   0   0   2|   0    20k|3818k 3656k|   0     0 | 981  4179 |08-12 17:41:22
  3   4  89   0   0   3|   0     0 |3507k 3360k|   0     0 | 914  3946 |08-12 17:41:23
  1   2  89   6   0   2|   0    72k| 962k  906k|   0     0 | 358  1417 |08-12 17:41:24
  1   0  99   0   0   0|   0     0 |5422B 2788B|   0     0 |  27    71 |08-12 17:41:25
  0   0 100   0   0   0|   0     0 |   0     0 |   0     0 |  20    29 |08-12 17:41:26
  0   0 100   0   0   0|   0    68k|   0     0 |   0     0 |  23    40 |08-12 17:41:27
  0   0 100   0   0   0|   0     0 |5590B 2890B|   0     0 |  32    74 |08-12 17:41:28
  0   1 100   0   0   0|   0     0 | 504B  314B|   0     0 |  49    97 |08-12 17:41:29
  0   0 100   0   0   0|   0     0 | 132B  132B|   0     0 |  24    28 |08-12 17:41:30
  1   1  99   0   0   0|   0     0 |5722B 3030B|   0     0 |  69   184 |08-12 17:41:31
  8   6  86   0   0   0|   0     0 |5413B 4827B|   0     0 | 243   806 |08-12 17:41:32
  1   0  99   0   0   0|   0     0 | 336B  220B|   0     0 |  56   136 |08-12 17:41:33
  1   1  99   0   0   0|   0     0 |5844B 3500B|   0     0 |  43   102 |08-12 17:41:34
  0   0 100   0   0   0|   0     0 |   0     0 |   0     0 |  25    40 |08-12 17:41:35
  0   0 100   0   0   0|   0     0 | 168B  102B|   0     0 |  23    36 |08-12 17:41:36
  0   0 100   0   0   0|   0     0 |5422B 2788B|   0     0 |  24    62 |08-12 17:41:37
  1   1  99   0   0   0|   0     0 | 168B  110B|   0     0 |  45   105 |08-12 17:41:38
  1   1  99   0   0   0|   0     0 | 270B  212B|   0     0 |  65   128 |08-12 17:41:39
  0   0 100   0   0   0|   0     0 |5488B 2788B|   0     0 |  28    77 |08-12 17:41:40
  4   1  95   0   0   0|   0     0 | 660B 2700B|   0     0 |  47   127 |08-12 17:41:41
  0   0 100   0   0   0|   0     0 |   0     0 |   0     0 |  23    24 |08-12 17:41:42
  0   0 100   0   0   0|   0     0 |5422B 2788B|   0     0 |  27    78 |08-12 17:41:43
  9   5  86   0   0   0|   0     0 |3687B 3877B|   0     0 | 194   563 |08-12 17:41:44
  2   2  95   0   0   1|   0     0 |2034k 1964k|   0     0 | 566  2412 |08-12 17:41:45
  2   3  93   0   0   3|   0     0 |3113k 2976k|   0     0 | 848  3442 |08-12 17:41:46
  2   4  91   0   0   4|   0     0 |3488k 3346k|   0     0 | 947  3826 |08-12 17:41:47
  2   3  93   0   0   2|   0     0 |3267k 3129k|   0     0 | 854  3506 |08-12 17:41:48
  2   1  95   0   0   2|   0     0 |3369k 3217k|   0     0 | 927  3651 |08-12 17:41:49
  2   4  90   0   0   4|   0     0 |3706k 3559k|   0     0 |1026  4041 |08-12 17:41:50
  2   3  93   0   0   3|   0     0 |3437k 3293k|   0     0 | 884  3623 |08-12 17:41:51
  2   3  94   0   0   2|   0     0 |3565k 3414k|   0     0 | 965  3874 |08-12 17:41:52
  2   3  92   0   0   3|   0     0 |3724k 3568k|   0     0 |1000  3999 |08-12 17:41:53
  1   3  93   1   0   2|   0    72k|3774k 3615k|   0     0 |1036  4155 |08-12 17:41:54
  3   4  91   0   0   2|   0     0 |3672k 3516k|   0     0 | 948  3934 |08-12 17:41:55
  5   4  90   0   0   2|   0  4096B|3384k 3245k|   0     0 | 830  3578 |08-12 17:41:56
  2   2  95   0   0   2|   0     0 |3689k 3535k|   0     0 | 998  4134 |08-12 17:41:57
  2   5  91   0   0   2|   0  8192B|3814k 3652k|   0     0 | 974  4125 |08-12 17:41:58
  2   5  91   0   0   3|   0     0 |3635k 3484k|   0     0 | 993  4071 |08-12 17:41:59
  2   4  93   0   0   1|   0     0 |3148k 3016k|   0     0 | 795  3352 |08-12 17:42:00
  3   1  95   0   0   2|   0     0 |2817k 2695k|   0     0 | 768  3057 |08-12 17:42:01
  2   4  92   0   0   2|   0     0 |3409k 3271k|   0     0 | 865  3759 |08-12 17:42:02
  2   5  92   0   0   1|   0  8192B|3631k 3475k|   0     0 |1008  3868 |08-12 17:42:03
  4   3  92   0   0   2|   0     0 |3056k 2926k|   0     0 | 843  3461 |08-12 17:42:04
  2   1  95   0   0   3|   0     0 |3007k 2886k|   0     0 | 796  3265 |08-12 17:42:05
  2   2  93   0   0   3|   0     0 |3055k 2928k|   0     0 | 908  3279 |08-12 17:42:06
  2   3  92   0   0   3|   0     0 |3804k 3643k|   0     0 |1036  4130 |08-12 17:42:07
  2   3  93   0   0   2|   0     0 |3950k 3785k|   0     0 |1006  4216 |08-12 17:42:08
  3   3  91   0   0   4|   0     0 |3932k 3763k|   0     0 | 959  4339 |08-12 17:42:09
  2   3  94   0   0   2|   0     0 |3999k 3834k|   0     0 | 986  4312 |08-12 17:42:10
  2   5  93   0   0   1|   0     0 |3772k 3611k|   0     0 | 964  4125 |08-12 17:42:11
  4   4  90   0   0   2|   0     0 |3684k 3534k|   0     0 | 949  3974 |08-12 17:42:12
  3   2  93   0   0   3|   0     0 |3795k 3634k|   0     0 | 994  4087 |08-12 17:42:13
  2   4  92   0   0   2|   0     0 |3905k 3738k|   0     0 |1055  4374 |08-12 17:42:14
  2   3  93   0   0   3|   0     0 |3507k 3360k|   0     0 | 932  3765 |08-12 17:42:15
  2   4  92   0   0   2|   0     0 |3459k 3316k|   0     0 | 937  3705 |08-12 17:42:16
  2   4  92   0   0   3|   0     0 |3834k 3674k|   0     0 |1054  4191 |08-12 17:42:17
  4   4  91   0   0   2|   0     0 |3514k 3370k|   0     0 | 930  3775 |08-12 17:42:18
  3   4  91   0   0   2|   0    16k|3844k 3681k|   0     0 | 997  4156 |08-12 17:42:19
  2   3  94   0   0   2|   0     0 |3706k 3551k|   0     0 | 995  4032 |08-12 17:42:20
  3   4  91   0   0   3|   0     0 |3764k 3606k|   0     0 |1094  4236 |08-12 17:42:21
  1   4  93   0   0   3|   0     0 |3747k 3584k|   0     0 |1030  4052 |08-12 17:42:22
  2   3  91   0   0   4|   0     0 |3582k 3432k|   0     0 | 953  3919 |08-12 17:42:23
  1   5  92   0   0   3|   0     0 |3826k 3670k|   0     0 |1030  4106 |08-12 17:42:24
  3   4  90   3   0   1|   0    60k|3636k 3482k|   0     0 | 934  3932 |08-12 17:42:25
  3   3  92   0   0   2|   0     0 |3719k 3564k|   0     0 |1018  4026 |08-12 17:42:26
  2   4  91   0   0   3|   0     0 |3719k 3564k|   0     0 | 992  3835 |08-12 17:42:27
  2   2  93   0   0   3|   0     0 |3601k 3448k|   0     0 | 986  3860 |08-12 17:42:28
  1   4  93   0   0   2|   0    92k|3648k 3492k|   0     0 | 966  4012 |08-12 17:42:29
  2   4  91   0   0   3|   0     0 |3671k 3521k|   0     0 | 948  4101 |08-12 17:42:30
  2   4  93   0   0   2|   0     0 |3524k 3377k|   0     0 | 888  3796 |08-12 17:42:31
  2   4  90   0   0   3|   0     0 |3910k 3741k|   0     0 | 987  4156 |08-12 17:42:32
  3   3  91   0   0   3|   0     0 |3826k 3670k|   0     0 | 969  4142 |08-12 17:42:33
  1   4  93   0   0   2|   0     0 |3878k 3716k|   0     0 |1016  4253 |08-12 17:42:34
  2   3  92   0   0   3|   0     0 |3888k 3722k|   0     0 |1002  4241 |08-12 17:42:35
  1   4  92   0   0   3|   0     0 |3741k 3584k|   0     0 |1015  4020 |08-12 17:42:36
  3   3  91   0   0   3|   0     0 |4050k 3868k|   0     0 |1068  4355 |08-12 17:42:37
  2   3  93   0   0   2|   0     0 |3742k 3595k|   0     0 |1004  4150 |08-12 17:42:38
  2   4  91   0   0   3|   0     0 |3878k 3716k|   0     0 |1027  4190 |08-12 17:42:39
  2   4  93   0   0   2|   0     0 |3560k 3411k|   0     0 | 992  3863 |08-12 17:42:40
  3   3  91   0   0   3|   0     0 |3582k 3422k|   0     0 | 919  3816 |08-12 17:42:41
  2   3  93   0   0   2|   0     0 |3906k 3751k|   0     0 |1046  4215 |08-12 17:42:42
  1   3  92   0   0   4|   0     0 |3892k 3729k|   0     0 |1008  4112 |08-12 17:42:43
  3   5  90   0   0   2|   0     0 |3680k 3524k|   0     0 |1008  4059 |08-12 17:42:44
  0   1 100   0   0   0|   0     0 | 106k   94k|   0     0 |  67   211 |08-12 17:42:45
  1   0  99   0   0   0|   0  8192B| 492B  506B|   0     0 |  62   215 |08-12 17:42:46
  0   0 100   0   0   0|   0     0 |5422B 2788B|   0     0 |  28    67 |08-12 17:42:47
  0   0 100   0   0   0|   0     0 |   0     0 |   0     0 |  25    45 |08-12 17:42:48
  0   0 100   0   0   0|   0     0 |   0     0 |   0     0 |  24    43 |08-12 17:42:49
  1   0  99   0   0   0|   0     0 |5422B 2788B|   0     0 |  38   100 |08-12 17:42:50
  0   0 100   0   0   0|   0     0 |   0     0 |   0     0 |  20    42 |08-12 17:42:51
  0   0 100   0   0   0|   0     0 | 132B  132B|   0     0 |  24    39 |08-12 17:42:52
  1   0  99   0   0   0|   0     0 |5554B 2920B|   0     0 |  24    62 |08-12 17:42:53
  8   4  88   0   0   0|   0     0 |5011B 4521B|   0     0 | 237   694 |08-12 17:42:54
  0   1  98   2   0   0|   0    48k| 176B  142B|   0     0 |  42   113 |08-12 17:42:55
  1   0  99   0   0   0|   0     0 |5422B 2788B|   0     0 |  26   142 |08-12 17:42:56
  0   0 100   0   0   0|   0     0 |   0     0 |   0     0 |  19    24 |08-12 17:42:57
  4   1  96   0   0   0|   0     0 | 726B 2802B|   0     0 |  51   115 |08-12 17:42:58
  0   1 100   0   0   0|   0     0 |5774B 4760B|   0     0 |  35    86 |08-12 17:42:59
  0   1  99   0   0   0|   0  8192B|   0     0 |   0     0 |  40    96 |08-12 17:43:00
  0   0 100   0   0   0|   0     0 |   0     0 |   0     0 |  23    38 |08-12 17:43:01
  1   0  99   0   0   0|   0     0 |5422B 2788B|   0     0 |  28    78 |08-12 17:43:02
  0   0 100   0   0   0|   0     0 |   0     0 |   0     0 |  20    31 |08-12 17:43:03
  0   0 100   0   0   0|   0     0 | 336B  244B|   0     0 |  34    65 |08-12 17:43:04
  1   1  98   0   0   0|   0     0 |6132B 3664B|   0     0 |  62   170 |08-12 17:43:05
  8   4  89   0   0   0|   0     0 |6589B   22k|   0     0 | 228   624 |08-12 17:43:06
  2   3  94   0   0   2|   0     0 |2652k 2527k|   0     0 | 924  3051 |08-12 17:43:07
  2   3  91   0   0   5|   0     0 |3114k 2989k|   0     0 |1021  3451 |08-12 17:43:08
  2   4  92   0   0   2|   0     0 |3335k 3198k|   0     0 | 867  3657 |08-12 17:43:09
  6   3  89   0   0   2|   0  4096B|3250k 3115k|   0     0 |1213  3502 |08-12 17:43:10
  3   2  92   0   0   3|   0     0 |3556k 3400k|   0     0 |1458  3903 |08-12 17:43:11
  1   4  91   0   0   5|   0     0 |3715k 3563k|   0     0 |1494  3930 |08-12 17:43:12
  2   4  92   0   0   3|   0     0 |3724k 3569k|   0     0 |1317  3985 |08-12 17:43:13
  2   2  94   0   0   2|   0     0 |3592k 3439k|   0     0 | 945  3763 |08-12 17:43:14
  2   3  93   0   0   2|   0     0 |3564k 3417k|   0     0 |1062  3798 |08-12 17:43:15
  1   3  94   0   0   2|   0     0 |3387k 3246k|   0     0 |1420  3632 |08-12 17:43:16
  2   4  92   0   0   2|   0     0 |3937k 3766k|   0     0 | 791  4176 |08-12 17:43:17
  3   4  91   0   0   2|   0     0 |3709k 3557k|   0     0 |1620  3971 |08-12 17:43:18
  2   3  92   0   0   3|   0     0 |3609k 3462k|   0     0 |1156  3717 |08-12 17:43:19
  2   4  91   0   0   3|   0  8192B|3654k 3498k|   0     0 |1544  3794 |08-12 17:43:20
  2   3  93   0   0   2|   0     0 |3037k 2911k|   0     0 |1188  3301 |08-12 17:43:21
  1   5  91   0   0   4|   0     0 |3347k 3199k|   0     0 |1493  3485 |08-12 17:43:22
  2   3  93   0   0   2|   0     0 |3322k 3189k|   0     0 | 177  3522 |08-12 17:43:23
  2   3  92   0   0   4|   0     0 |3117k 2987k|   0     0 |1334  3252 |08-12 17:43:24
  1   4  91   0   0   4|   0  4096B|3152k 3021k|   0     0 |1391  3406 |08-12 17:43:25
  3   3  90   2   0   3|   0    92k|3042k 2913k|   0     0 |1155  3244 |08-12 17:43:26
  2   3  92   0   0   3|   0     0 |3277k 3140k|   0     0 |1575  3411 |08-12 17:43:27
  3   2  93   0   0   3|   0     0 |3250k 3114k|   0     0 | 522  3444 |08-12 17:43:28
  2   3  93   0   0   3|   0     0 |3747k 3588k|   0     0 |1409  3821 |08-12 17:43:29
  3   5  90   0   0   3|   0     0 |3764k 3598k|   0     0 |1735  4042 |08-12 17:43:30
  2   4  92   0   0   2|   0     0 |3507k 3369k|   0     0 | 740  3741 |08-12 17:43:31
  2   2  93   0   0   3|   0     0 |3879k 3717k|   0     0 |1104  4074 |08-12 17:43:32
  4   3  91   0   0   2|   0     0 |3583k 3431k|   0     0 |1493  3877 |08-12 17:43:33
  2   3  91   0   0   4|   0     0 |3786k 3627k|   0     0 |1592  4027 |08-12 17:43:34
  3   3  91   0   0   3|   0     0 |3742k 3585k|   0     0 |1471  3965 |08-12 17:43:35
  2   2  94   0   0   3|   0  8192B|3490k 3342k|   0     0 |1295  3640 |08-12 17:43:36
  3   2  91   0   0   5|   0     0 |3914k 3751k|   0     0 |1772  3997 |08-12 17:43:37
  1   3  93   0   0   3|   0     0 |3914k 3750k|   0     0 |1746  4127 |08-12 17:43:38
  2   3  93   0   0   3|   0     0 |3640k 3478k|   0     0 |1682  3870 |08-12 17:43:39
  2   4  92   0   0   2|   0     0 |3945k 3789k|   0     0 | 770  4194 |08-12 17:43:40
  2   1  95   0   0   2|   0    96k|3918k 3751k|   0     0 |1941  4198 |08-12 17:43:41
  3   3  92   0   0   3|   0     0 |3853k 3690k|   0     0 |1561  4132 |08-12 17:43:42
  1   3  93   0   0   4|   0     0 |3781k 3627k|   0     0 |1359  3836 |08-12 17:43:43
  2   4  91   0   0   3|   0     0 |3706k 3551k|   0     0 |1361  3726 |08-12 17:43:44
  3   6  89   0   0   3|   0     0 |3676k 3520k|   0     0 |1326  3901 |08-12 17:43:45
  1   3  94   0   0   3|   0    12k|3396k 3246k|   0     0 |1620  3564 |08-12 17:43:46
  2   3  90   0   0   4|   0     0 |3817k 3666k|   0     0 |1512  3992 |08-12 17:43:47
  2   3  93   0   0   3|   0     0 |3769k 3605k|   0     0 |1198  3865 |08-12 17:43:48
  2   2  92   0   0   4|   0     0 |3595k 3449k|   0     0 |1126  3727 |08-12 17:43:49
  2   3  91   0   0   4|   0     0 |3449k 3305k|   0     0 |1626  3610 |08-12 17:43:50
  2   5  91   0   0   3|   0     0 |3627k 3473k|   0     0 |1307  3717 |08-12 17:43:51
  3   3  91   0   0   4|   0     0 |3848k 3687k|   0     0 |1467  3994 |08-12 17:43:52
  2   3  92   0   0   3|   0     0 |4100k 3929k|   0     0 | 483  4391 |08-12 17:43:53
  3   5  90   0   0   3|   0     0 |3778k 3617k|   0     0 |1125  4002 |08-12 17:43:54
  2   3  94   0   0   2|   0     0 |3693k 3534k|   0     0 |1485  3861 |08-12 17:43:55
  2   4  88   4   0   3|   0    44k|3621k 3469k|   0     0 |1242  3877 |08-12 17:43:56
  3   4  90   0   0   4|   0     0 |3940k 3777k|   0     0 |1196  4255 |08-12 17:43:57
  2   3  90   0   0   4|   0     0 |3803k 3643k|   0     0 | 433  3972 |08-12 17:43:58
  2   3  92   0   0   4|   0     0 |3789k 3631k|   0     0 | 824  3901 |08-12 17:43:59
  3   3  91   0   0   3|   0     0 |3675k 3518k|   0     0 |1077  3868 |08-12 17:44:00
  2   2  94   0   0   2|   0     0 |3604k 3449k|   0     0 | 976  3742 |08-12 17:44:01
  2   4  92   0   0   3|   0     0 |3733k 3581k|   0     0 | 639  3941 |08-12 17:44:02
  2   4  91   0   0   4|   0     0 |3587k 3435k|   0     0 |1665  3807 |08-12 17:44:03
  2   4  91   0   0   3|   0     0 |3870k 3704k|   0     0 |1500  4051 |08-12 17:44:04
  2   3  91   0   0   4|   0     0 |3830k 3674k|   0     0 |1392  4105 |08-12 17:44:05
  2   2  95   0   0   1|   0  8192B|2778k 2651k|   0     0 |1213  3146 |08-12 17:44:06
  0   0 100   0   0   0|   0     0 |   0     0 |   0     0 |  21    35 |08-12 17:44:07
  0   0 100   0   0   0|   0     0 |   0     0 |   0     0 |  18    28 |08-12 17:44:08
  1   0  99   0   0   0|   0     0 |5422B 2788B|   0     0 |  22    63 |08-12 17:44:09
  1   0  99   0   0   0|   0     0 |   0     0 |   0     0 |  32    70 |08-12 17:44:10
  0   0 100   0   0   0|   0     0 |   0     0 |   0     0 |  25    56 |08-12 17:44:11
  0   0  99   0   0   1|   0     0 |5422B 2788B|   0     0 |  27    79 |08-12 17:44:12
  0   0 100   0   0   0|   0     0 | 264B  264B|   0     0 |  18    34 |08-12 17:44:13
  1   0  99   0   0   0|   0     0 |1961B 1851B|   0     0 |  30    68 |08-12 17:44:14
  8   4  88   0   0   0|   0     0 |8472B 5458B|   0     0 | 231   734 |08-12 17:44:15
  0   0 100   0   0   0|   0     0 |   0     0 |   0     0 |  21    43 |08-12 17:44:16
  0   0 100   0   0   0|   0    16k|   0     0 |   0     0 |  18    26 |08-12 17:44:17
  0   0 100   0   0   0|   0     0 |5524B 2980B|   0     0 |  20    66 |08-12 17:44:18
  1   1  99   0   0   0|   0     0 |2677B 5564B|   0     0 |  46   128 |08-12 17:44:19
  1   1  99   0   0   0|   0     0 | 270B  204B|   0     0 |  41    94 |08-12 17:44:20
  0   0 100   0   0   0|   0     0 |5664B 2930B|   0     0 |  28   114 |08-12 17:44:21
  0   0 100   0   0   0|   0     0 |   0     0 |   0     0 |  24    28 |08-12 17:44:22
  4   1  96   0   0   0|   0     0 | 660B 2700B|   0     0 |  48   103 |08-12 17:44:23
  0   0  99   0   0   0|   0     0 |5774B 4760B|   0     0 |  33    82 |08-12 17:44:24
  0   0 100   0   0   0|   0     0 |   0     0 |   0     0 |  35    78 |08-12 17:44:25
  1   1  94   6   0   0|   0    76k| 949B 1115B|   0     0 |  58   137 |08-12 17:44:26
  8   5  87   0   0   0|   0     0 | 622k  229k|   0     0 | 238   886 |08-12 17:44:27
  3   4  91   0   0   2|   0    60k|7394k 2483k|   0     0 | 837  3083 |08-12 17:44:28
  2   4  91   0   0   3|   0     0 |7427k 2500k|   0     0 | 895  2937 |08-12 17:44:29
  6   4  88   0   0   3|   0     0 |8458k 2841k|   0     0 | 999  3433 |08-12 17:44:30
  2   3  92   0   0   3|   0     0 |7787k 2624k|   0     0 |1065  3193 |08-12 17:44:31
  2   3  94   0   0   1|   0     0 |9554k 3214k|   0     0 |1004  3786 |08-12 17:44:32
  2   3  91   0   0   4|   0     0 |9112k 3066k|   0     0 |1028  3571 |08-12 17:44:33
  2   4  92   0   0   2|   0     0 |9823k 3303k|   0     0 | 844  3831 |08-12 17:44:34
  3   4  90   0   0   4|   0     0 |9836k 3307k|   0     0 |1002  3823 |08-12 17:44:35
  2   3  92   0   0   3|   0     0 |8893k 2993k|   0     0 | 963  3552 |08-12 17:44:36
  3   2  92   0   0   4|   0     0 |7707k 2590k|   0     0 | 803  3036 |08-12 17:44:37
  2   4  91   0   0   3|   0     0 |8726k 2935k|   0     0 |1125  3421 |08-12 17:44:38
  2   2  93   0   0   3|   0     0 |  10M 3395k|   0     0 | 533  3915 |08-12 17:44:39
  3   4  91   0   0   3|   0     0 |9239k 3108k|   0     0 | 810  3716 |08-12 17:44:40
  2   4  93   0   0   2|   0     0 |8371k 2815k|   0     0 |1045  3365 |08-12 17:44:41
  2   4  91   0   0   3|   0     0 |9136k 3074k|   0     0 |1127  3558 |08-12 17:44:42
  2   3  93   0   0   2|   0     0 |8996k 3024k|   0     0 | 865  3473 |08-12 17:44:43
  2   4  91   0   0   4|   0     0 |9708k 3266k|   0     0 |1140  3822 |08-12 17:44:44
  3   3  92   0   0   3|   0     0 |  10M 3374k|   0     0 | 925  3929 |08-12 17:44:45
  4   3  90   0   0   4|   0     0 |9315k 3133k|   0     0 | 573  3660 |08-12 17:44:46
  2   4  91   0   0   4|   0     0 |  10M 3475k|   0     0 |1346  4027 |08-12 17:44:47
  2   6  89   0   0   3|   0     0 |9655k 3247k|   0     0 |1075  3796 |08-12 17:44:48
  2   3  93   0   0   2|   0     0 |9072k 3048k|   0     0 |1014  3633 |08-12 17:44:49
  4   3  90   0   0   3|   0     0 |8697k 2926k|   0     0 | 730  3393 |08-12 17:44:50
  1   4  91   0   0   4|   0     0 |8926k 2996k|   0     0 | 978  3516 |08-12 17:44:51
  3   3  88   0   0   6|   0     0 |9828k 3307k|   0     0 | 941  3884 |08-12 17:44:52
  3   3  93   0   0   2|   0     0 |9618k 3234k|   0     0 | 772  3691 |08-12 17:44:53
  3   4  90   0   0   3|   0     0 |  10M 3407k|   0     0 |1275  3915 |08-12 17:44:54
  2   5  90   0   0   4|   0     0 |9393k 3153k|   0     0 | 809  3623 |08-12 17:44:55
  2   4  90   0   0   3|   0     0 |8991k 3026k|   0     0 |1126  3529 |08-12 17:44:56
  1   4  87   4   0   5|   0    76k|9695k 3264k|   0     0 |1033  3903 |08-12 17:44:57
  2   2  94   0   0   2|   0     0 |9150k 3084k|   0     0 | 742  3636 |08-12 17:44:58
  1   4  90   0   0   5|   0    88k|9759k 3286k|   0     0 |1132  3971 |08-12 17:44:59
  2   3  91   0   0   4|   0     0 |  10M 3387k|   0     0 |1442  4184 |08-12 17:45:00
  2   5  91   0   0   3|   0     0 |9393k 3166k|   0     0 |1135  3806 |08-12 17:45:01
  3   3  91   0   0   4|   0     0 |  10M 3454k|   0     0 |1218  4109 |08-12 17:45:02
  4   3  91   0   0   3|   0     0 |9776k 3292k|   0     0 |1230  3991 |08-12 17:45:03
  3   1  93   0   0   3|   0     0 |9802k 3312k|   0     0 |1314  4069 |08-12 17:45:04
  2   4  90   0   0   4|   0     0 |9502k 3196k|   0     0 |1003  3764 |08-12 17:45:05
  2   2  93   0   0   3|   0     0 |9694k 3261k|   0     0 | 793  3882 |08-12 17:45:06
  2   4  92   0   0   2|   0     0 |9610k 3233k|   0     0 |1047  3735 |08-12 17:45:07
  2   4  91   0   0   4|   0     0 |  10M 3555k|   0     0 |1017  4109 |08-12 17:45:08
  1   3  94   0   0   2|   0     0 |9943k 3346k|   0     0 |1300  3827 |08-12 17:45:09
  3   3  90   0   0   4|   0     0 |9649k 3247k|   0     0 |1039  3852 |08-12 17:45:10
  2   3  90   0   0   5|   0     0 |9707k 3261k|   0     0 |1182  3882 |08-12 17:45:11
  2   4  91   0   0   4|   0     0 |  10M 3587k|   0     0 |1351  4198 |08-12 17:45:12
  3   4  90   0   0   3|   0     0 |  10M 3386k|   0     0 | 810  3855 |08-12 17:45:13
  3   4  90   0   0   4|   0     0 |9976k 3354k|   0     0 |1106  3863 |08-12 17:45:14
  3   5  90   0   0   3|   0     0 |9144k 3070k|   0     0 |1125  3579 |08-12 17:45:15
  2   4  91   0   0   4|   0     0 |9214k 3104k|   0     0 | 769  3677 |08-12 17:45:16
  1   3  93   0   0   3|   0     0 |  10M 3472k|   0     0 |1088  3971 |08-12 17:45:17
  2   4  91   0   0   4|   0     0 |9251k 3119k|   0     0 |1232  3681 |08-12 17:45:18
  3   4  88   0   0   5|   0     0 |9549k 3209k|   0     0 | 962  3866 |08-12 17:45:19
  3   2  91   0   0   4|   0     0 |  10M 3373k|   0     0 |1105  3928 |08-12 17:45:20
  3   3  91   0   0   3|   0     0 |9399k 3154k|   0     0 |1209  3648 |08-12 17:45:21
  4   4  91   0   0   2|   0     0 |9750k 3281k|   0     0 |1000  3722 |08-12 17:45:22
  6   3  89   0   0   3|   0     0 |9323k 3135k|   0     0 | 928  3587 |08-12 17:45:23
  2   4  92   0   0   2|   0     0 |9630k 3224k|   0     0 |1091  3556 |08-12 17:45:24
  3   2  92   0   0   4|   0     0 |9201k 3101k|   0     0 | 905  3554 |08-12 17:45:25
  2   3  93   0   0   2|   0     0 |9183k 3086k|   0     0 | 999  3480 |08-12 17:45:26
  2   1  90   7   0   1|   0    72k|5828k 1957k|   0     0 | 539  2467 |08-12 17:45:27
  1   0  99   0   0   0|   0     0 |5722B 3310B|   0     0 |  38   117 |08-12 17:45:28
  4   1  95   0   0   0|   0     0 | 836B 2842B|   0     0 |  56   118 |08-12 17:45:29
  0   1  99   0   0   0|   0    12k| 286B 1972B|   0     0 |  48    94 |08-12 17:45:30
  0   0 100   0   0   0|   0     0 |5488B 2788B|   0     0 |  28    65 |08-12 17:45:31
  0   0 100   0   0   0|   0     0 |   0     0 |   0     0 |  24    28 |08-12 17:45:32
  0   0 100   0   0   0|   0     0 |   0     0 |   0     0 |  23    27 |08-12 17:45:33
  1   0  99   0   0   0|   0     0 |5686B 3052B|   0     0 |  24    61 |08-12 17:45:34
  1   1  98   0   0   0|   0     0 |2287B 2203B|   0     0 |  61   141 |08-12 17:45:35
  8   4  88   0   0   0|   0     0 |3060B 2562B|   0     0 | 219   657 |08-12 17:45:36
  1   0  99   0   0   0|   0     0 |6144B 4022B|   0     0 |  42   117 |08-12 17:45:37
  0   0 100   0   0   0|   0     0 |   0     0 |   0     0 |  19    30 |08-12 17:45:38
  0   0 100   0   0   0|   0     0 |   0     0 |   0     0 |  22    36 |08-12 17:45:39
  1   0  99   0   0   0|   0    44k|5422B 2788B|   0     0 |  32   102 |08-12 17:45:40
  0   0 100   0   0   0|   0     0 |   0     0 |   0     0 |  22    48 |08-12 17:45:41
  0   0 100   0   0   0|   0     0 |   0     0 |   0     0 |  25    30 |08-12 17:45:42
  0   0 100   0   0   0|   0     0 |5168B 2722B|   0     0 |  24    47 |08-12 17:45:43
  0   0 100   0   0   0|   0     0 | 254B   66B|   0     0 |  24    36 |08-12 17:45:44
  0   0  99   0   0   0|   0     0 |   0     0 |   0     0 |  37    78 |08-12 17:45:45
  0   0 100   0   0   0|   0     0 |   0     0 |   0     0 |  23    37 |08-12 17:45:46
  0   1  99   0   0   0|   0     0 |7317B 4209B|   0     0 |  38   108 |08-12 17:45:47
  8   3  89   0   0   1|   0     0 |1515k  530k|   0     0 | 260  1200 |08-12 17:45:48
  2   3  93   0   0   2|   0     0 |7800k 2620k|   0     0 | 763  3222 |08-12 17:45:49
  3   1  93   0   0   3|   0     0 |8615k 2896k|   0     0 |1019  3507 |08-12 17:45:50
  1   2  95   0   0   2|   0     0 |8896k 2993k|   0     0 |1215  3516 |08-12 17:45:51
  2   2  94   0   0   2|   0     0 |9106k 3062k|   0     0 | 563  3575 |08-12 17:45:52
  3   3  91   0   0   3|   0     0 |9956k 3345k|   0     0 | 866  3988 |08-12 17:45:53
  2   3  93   0   0   3|   0     0 |9438k 3179k|   0     0 |1012  3663 |08-12 17:45:54
  2   3  93   0   0   2|   0     0 |  10M 3384k|   0     0 | 871  3989 |08-12 17:45:55
  2   3  93   0   0   3|   0     0 |9307k 3130k|   0     0 |1061  3674 |08-12 17:45:56
  2   3  93   0   0   3|   0     0 |8363k 2818k|   0     0 | 774  3408 |08-12 17:45:57
  1   3  92   2   0   2|   0    76k|6967k 2344k|   0     0 | 690  2847 |08-12 17:45:58
  2   4  93   0   0   1|   0     0 |8816k 2966k|   0     0 | 620  3457 |08-12 17:45:59
  3   3  92   0   0   2|   0     0 |7646k 2566k|   0     0 | 827  3047 |08-12 17:46:00
  3   2  93   0   0   3|   0     0 |7774k 2615k|   0     0 |1088  3076 |08-12 17:46:01
  2   4  91   0   0   3|   0     0 |9177k 3084k|   0     0 |1111  3685 |08-12 17:46:02
  1   4  90   0   0   4|   0     0 |8967k 3023k|   0     0 |1165  3469 |08-12 17:46:03
  3   3  91   0   0   3|   0     0 |  10M 3393k|   0     0 |1317  3872 |08-12 17:46:04
  3   4  90   0   0   3|   0     0 |9500k 3197k|   0     0 |1093  3684 |08-12 17:46:05
  1   4  92   0   0   3|   0     0 |9387k 3157k|   0     0 |1333  3682 |08-12 17:46:06
  1   2  94   0   0   3|   0     0 |9630k 3233k|   0     0 |1217  3632 |08-12 17:46:07
  3   3  91   0   0   4|   0     0 |  10M 3406k|   0     0 | 982  3911 |08-12 17:46:08
  2   3  93   0   0   2|   0     0 |9028k 3032k|   0     0 |1100  3401 |08-12 17:46:09
  2   3  93   0   0   2|   0     0 |9285k 3123k|   0     0 | 910  3620 |08-12 17:46:10
  3   3  90   0   0   4|   0  8192B|9510k 3197k|   0     0 | 987  3689 |08-12 17:46:11
  2   4  91   0   0   3|   0     0 |9976k 3356k|   0     0 | 770  3915 |08-12 17:46:12
  1   5  91   0   0   3|   0     0 |9746k 3268k|   0     0 |1100  3795 |08-12 17:46:13
  3   3  91   0   0   4|   0     0 |9867k 3323k|   0     0 | 973  3801 |08-12 17:46:14
  2   4  92   0   0   3|   0     0 |  10M 3378k|   0     0 |1384  3960 |08-12 17:46:15
  2   3  92   0   0   3|   0     0 |9144k 3077k|   0     0 | 801  3601 |08-12 17:46:16
  3   4  90   0   0   3|   0     0 |9751k 3277k|   0     0 |1183  3764 |08-12 17:46:17
  1   3  95   0   0   2|   0     0 |9755k 3283k|   0     0 | 913  3935 |08-12 17:46:18
  4   5  88   0   0   3|   0     0 |9894k 3334k|   0     0 | 908  3861 |08-12 17:46:19
  3   4  91   0   0   2|   0     0 |9674k 3255k|   0     0 | 689  3839 |08-12 17:46:20
  1   3  92   0   0   4|   0    24k|9644k 3246k|   0     0 | 785  3772 |08-12 17:46:21
  3   5  90   0   0   3|   0     0 |9887k 3321k|   0     0 |1295  3781 |08-12 17:46:22
  2   3  92   0   0   3|   0     0 |  10M 3424k|   0     0 |1235  3948 |08-12 17:46:23
  2   4  91   0   0   3|   0     0 |  10M 3389k|   0     0 | 979  3923 |08-12 17:46:24
  3   4  90   0   0   3|   0     0 |  10M 3375k|   0     0 | 921  3869 |08-12 17:46:25
  4   3  90   0   0   4|   0     0 |9361k 3144k|   0     0 |1232  3552 |08-12 17:46:26
  2   3  90   0   0   4|   0     0 |9263k 3117k|   0     0 | 835  3652 |08-12 17:46:27
  2   4  89   2   0   2|   0    48k|9093k 3057k|   0     0 | 802  3525 |08-12 17:46:28
  3   5  90   0   0   3|   0     0 |9136k 3073k|   0     0 | 915  3562 |08-12 17:46:29
  2   4  91   0   0   3|   0     0 |9451k 3177k|   0     0 |1004  3688 |08-12 17:46:30
  1   2  95   0   0   2|   0     0 |9157k 3078k|   0     0 |1016  3517 |08-12 17:46:31
  3   5  89   0   0   3|   0    68k|9892k 3322k|   0     0 |1042  3778 |08-12 17:46:32
  2   4  91   0   0   3|   0     0 |9593k 3231k|   0     0 | 942  3794 |08-12 17:46:33
  3   4  90   0   0   3|   0     0 |9669k 3251k|   0     0 |1080  3880 |08-12 17:46:34
  1   4  93   0   0   2|   0     0 |8747k 2947k|   0     0 | 838  3444 |08-12 17:46:35
  3   4  91   0   0   2|   0     0 |9188k 3089k|   0     0 | 926  3538 |08-12 17:46:36
  2   3  92   0   0   4|   0     0 |  10M 3414k|   0     0 |1245  4137 |08-12 17:46:37
  3   2  94   0   0   2|   0     0 |9477k 3185k|   0     0 |1225  3637 |08-12 17:46:38
  3   4  90   0   0   4|   0     0 |  10M 3546k|   0     0 |1276  4217 |08-12 17:46:39
  3   4  91   0   0   2|   0     0 |9964k 3354k|   0     0 |1354  3960 |08-12 17:46:40
  1   3  94   0   0   2|   0     0 |9481k 3182k|   0     0 | 465  3604 |08-12 17:46:41
  2   2  92   0   0   4|   0  8192B|  10M 3424k|   0     0 |1132  3975 |08-12 17:46:42
  2   5  90   0   0   3|   0     0 |9680k 3253k|   0     0 |1287  3691 |08-12 17:46:43
  1   2  94   0   0   3|   0     0 |9603k 3226k|   0     0 |1057  3650 |08-12 17:46:44
  2   3  91   0   0   5|   0     0 |9777k 3287k|   0     0 | 695  3870 |08-12 17:46:45
  2   3  93   0   0   3|   0     0 |8960k 3010k|   0     0 |1059  3463 |08-12 17:46:46
  1   3  93   0   0   3|   0     0 |9968k 3352k|   0     0 | 907  3831 |08-12 17:46:47
  3   2  94   0   0   1|   0    16k|4693k 1573k|   0     0 | 475  2062 |08-12 17:46:48
  0   0 100   0   0   0|   0     0 |   0     0 |   0     0 |  18    26 |08-12 17:46:49
  1   0 100   0   0   0|   0     0 |   0     0 |   0     0 |  35    69 |08-12 17:46:50
  0   1  99   0   0   0|   0     0 |5422B 2788B|   0     0 |  26    70 |08-12 17:46:51
  0   0 100   0   0   0|   0     0 |   0     0 |   0     0 |  26    58 |08-12 17:46:52
  0   0 100   0   0   0|   0     0 |   0     0 |   0     0 |  24    45 |08-12 17:46:53
  1   0 100   0   0   0|   0     0 |5554B 2920B|   0     0 |  28    67 |08-12 17:46:54
  0   0 100   0   0   0|   0     0 | 132B  132B|   0     0 |  39    86 |08-12 17:46:55
  5   2  93   0   0   0|   0     0 |3621B 2761B|   0     0 | 145   364 |08-12 17:46:56
  2   3  95   0   0   0|   0     0 |6812B 4548B|   0     0 | 115   382 |08-12 17:46:57
  0   0 100   0   0   0|   0     0 |   0     0 |   0     0 |  25    40 |08-12 17:46:58
  0   0 100   0   0   0|   0    36k|   0     0 |   0     0 |  27    57 |08-12 17:46:59
  1   1  99   0   0   0|   0     0 |5422B 2788B|   0     0 |  43   116 |08-12 17:47:00
  0   0 100   0   0   0|   0     0 |   0     0 |   0     0 |  25    54 |08-12 17:47:01
  0   0 100   0   0   0|   0     0 |   0     0 |   0     0 |  24    41 |08-12 17:47:02
  0   0  99   0   0   1|   0     0 |5422B 2788B|   0     0 |  27    70 |08-12 17:47:03
  0   0 100   0   0   0|   0     0 |   0     0 |   0     0 |  24    47 |08-12 17:47:04
  1   0 100   0   0   0|   0     0 |   0     0 |   0     0 |  32    66 |08-12 17:47:05
  1   0  99   0   0   0|   0     0 |5422B 2788B|   0     0 |  24    66 |08-12 17:47:06
  0   0 100   0   0   0|   0     0 |   0     0 |   0     0 |  23    37 |08-12 17:47:07
  5   1  94   0   0   0|   0     0 |3621B 2761B|   0     0 | 142   349 |08-12 17:47:08
  5   2  91   0   0   2|   0     0 |3192k 1091k|   0     0 | 408  1555 |08-12 17:47:09
  1   3  94   0   0   3|   0     0 |6868k 2309k|   0     0 | 659  2738 |08-12 17:47:10
  2   3  93   0   0   2|   0     0 |8925k 2998k|   0     0 | 872  3492 |08-12 17:47:11
  2   4  92   0   0   3|   0     0 |8061k 2714k|   0     0 | 824  3221 |08-12 17:47:12
  2   3  93   0   0   2|   0  4096B|8265k 2775k|   0     0 | 781  3228 |08-12 17:47:13
  2   4  92   0   0   3|   0     0 |9004k 3029k|   0     0 | 827  3514 |08-12 17:47:14
  4   3  90   0   0   4|   0     0 |9179k 3085k|   0     0 | 801  3533 |08-12 17:47:15
  3   4  91   0   0   2|   0     0 |9089k 3060k|   0     0 | 885  3579 |08-12 17:47:16
  2   4  94   0   0   1|   0     0 |9631k 3237k|   0     0 | 881  3725 |08-12 17:47:17
  6   5  86   0   0   3|   0     0 |8793k 2962k|   0     0 | 820  3549 |08-12 17:47:18
  2   4  92   0   0   2|   0     0 |7806k 2633k|   0     0 | 802  3302 |08-12 17:47:19
  0   3  94   0   0   3|   0     0 |7957k 2675k|   0     0 | 772  3271 |08-12 17:47:20
  3   3  92   0   0   3|   0     0 |9304k 3131k|   0     0 | 868  3789 |08-12 17:47:21
  3   2  94   0   0   2|   0     0 |9516k 3200k|   0     0 | 880  3645 |08-12 17:47:22
  1   5  92   0   0   2|   0  8192B|9269k 3104k|   0     0 | 865  3540 |08-12 17:47:23
  2   4  91   0   0   3|   0     0 |9849k 3322k|   0     0 | 896  3751 |08-12 17:47:24
  2   3  92   0   0   4|   0     0 |9925k 3339k|   0     0 | 888  3959 |08-12 17:47:25
  1   4  93   0   0   3|   0     0 |8504k 2858k|   0     0 | 735  3222 |08-12 17:47:26
  2   3  92   0   0   3|   0     0 |9021k 3036k|   0     0 | 862  3575 |08-12 17:47:27
  1   4  91   0   0   4|   0  4096B|9165k 3078k|   0     0 | 840  3565 |08-12 17:47:28
  2   3  93   0   0   2|   0     0 |9607k 3222k|   0     0 | 862  3678 |08-12 17:47:29
  3   4  90   1   0   2|   0    80k|8841k 2980k|   0     0 | 790  3365 |08-12 17:47:30
  1   3  94   0   0   2|   0     0 |9208k 3093k|   0     0 | 815  3500 |08-12 17:47:31
  2   5  89   0   0   3|   0     0 |9848k 3308k|   0     0 | 862  3661 |08-12 17:47:32
  2   3  93   0   0   2|   0    68k|8868k 2978k|   0     0 | 851  3406 |08-12 17:47:33
  3   3  92   0   0   2|   0     0 |9118k 3067k|   0     0 | 847  3396 |08-12 17:47:34
  2   4  91   0   0   3|   0     0 |9733k 3269k|   0     0 | 915  3582 |08-12 17:47:35
  3   4  92   0   0   2|   0     0 |8995k 3021k|   0     0 | 821  3309 |08-12 17:47:36
  2   3  92   0   0   4|   0     0 |9323k 3133k|   0     0 | 880  3444 |08-12 17:47:37
  2   3  93   0   0   3|   0     0 |9388k 3153k|   0     0 | 870  3506 |08-12 17:47:38
  4   5  88   0   0   3|   0     0 |  10M 3432k|   0     0 | 953  3772 |08-12 17:47:39
  3   4  92   0   0   2|   0     0 |9810k 3297k|   0     0 | 942  3694 |08-12 17:47:40
  3   5  90   0   0   2|   0     0 |9541k 3203k|   0     0 | 839  3540 |08-12 17:47:41
  3   4  90   0   0   3|   0     0 |9572k 3210k|   0     0 | 805  3409 |08-12 17:47:42
  0   3  95   0   0   3|   0    16k|9990k 3360k|   0     0 | 964  3749 |08-12 17:47:43
  3   2  91   0   0   5|   0     0 |9541k 3203k|   0     0 | 901  3558 |08-12 17:47:44
  3   3  93   0   0   2|   0     0 |8906k 2989k|   0     0 | 811  3301 |08-12 17:47:45
  2   5  90   0   0   3|   0     0 |8722k 2931k|   0     0 | 826  3304 |08-12 17:47:46
  3   2  92   0   0   3|   0     0 |9117k 3058k|   0     0 | 789  3320 |08-12 17:47:47
  2   2  94   0   0   2|   0    32k|9488k 3189k|   0     0 | 899  3615 |08-12 17:47:48
  3   2  93   0   0   3|   0     0 |9392k 3153k|   0     0 | 847  3391 |08-12 17:47:49
  2   3  94   0   0   2|   0     0 |9503k 3190k|   0     0 | 867  3552 |08-12 17:47:50
  1   2  94   0   0   3|   0     0 |9003k 3021k|   0     0 | 811  3364 |08-12 17:47:51
  1   4  93   0   0   3|   0     0 |9649k 3242k|   0     0 | 882  3647 |08-12 17:47:52
  3   3  92   0   0   2|   0     0 |9682k 3251k|   0     0 | 891  3576 |08-12 17:47:53
  3   3  92   0   0   3|   0     0 |9183k 3084k|   0     0 | 871  3422 |08-12 17:47:54
  2   4  92   0   0   3|   0     0 |  10M 3433k|   0     0 | 966  3805 |08-12 17:47:55
  2   2  92   0   0   4|   0     0 |9106k 3062k|   0     0 | 826  3453 |08-12 17:47:56
  3   6  91   0   0   2|   0     0 |9464k 3175k|   0     0 | 819  3485 |08-12 17:47:57
  3   3  93   0   0   2|   0     0 |9431k 3173k|   0     0 | 807  3499 |08-12 17:47:58
  3   3  91   0   0   4|   0     0 |9618k 3232k|   0     0 | 858  3681 |08-12 17:47:59
  3   3  91   1   0   2|   0    32k|8753k 2941k|   0     0 | 796  3373 |08-12 17:48:00
  2   2  93   0   0   4|   0     0 |8895k 2990k|   0     0 | 805  3412 |08-12 17:48:01
  2   4  92   0   0   2|   0     0 |9733k 3273k|   0     0 | 930  3777 |08-12 17:48:02
  2   2  94   0   0   3|   0     0 |9362k 3149k|   0     0 | 941  3637 |08-12 17:48:03
  3   4  90   0   0   4|   0     0 |9815k 3299k|   0     0 | 956  3764 |08-12 17:48:04
  3   2  93   0   0   2|   0     0 |9399k 3151k|   0     0 | 875  3525 |08-12 17:48:05
  2   3  91   0   0   4|   0     0 |9821k 3302k|   0     0 |1042  4039 |08-12 17:48:06
  2   3  92   0   0   3|   0     0 |  10M 3396k|   0     0 |1002  3891 |08-12 17:48:07
  2   2  95   0   0   2|   0     0 |9584k 3216k|   0     0 | 888  3485 |08-12 17:48:08
  0   2  97   0   0   1|   0    16k|2455k  815k|   0     0 | 274  1135 |08-12 17:48:09
  1   0 100   0   0   0|   0     0 |5422B 2788B|   0     0 |  26    62 |08-12 17:48:10
  0   1  99   0   0   0|   0     0 |   0     0 |   0     0 |  34    78 |08-12 17:48:11
  0   0 100   0   0   0|   0     0 |   0     0 |   0     0 |  21    35 |08-12 17:48:12
  1   0  99   0   0   0|   0     0 |5422B 2788B|   0     0 |  29    69 |08-12 17:48:13
  0   0 100   0   0   0|   0     0 |   0     0 |   0     0 |  21    42 |08-12 17:48:14
  0   0 100   0   0   0|   0     0 | 132B  132B|   0     0 |  20    30 |08-12 17:48:15
  0   1  99   0   0   0|   0     0 |5554B 2920B|   0     0 |  39   105 |08-12 17:48:16
  8   5  87   0   0   0|   0     0 |5011B 4521B|   0     0 | 224   674 |08-12 17:48:17
  0   0 100   0   0   0|   0     0 | 102B  192B|   0     0 |  23    41 |08-12 17:48:18
  1   1  99   0   0   0|   0  8192B|8099B 8352B|   0     0 |  59   161 |08-12 17:48:19
  0   0 100   0   0   0|   0     0 |   0     0 |   0     0 |  24    45 |08-12 17:48:20
  0   0 100   0   0   0|   0     0 |   0     0 |   0     0 |  35    94 |08-12 17:48:21
  1   0  99   0   0   0|   0     0 |5422B 2788B|   0     0 |  25    68 |08-12 17:48:22
  0   0 100   0   0   0|   0     0 |   0     0 |   0     0 |  24    56 |08-12 17:48:23
  0   0 100   0   0   0|   0     0 |   0     0 |   0     0 |  21    43 |08-12 17:48:24
  0   0 100   0   0   0|   0     0 |5422B 2788B|   0     0 |  32    82 |08-12 17:48:25
  0   1 100   0   0   0|   0     0 |   0     0 |   0     0 |  34    73 |08-12 17:48:26
  0   0 100   0   0   0|   0     0 |   0     0 |   0     0 |  25    39 |08-12 17:48:27
  1   0  99   0   0   0|   0     0 |5422B 2788B|   0     0 |  31    71 |08-12 17:48:28
  8   4  89   0   0   0|   0     0 |5571B   21k|   0     0 | 205   581 |08-12 17:48:29
  1   3  94   2   0   1|   0    72k|8455k 1446k|   0     0 | 275  1793 |08-12 17:48:30
  3   3  92   0   0   2|   0     0 |  12M 2041k|   0     0 | 755  2400 |08-12 17:48:31
  1   2  95   0   0   2|   0     0 |  12M 2131k|   0     0 | 675  2438 |08-12 17:48:32
  2   2  94   0   0   3|   0     0 |  12M 2049k|   0     0 | 450  2372 |08-12 17:48:33
  1   3  93   0   0   3|   0     0 |  12M 2154k|   0     0 | 687  2524 |08-12 17:48:34
  2   2  94   0   0   2|   0    52k|  12M 2024k|   0     0 | 789  2331 |08-12 17:48:35
  1   2  94   0   0   3|   0     0 |  12M 2102k|   0     0 | 590  2357 |08-12 17:48:36
  3   3  93   0   0   2|   0     0 |  12M 2174k|   0     0 | 648  2369 |08-12 17:48:37
  1   3  93   0   0   3|   0     0 |  12M 2083k|   0     0 | 615  2354 |08-12 17:48:38
  1   3  93   0   0   3|   0     0 |  12M 2107k|   0     0 | 640  2373 |08-12 17:48:39
  2   3  92   0   0   4|   0  4096B|  12M 2131k|   0     0 | 613  2399 |08-12 17:48:40
  2   3  93   0   0   2|   0     0 |  13M 2223k|   0     0 | 793  2438 |08-12 17:48:41
  2   3  93   0   0   2|   0     0 |  12M 2081k|   0     0 | 604  2307 |08-12 17:48:42
  2   3  93   0   0   2|   0     0 |  12M 2079k|   0     0 | 761  2330 |08-12 17:48:43
  2   3  92   0   0   3|   0     0 |  12M 2125k|   0     0 | 744  2384 |08-12 17:48:44
  2   3  94   0   0   2|   0     0 |  12M 2081k|   0     0 | 751  2320 |08-12 17:48:45
  3   3  91   0   0   3|   0     0 |  12M 2091k|   0     0 | 792  2432 |08-12 17:48:46
  3   3  92   0   0   3|   0     0 |  12M 2152k|   0     0 | 566  2398 |08-12 17:48:47
  1   2  95   0   0   2|   0     0 |  12M 2054k|   0     0 | 465  2278 |08-12 17:48:48
  4   2  90   0   0   3|   0     0 |  12M 2151k|   0     0 | 453  2478 |08-12 17:48:49
  2   3  93   0   0   3|   0  8192B|  12M 2061k|   0     0 | 573  2367 |08-12 17:48:50
  2   3  92   0   0   3|   0     0 |  12M 2057k|   0     0 | 702  2390 |08-12 17:48:51
  3   4  91   0   0   2|   0     0 |  12M 2104k|   0     0 | 743  2348 |08-12 17:48:52
  2   2  94   0   0   2|   0     0 |  12M 2118k|   0     0 | 628  2360 |08-12 17:48:53
  2   3  93   0   0   2|   0     0 |  12M 2029k|   0     0 | 491  2216 |08-12 17:48:54
  2   3  94   0   0   2|   0     0 |  12M 2062k|   0     0 | 690  2348 |08-12 17:48:55
  2   3  92   0   0   3|   0     0 |  11M 2000k|   0     0 | 497  2187 |08-12 17:48:56
  2   2  92   0   0   4|   0     0 |  12M 2134k|   0     0 | 589  2415 |08-12 17:48:57
  1   3  94   0   0   3|   0     0 |  12M 2070k|   0     0 | 531  2250 |08-12 17:48:58
  3   3  92   0   0   3|   0     0 |  12M 2064k|   0     0 | 576  2297 |08-12 17:48:59
  1   2  94   1   0   2|   0    44k|  12M 2054k|   0     0 | 746  2303 |08-12 17:49:00
  3   2  92   0   0   2|   0     0 |  12M 2009k|   0     0 | 506  2280 |08-12 17:49:01
  2   1  95   0   0   2|   0     0 |  12M 2141k|   0     0 | 493  2386 |08-12 17:49:02
  2   3  94   0   0   2|   0     0 |  12M 2025k|   0     0 | 471  2266 |08-12 17:49:03
  2   4  92   0   0   2|   0     0 |  12M 2084k|   0     0 | 443  2329 |08-12 17:49:04
  2   2  93   0   0   4|   0     0 |  12M 2024k|   0     0 | 413  2339 |08-12 17:49:05
  3   3  92   0   0   2|   0     0 |  12M 2099k|   0     0 | 723  2392 |08-12 17:49:06
  2   3  93   0   0   3|   0     0 |  12M 2059k|   0     0 | 733  2333 |08-12 17:49:07
  3   2  93   0   0   3|   0     0 |  12M 2167k|   0     0 | 617  2404 |08-12 17:49:08
  1   2  94   0   0   3|   0     0 |  12M 2094k|   0     0 | 453  2332 |08-12 17:49:09
  1   3  92   0   0   3|   0     0 |  12M 2115k|   0     0 | 759  2419 |08-12 17:49:10
  3   4  91   0   0   2|   0     0 |  12M 2161k|   0     0 | 394  2418 |08-12 17:49:11
  1   3  92   0   0   4|   0     0 |  12M 2079k|   0     0 | 302  2374 |08-12 17:49:12
  2   3  93   0   0   3|   0     0 |  12M 2137k|   0     0 | 561  2335 |08-12 17:49:13
  2   3  94   0   0   2|   0     0 |  12M 2052k|   0     0 | 708  2338 |08-12 17:49:14
  0   2  94   0   0   4|   0     0 |  12M 2090k|   0     0 | 351  2331 |08-12 17:49:15
  1   3  95   0   0   1|   0     0 |  12M 2039k|   0     0 | 577  2299 |08-12 17:49:16
  2   2  94   0   0   3|   0     0 |  12M 2093k|   0     0 | 479  2302 |08-12 17:49:17
  2   3  92   0   0   3|   0     0 |  12M 2066k|   0     0 | 737  2288 |08-12 17:49:18
  2   3  93   0   0   3|   0     0 |  12M 2110k|   0     0 | 511  2461 |08-12 17:49:19
  2   4  90   0   0   4|   0     0 |  12M 2149k|   0     0 | 452  2442 |08-12 17:49:20
  1   4  94   0   0   2|   0  8192B|  12M 2095k|   0     0 | 678  2390 |08-12 17:49:21
  2   3  94   0   0   2|   0     0 |  12M 2033k|   0     0 | 587  2301 |08-12 17:49:22
  2   4  93   0   0   2|   0     0 |  12M 2018k|   0     0 | 682  2273 |08-12 17:49:23
  1   4  93   0   0   3|   0     0 |  12M 2066k|   0     0 | 626  2399 |08-12 17:49:24
  3   2  93   0   0   3|   0     0 |  12M 2116k|   0     0 | 603  2409 |08-12 17:49:25
  2   3  93   0   0   2|   0     0 |  12M 2058k|   0     0 | 571  2440 |08-12 17:49:26
  2   2  94   0   0   3|   0     0 |  12M 2053k|   0     0 | 741  2267 |08-12 17:49:27
  2   2  94   0   0   2|   0     0 |  12M 2095k|   0     0 | 718  2416 |08-12 17:49:28
  2   2  95   0   0   1|   0    16k|  11M 1967k|   0     0 | 320  2248 |08-12 17:49:29
  0   1 100   0   0   0|   0     0 | 330B   66B|   0     0 |  39   152 |08-12 17:49:30
  1   0  99   1   0   0|   0   104k|   0     0 |   0     0 |  37    97 |08-12 17:49:31
  1   0 100   0   0   0|   0     0 |5422B 2788B|   0     0 |  27    64 |08-12 17:49:32
  0   0 100   0   0   0|   0     0 |   0     0 |   0     0 |  18    24 |08-12 17:49:33
  0   0 100   0   0   0|   0     0 |   0     0 |   0     0 |  21    45 |08-12 17:49:34
  0   1 100   0   0   0|   0     0 |5422B 2788B|   0     0 |  26    67 |08-12 17:49:35
  0   0 100   0   0   0|   0     0 | 132B  132B|   0     0 |  32    81 |08-12 17:49:36
  0   0 100   0   0   0|   0     0 | 206B  206B|   0     0 |  25    42 |08-12 17:49:37
  7   6  87   0   0   0|   0     0 |  10k 7235B|   0     0 | 227   702 |08-12 17:49:38
  0   0 100   0   0   0|   0     0 |   0     0 |   0     0 |  23    53 |08-12 17:49:39
  0   0 100   0   0   0|   0     0 |   0     0 |   0     0 |  23    44 |08-12 17:49:40
  1   0  99   0   0   0|   0     0 |5844B 3500B|   0     0 |  37   140 |08-12 17:49:41
  0   0 100   0   0   0|   0     0 |   0     0 |   0     0 |  17    25 |08-12 17:49:42
  0   0 100   0   0   0|   0     0 |   0     0 |   0     0 |  19    26 |08-12 17:49:43
  0   0 100   0   0   0|   0     0 |5422B 2788B|   0     0 |  24    74 |08-12 17:49:44
  0   0 100   0   0   0|   0     0 |   0     0 |   0     0 |  20    40 |08-12 17:49:45
  0   1 100   0   0   0|   0     0 |   0     0 |   0     0 |  32    69 |08-12 17:49:46
  1   0  99   0   0   0|   0     0 |5422B 2788B|   0     0 |  26    71 |08-12 17:49:47
  0   0 100   0   0   0|   0     0 |   0     0 |   0     0 |  21    34 |08-12 17:49:48
  0   0 100   0   0   0|   0     0 |   0     0 |   0     0 |  18    24 |08-12 17:49:49
  8   4  88   0   0   0|   0     0 | 164k   47k|   0     0 | 204   627 |08-12 17:49:50
  2   2  93   0   0   3|   0     0 |  11M 2005k|   0     0 | 572  2507 |08-12 17:49:51
  2   2  93   0   0   4|   0     0 |  12M 2094k|   0     0 | 526  2393 |08-12 17:49:52
  2   2  94   0   0   2|   0     0 |  12M 2038k|   0     0 | 526  2324 |08-12 17:49:53
  2   3  94   0   0   2|   0     0 |  12M 2109k|   0     0 | 541  2441 |08-12 17:49:54
  1   2  96   0   0   2|   0     0 |  12M 2082k|   0     0 | 577  2467 |08-12 17:49:55
  2   3  93   0   0   2|   0  8192B|  12M 2082k|   0     0 | 563  2448 |08-12 17:49:56
  2   4  93   0   0   2|   0     0 |  12M 2089k|   0     0 | 535  2337 |08-12 17:49:57
  3   3  92   0   0   2|   0     0 |  12M 2014k|   0     0 | 484  2291 |08-12 17:49:58
  2   3  94   0   0   1|   0     0 |  12M 2054k|   0     0 | 521  2352 |08-12 17:49:59
  2   2  95   0   0   2|   0     0 |  11M 1893k|   0     0 | 539  2219 |08-12 17:50:00
  1   3  92   0   0   4|   0     0 |  11M 1977k|   0     0 | 532  2373 |08-12 17:50:01
  2   4  84   8   0   2|   0    52k|  12M 2131k|   0     0 | 509  2395 |08-12 17:50:02
  2   3  94   0   0   2|   0     0 |  12M 2082k|   0     0 | 540  2361 |08-12 17:50:03
  2   3  94   0   0   1|   0     0 |  12M 2156k|   0     0 | 533  2401 |08-12 17:50:04
  2   2  95   0   0   2|   0     0 |  12M 2106k|   0     0 | 510  2406 |08-12 17:50:05
  2   5  92   0   0   2|   0     0 |  12M 2084k|   0     0 | 555  2404 |08-12 17:50:06
  2   2  94   0   0   2|   0     0 |  12M 2027k|   0     0 | 511  2336 |08-12 17:50:07
  3   2  93   0   0   2|   0     0 |  12M 2096k|   0     0 | 517  2354 |08-12 17:50:08
  1   3  93   0   0   3|   0     0 |  12M 2112k|   0     0 | 631  2359 |08-12 17:50:09
  2   3  93   0   0   3|   0     0 |  12M 2066k|   0     0 | 621  2330 |08-12 17:50:10
  2   2  95   0   0   2|   0     0 |  12M 2102k|   0     0 | 623  2457 |08-12 17:50:11
  2   4  93   0   0   2|   0  4096B|  12M 2069k|   0     0 | 612  2437 |08-12 17:50:12
  3   3  93   0   0   1|   0     0 |  12M 2056k|   0     0 | 647  2352 |08-12 17:50:13
  2   2  93   0   0   3|   0     0 |  12M 2042k|   0     0 | 603  2341 |08-12 17:50:14
  3   3  93   0   0   2|   0     0 |  12M 2035k|   0     0 | 552  2365 |08-12 17:50:15
  2   3  93   0   0   3|   0     0 |  12M 2106k|   0     0 | 570  2483 |08-12 17:50:16
  2   3  93   0   0   2|   0     0 |  12M 2138k|   0     0 | 539  2385 |08-12 17:50:17
  1   1  96   0   0   2|   0     0 |  12M 2039k|   0     0 | 531  2356 |08-12 17:50:18
  2   2  93   0   0   3|   0     0 |  12M 2050k|   0     0 | 527  2310 |08-12 17:50:19
  2   3  93   0   0   3|   0     0 |  12M 2062k|   0     0 | 538  2301 |08-12 17:50:20
  3   4  91   0   0   2|   0     0 |  12M 2074k|   0     0 | 595  2397 |08-12 17:50:21
  1   3  92   0   0   3|   0    16k|  12M 2054k|   0     0 | 595  2340 |08-12 17:50:22
  2   2  94   0   0   2|   0     0 |  12M 2116k|   0     0 | 628  2471 |08-12 17:50:23
  3   4  91   0   0   2|   0     0 |  12M 2022k|   0     0 | 569  2300 |08-12 17:50:24
  2   3  93   0   0   3|   0     0 |  12M 2054k|   0     0 | 594  2338 |08-12 17:50:25
  2   3  92   0   0   3|   0     0 |  12M 2031k|   0     0 | 594  2285 |08-12 17:50:26
  3   3  93   0   0   2|   0  4096B|  12M 2147k|   0     0 | 682  2566 |08-12 17:50:27
  1   2  96   0   0   1|   0     0 |  12M 2046k|   0     0 | 596  2337 |08-12 17:50:28
  1   3  94   0   0   3|   0     0 |  12M 2081k|   0     0 | 618  2376 |08-12 17:50:29
  2   3  94   0   0   1|   0     0 |  12M 2065k|   0     0 | 615  2323 |08-12 17:50:30
  3   2  95   0   0   1|   0     0 |  12M 2152k|   0     0 | 624  2482 |08-12 17:50:31
  1   3  94   1   0   2|   0    96k|  12M 2058k|   0     0 | 620  2350 |08-12 17:50:32
  2   3  93   0   0   2|   0     0 |  12M 2031k|   0     0 | 597  2348 |08-12 17:50:33
  2   1  96   0   0   2|   0     0 |  12M 2012k|   0     0 | 535  2285 |08-12 17:50:34
  1   1  96   0   0   2|   0     0 |  12M 2084k|   0     0 | 503  2290 |08-12 17:50:35
  2   3  93   0   0   2|   0     0 |  12M 2097k|   0     0 | 534  2393 |08-12 17:50:36
  3   2  94   0   0   1|   0     0 |  12M 2037k|   0     0 | 503  2225 |08-12 17:50:37
  1   3  94   0   0   3|   0     0 |  12M 2050k|   0     0 | 512  2291 |08-12 17:50:38
  1   2  95   0   0   2|   0     0 |  12M 2015k|   0     0 | 503  2167 |08-12 17:50:39
  3   3  93   0   0   3|   0     0 |  12M 2025k|   0     0 | 495  2215 |08-12 17:50:40
  2   3  93   0   0   3|   0     0 |  11M 1983k|   0     0 | 487  2275 |08-12 17:50:41
  2   1  94   0   0   3|   0     0 |  11M 1979k|   0     0 | 484  2156 |08-12 17:50:42
  1   3  95   0   0   2|   0     0 |  12M 2049k|   0     0 | 502  2237 |08-12 17:50:43
  2   2  94   0   0   2|   0     0 |  12M 2084k|   0     0 | 499  2337 |08-12 17:50:44
  2   4  93   0   0   2|   0     0 |  12M 2123k|   0     0 | 539  2426 |08-12 17:50:45
  2   3  93   0   0   3|   0     0 |  12M 2033k|   0     0 | 588  2411 |08-12 17:50:46
  1   3  94   0   0   3|   0     0 |  12M 2061k|   0     0 | 572  2304 |08-12 17:50:47
  2   3  93   0   0   2|   0     0 |  12M 2094k|   0     0 | 604  2438 |08-12 17:50:48
  2   4  93   0   0   2|   0     0 |  12M 2108k|   0     0 | 607  2374 |08-12 17:50:49
  3   3  94   0   0   1|   0    16k|9175k 1563k|   0     0 | 471  1947 |08-12 17:50:50
  1   1  99   0   0   0|   0     0 |5422B 2788B|   0     0 |  44   123 |08-12 17:50:51
  0   0 100   0   0   0|   0     0 |   0     0 |   0     0 |  18    29 |08-12 17:50:52
  0   0 100   0   0   0|   0     0 |   0     0 |   0     0 |  19    26 |08-12 17:50:53
  0   0  99   0   0   1|   0     0 |5422B 2788B|   0     0 |  20    55 |08-12 17:50:54
  0   0 100   0   0   0|   0     0 | 570B  598B|   0     0 |  34    70 |08-12 17:50:55
  1   0 100   0   0   0|   0     0 | 168B  142B|   0     0 |  44   108 |08-12 17:50:56
  1   0  99   0   0   0|   0     0 |6022B 3544B|   0     0 |  42    96 |08-12 17:50:57
  0   0 100   0   0   0|   0  4096B| 308B  274B|   0     0 |  28    42 |08-12 17:50:58
  0   0 100   0   0   0|   0     0 | 924B  612B|   0     0 |  47    91 |08-12 17:50:59
  0   0  99   0   0   0|   0     0 |6338B 3408B|   0     0 |  48   126 |08-12 17:51:00
 11   6  83   0   0   0|   0     0 |4317B 6577B|   0     0 | 236   690 |08-12 17:51:01
  0   1  99   0   0   0|   0     0 |1390B  754B|   0     0 |  51   191 |08-12 17:51:02
  0   0  99   1   0   0|   0    72k|5422B 2788B|   0     0 |  29   100 |08-12 17:51:03
  0   0 100   0   0   0|   0     0 | 352B 1972B|   0     0 |  27    50 |08-12 17:51:04
  0   0 100   0   0   0|   0     0 |   0     0 |   0     0 |  18    22 |08-12 17:51:05
  1   1  99   0   0   0|   0     0 |5422B 2788B|   0     0 |  39    98 |08-12 17:51:06
  0   0 100   0   0   0|   0     0 | 702B  868B|   0     0 |  44    99 |08-12 17:51:07
  0   0 100   0   0   0|   0     0 | 880B  550B|   0     0 |  45    82 |08-12 17:51:08
  0   0  99   0   0   0|   0     0 |6478B 3400B|   0     0 |  50   111 |08-12 17:51:09
  4   1  96   0   0   0|   0     0 |1106B 3022B|   0     0 |  62   138 |08-12 17:51:10
  1   0 100   0   0   0|   0     0 |  66B    0 |   0     0 |  33    77 |08-12 17:51:11
  1   1  99   0   0   0|   0     0 |5422B 2788B|   0     0 |  22    62 |08-12 17:51:12
  7   3  91   0   0   0|   0     0 |3621B 2761B|   0     0 | 142   363 |08-12 17:51:13
  2   3  93   0   0   2|   0     0 |6547k 1133k|   0     0 | 382  1538 |08-12 17:51:14
  2   2  94   0   0   3|   0     0 |  12M 2042k|   0     0 | 961  2303 |08-12 17:51:15
  2   2  94   0   0   2|   0     0 |  12M 2106k|   0     0 | 636  2459 |08-12 17:51:16
  1   3  94   0   0   2|   0     0 |  12M 2132k|   0     0 | 570  2434 |08-12 17:51:17
  1   2  93   0   0   4|   0     0 |  12M 2113k|   0     0 | 837  2458 |08-12 17:51:18
  2   3  93   0   0   3|   0     0 |  12M 2109k|   0     0 |1045  2465 |08-12 17:51:19
  6   3  89   0   0   3|   0     0 |  12M 2095k|   0     0 | 655  2384 |08-12 17:51:20
  2   3  92   0   0   3|   0     0 |  12M 2065k|   0     0 | 579  2305 |08-12 17:51:21
  2   2  94   0   0   3|   0     0 |  12M 2166k|   0     0 | 811  2409 |08-12 17:51:22
  2   3  94   0   0   2|   0     0 |  12M 2123k|   0     0 | 910  2379 |08-12 17:51:23
  2   2  92   0   0   4|   0  8192B|  12M 2081k|   0     0 | 417  2318 |08-12 17:51:24
  1   3  95   0   0   1|   0     0 |  12M 2023k|   0     0 | 773  2317 |08-12 17:51:25
  3   3  92   0   0   3|   0     0 |  12M 2091k|   0     0 | 562  2381 |08-12 17:51:26
  3   3  92   0   0   3|   0     0 |  12M 2150k|   0     0 | 696  2390 |08-12 17:51:27
  2   3  93   0   0   2|   0     0 |  12M 2064k|   0     0 | 399  2325 |08-12 17:51:28
  6   4  88   0   0   3|   0  8192B|  12M 2168k|   0     0 | 612  2551 |08-12 17:51:29
  2   2  93   0   0   3|   0     0 |  12M 2108k|   0     0 | 391  2309 |08-12 17:51:30
  3   4  91   0   0   2|   0     0 |  12M 2100k|   0     0 | 195  2387 |08-12 17:51:31
  2   2  95   0   0   2|   0     0 |  12M 2109k|   0     0 | 669  2438 |08-12 17:51:32
  2   2  94   0   0   3|   0     0 |  12M 2026k|   0     0 | 861  2276 |08-12 17:51:33
  4   3  90   2   0   2|   0   176k|  12M 2098k|   0     0 | 717  2371 |08-12 17:51:34
  1   2  94   0   0   3|   0     0 |  12M 2075k|   0     0 | 474  2317 |08-12 17:51:35
  2   3  93   0   0   3|   0     0 |  12M 2065k|   0     0 | 767  2367 |08-12 17:51:36
  3   3  92   0   0   3|   0     0 |  12M 2044k|   0     0 | 564  2280 |08-12 17:51:37
  1   2  95   0   0   2|   0     0 |  11M 1997k|   0     0 | 548  2250 |08-12 17:51:38
  2   3  93   0   0   3|   0     0 |  12M 2022k|   0     0 | 452  2227 |08-12 17:51:39
  1   3  94   0   0   3|   0     0 |  12M 2080k|   0     0 | 885  2254 |08-12 17:51:40
  2   3  92   0   0   4|   0     0 |  12M 2096k|   0     0 | 565  2325 |08-12 17:51:41
  1   4  93   0   0   3|   0     0 |  12M 2064k|   0     0 | 852  2264 |08-12 17:51:42
  3   3  93   0   0   2|   0     0 |  12M 2072k|   0     0 | 790  2378 |08-12 17:51:43
  1   3  93   0   0   3|   0    16k|  12M 2052k|   0     0 | 753  2309 |08-12 17:51:44
  6   4  86   0   0   4|   0     0 |  12M 2079k|   0     0 | 817  2321 |08-12 17:51:45
  2   3  92   0   0   3|   0     0 |  12M 2022k|   0     0 | 516  2271 |08-12 17:51:46
  1   2  95   0   0   2|   0     0 |  11M 1999k|   0     0 | 565  2196 |08-12 17:51:47
  2   3  92   0   0   3|   0     0 |  12M 2088k|   0     0 | 567  2304 |08-12 17:51:48
  3   3  92   0   0   3|   0     0 |  12M 2107k|   0     0 | 955  2310 |08-12 17:51:49
  1   3  93   0   0   3|   0     0 |  12M 2053k|   0     0 |  58  2303 |08-12 17:51:50
  1   1  95   0   0   3|   0     0 |  11M 2004k|   0     0 | 859  2206 |08-12 17:51:51
  2   2  94   0   0   2|   0     0 |  12M 2098k|   0     0 |1025  2357 |08-12 17:51:52
  2   3  93   0   0   2|   0     0 |  11M 1986k|   0     0 | 849  2237 |08-12 17:51:53
  1   4  92   0   0   3|   0     0 |  12M 2048k|   0     0 | 918  2340 |08-12 17:51:54
  2   3  93   0   0   2|   0     0 |  12M 2018k|   0     0 | 812  2289 |08-12 17:51:55
  3   2  93   0   0   2|   0     0 |  12M 2064k|   0     0 | 873  2363 |08-12 17:51:56
  5   3  90   0   0   2|   0     0 |  12M 2027k|   0     0 | 466  2176 |08-12 17:51:57
  2   3  92   0   0   3|   0     0 |  12M 2064k|   0     0 | 747  2287 |08-12 17:51:58
  2   2  94   0   0   3|   0     0 |  12M 2076k|   0     0 | 530  2299 |08-12 17:51:59
  2   2  95   0   0   2|   0     0 |  12M 2098k|   0     0 | 810  2311 |08-12 17:52:00
  2   2  94   0   0   3|   0     0 |  12M 2137k|   0     0 | 624  2391 |08-12 17:52:01
  2   2  95   0   0   1|   0     0 |  12M 2072k|   0     0 | 158  2335 |08-12 17:52:02
  2   2  94   0   0   3|   0     0 |  12M 2061k|   0     0 | 944  2282 |08-12 17:52:03
  2   2  92   1   0   3|   0    68k|  12M 2105k|   0     0 | 395  2348 |08-12 17:52:04
  1   2  94   0   0   3|   0     0 |  12M 2032k|   0     0 | 236  2222 |08-12 17:52:05
  2   2  95   0   0   2|   0     0 |  12M 2060k|   0     0 | 824  2289 |08-12 17:52:06
  3   3  93   0   0   2|   0     0 |  12M 2097k|   0     0 |1022  2322 |08-12 17:52:07
  2   2  95   0   0   2|   0     0 |  12M 2107k|   0     0 | 760  2310 |08-12 17:52:08
  2   2  93   0   0   3|   0     0 |  12M 2024k|   0     0 | 796  2207 |08-12 17:52:09
  2   3  92   0   0   3|   0     0 |  12M 2036k|   0     0 | 952  2239 |08-12 17:52:10
  2   4  92   0   0   2|   0     0 |  12M 2038k|   0     0 | 522  2288 |08-12 17:52:11
  2   3  93   0   0   3|   0     0 |  12M 2028k|   0     0 | 993  2300 |08-12 17:52:12
  2   3  94   0   0   2|   0     0 |  12M 2143k|   0     0 | 302  2369 |08-12 17:52:13
  1   1  98   0   0   1|   0  8192B|1732k  287k|   0     0 | 130   492 |08-12 17:52:14
  0   0 100   0   0   0|   0  8192B|   0     0 |   0     0 |  18    28 |08-12 17:52:15
  0   0 100   0   0   0|   0     0 |5422B 2788B|   0     0 |  41   105 |08-12 17:52:16
  0   0 100   0   0   0|   0     0 |   0     0 |   0     0 |  21    30 |08-12 17:52:17
  0   0 100   0   0   0|   0     0 | 388B 1660B|   0     0 |  29    56 |08-12 17:52:18
  1   1  98   0   0   0|   0     0 |8737B 9976B|   0     0 |  66   178 |08-12 17:52:19
  0   0 100   0   0   0|   0     0 | 454B  472B|   0     0 |  33    58 |08-12 17:52:20
  1   1  99   0   0   0|   0     0 | 600B  446B|   0     0 |  44    92 |08-12 17:52:21
  8   5  88   0   0   0|   0     0 |  10k 7721B|   0     0 | 222   724 |08-12 17:52:22
  0   0 100   0   0   0|   0     0 |   0     0 |   0     0 |  18    33 |08-12 17:52:23
  0   0 100   0   0   0|   0     0 |   0     0 |   0     0 |  18    28 |08-12 17:52:24
  0   1 100   0   0   0|   0     0 |5422B 2788B|   0     0 |  28    71 |08-12 17:52:25
  1   0 100   0   0   0|   0     0 |   0     0 |   0     0 |  30    68 |08-12 17:52:26
  0   0 100   0   0   0|   0     0 |   0     0 |   0     0 |  19    34 |08-12 17:52:27
  1   0 100   0   0   0|   0     0 |5422B 2788B|   0     0 |  21    67 |08-12 17:52:28
  0   0 100   0   0   0|   0     0 |   0     0 |   0     0 |  21    29 |08-12 17:52:29
  0   0 100   0   0   0|   0     0 |   0     0 |   0     0 |  19    26 |08-12 17:52:30
  0   0 100   0   0   0|   0     0 |5422B 2788B|   0     0 |  33   105 |08-12 17:52:31
  0   0 100   0   0   0|   0     0 |   0     0 |   0     0 |  23    44 |08-12 17:52:32
  0   0 100   0   0   0|   0     0 |   0     0 |   0     0 |  23    52 |08-12 17:52:33
  9   4  86   1   0   1|   0    76k|  11k   24k|   0     0 | 212   634 |08-12 17:52:34
  2   2  95   0   0   2|   0    44k|  10M 1193k|   0     0 | 391  1623 |08-12 17:52:35
  2   3  94   0   0   1|   0     0 |  12M 1428k|   0     0 | 369  1805 |08-12 17:52:36
  2   3  94   0   0   2|   0     0 |  12M 1385k|   0     0 | 111  1702 |08-12 17:52:37
  1   2  95   0   0   2|   0     0 |  12M 1431k|   0     0 | 318  1741 |08-12 17:52:38
  2   2  94   0   0   3|   0     0 |  13M 1487k|   0     0 | 797  1923 |08-12 17:52:39
  2   2  92   0   0   5|   0     0 |  12M 1447k|   0     0 | 717  1851 |08-12 17:52:40
  1   2  96   0   0   2|   0     0 |  12M 1419k|   0     0 |  85  1783 |08-12 17:52:41
  2   1  94   0   0   4|   0     0 |  12M 1432k|   0     0 | 693  1716 |08-12 17:52:42
  1   3  95   0   0   1|   0     0 |  13M 1485k|   0     0 | 474  1788 |08-12 17:52:43
  1   1  96   0   0   2|   0     0 |  12M 1471k|   0     0 | 330  1883 |08-12 17:52:44
  1   2  95   0   0   2|   0  4096B|  12M 1435k|   0     0 | 321  1808 |08-12 17:52:45
  1   3  93   0   0   4|   0     0 |  12M 1463k|   0     0 | 710  1757 |08-12 17:52:46
  2   3  95   0   0   1|   0     0 |  12M 1385k|   0     0 |  55  1683 |08-12 17:52:47
  2   2  94   0   0   2|   0     0 |  12M 1399k|   0     0 | 335  1734 |08-12 17:52:48
  2   1  95   0   0   2|   0     0 |  12M 1415k|   0     0 | 293  1674 |08-12 17:52:49
  2   4  93   0   0   2|   0     0 |  11M 1347k|   0     0 | 607  1621 |08-12 17:52:50
  2   2  94   0   0   3|   0     0 |  12M 1420k|   0     0 | 387  1743 |08-12 17:52:51
  2   2  95   0   0   2|   0     0 |  12M 1458k|   0     0 | 575  1725 |08-12 17:52:52
  2   2  94   0   0   2|   0     0 |  12M 1431k|   0     0 | 639  1743 |08-12 17:52:53
  2   2  94   0   0   3|   0     0 |  12M 1416k|   0     0 | 604  1687 |08-12 17:52:54
  1   2  97   0   0   1|   0     0 |  11M 1325k|   0     0 | 125  1544 |08-12 17:52:55
  2   2  94   0   0   2|   0    28k|  12M 1462k|   0     0 | 182  1844 |08-12 17:52:56
  2   3  93   0   0   2|   0     0 |  12M 1390k|   0     0 | 656  1713 |08-12 17:52:57
  2   2  94   0   0   3|   0     0 |  12M 1398k|   0     0 | 700  1690 |08-12 17:52:58
  2   2  94   0   0   2|   0     0 |  12M 1392k|   0     0 | 509  1713 |08-12 17:52:59
  0   1  97   0   0   2|   0     0 |  12M 1420k|   0     0 | 603  1759 |08-12 17:53:00
  2   2  95   0   0   2|   0     0 |  12M 1414k|   0     0 | 477  1738 |08-12 17:53:01
  3   2  92   0   0   3|   0     0 |  12M 1397k|   0     0 |  59  1676 |08-12 17:53:02
  1   2  96   0   0   1|   0     0 |  11M 1301k|   0     0 | 505  1595 |08-12 17:53:03
  2   2  93   2   0   2|   0    52k|  12M 1361k|   0     0 | 643  1587 |08-12 17:53:04
  2   2  94   0   0   3|   0     0 |  12M 1383k|   0     0 | 510  1669 |08-12 17:53:05
  2   2  94   0   0   3|   0    24k|  12M 1471k|   0     0 | 712  1761 |08-12 17:53:06
  1   2  95   0   0   2|   0     0 |  12M 1419k|   0     0 |  81  1669 |08-12 17:53:07
  2   1  94   0   0   3|   0     0 |  11M 1303k|   0     0 | 478  1569 |08-12 17:53:08
  1   2  95   0   0   2|   0     0 |  12M 1448k|   0     0 | 591  1810 |08-12 17:53:09
  2   2  94   0   0   2|   0     0 |  12M 1380k|   0     0 | 401  1668 |08-12 17:53:10
  2   3  94   0   0   1|   0     0 |  12M 1393k|   0     0 | 224  1620 |08-12 17:53:11
  2   2  94   0   0   2|   0     0 |  13M 1485k|   0     0 | 493  1815 |08-12 17:53:12
  0   2  95   0   0   3|   0     0 |  12M 1372k|   0     0 | 669  1636 |08-12 17:53:13
  1   1  96   0   0   2|   0     0 |  12M 1444k|   0     0 | 180  1657 |08-12 17:53:14
  1   2  95   0   0   2|   0     0 |  12M 1440k|   0     0 | 571  1690 |08-12 17:53:15
  1   2  96   0   0   2|   0     0 |  12M 1416k|   0     0 |  90  1708 |08-12 17:53:16
  1   3  95   0   0   1|   0     0 |  11M 1303k|   0     0 | 401  1619 |08-12 17:53:17
  1   3  94   0   0   2|   0     0 |  12M 1402k|   0     0 | 667  1674 |08-12 17:53:18
  3   2  94   0   0   2|   0     0 |  12M 1410k|   0     0 | 602  1717 |08-12 17:53:19
  2   3  93   0   0   2|   0     0 |  13M 1492k|   0     0 | 136  1841 |08-12 17:53:20
  1   3  94   0   0   3|   0     0 |  12M 1397k|   0     0 | 607  1711 |08-12 17:53:21
  2   2  95   0   0   2|   0     0 |  12M 1448k|   0     0 | 634  1751 |08-12 17:53:22
  1   2  95   0   0   2|   0     0 |  11M 1352k|   0     0 | 483  1713 |08-12 17:53:23
  2   2  96   0   0   1|   0     0 |  12M 1369k|   0     0 | 209  1622 |08-12 17:53:24
  2   2  94   0   0   3|   0     0 |  12M 1473k|   0     0 | 762  1712 |08-12 17:53:25
  1   2  93   0   0   4|   0     0 |  13M 1484k|   0     0 | 733  1802 |08-12 17:53:26
  2   2  94   0   0   3|   0     0 |  11M 1343k|   0     0 | 375  1604 |08-12 17:53:27
  2   1  96   0   0   2|   0     0 |  12M 1456k|   0     0 | 319  1730 |08-12 17:53:28
  1   2  95   0   0   3|   0     0 |  12M 1395k|   0     0 | 634  1677 |08-12 17:53:29
  2   2  94   0   0   2|   0     0 |  12M 1409k|   0     0 | 633  1650 |08-12 17:53:30
  2   2  94   0   0   3|   0     0 |  12M 1441k|   0     0 | 304  1639 |08-12 17:53:31
  2   2  96   0   0   1|   0     0 |  12M 1425k|   0     0 | 463  1714 |08-12 17:53:32
  1   2  95   0   0   2|   0     0 |  12M 1376k|   0     0 | 577  1649 |08-12 17:53:33
  1   2  94   1   0   3|   0    64k|  11M 1253k|   0     0 | 567  1689 |08-12 17:53:34
  1   1  99   0   0   0|   0  8192B|5554B 2920B|   0     0 |  48   181 |08-12 17:53:35
  0   0 100   0   0   0|   0     0 |   0     0 |   0     0 |  20    46 |08-12 17:53:36
  0   1 100   0   0   0|   0    52k|   0     0 |   0     0 |  35    79 |08-12 17:53:37
  1   0  99   0   0   0|   0     0 |5422B 2788B|   0     0 |  26    60 |08-12 17:53:38
  0   0 100   0   0   0|   0     0 |   0     0 |   0     0 |  18    26 |08-12 17:53:39
  0   0 100   0   0   0|   0     0 |   0     0 |   0     0 |  24    47 |08-12 17:53:40
  1   0  99   0   0   0|   0     0 |5686B 3052B|   0     0 |  26    75 |08-12 17:53:41
  1   1  99   0   0   0|   0     0 |1895B 1421B|   0     0 |  42   107 |08-12 17:53:42
  8   3  89   0   0   0|   0     0 |3116B 3100B|   0     0 | 217   676 |08-12 17:53:43
  0   0 100   0   0   0|   0     0 |5844B 3500B|   0     0 |  24    78 |08-12 17:53:44
  0   0 100   0   0   0|   0     0 |   0     0 |   0     0 |  18    26 |08-12 17:53:45
  0   0 100   0   0   0|   0     0 |   0     0 |   0     0 |  18    24 |08-12 17:53:46
  1   0  99   0   0   0|   0     0 |5422B 2788B|   0     0 |  38   102 |08-12 17:53:47
  0   0 100   0   0   0|   0     0 |   0     0 |   0     0 |  19    25 |08-12 17:53:48
  0   0 100   0   0   0|   0     0 |   0     0 |   0     0 |  18    24 |08-12 17:53:49
  1   0  99   0   0   0|   0     0 |5422B 2788B|   0     0 |  25    62 |08-12 17:53:50
  0   0 100   0   0   0|   0     0 |   0     0 |   0     0 |  19    37 |08-12 17:53:51
  0   1  99   0   0   0|   0     0 |   0     0 |   0     0 |  36    85 |08-12 17:53:52
  1   0  99   0   0   0|   0     0 |5422B 2788B|   0     0 |  27    67 |08-12 17:53:53
  0   0 100   0   0   0|   0     0 | 247B  140B|   0     0 |  25    46 |08-12 17:53:54
  8   4  88   0   0   0|   0     0 | 955k  127k|   0     0 | 215   788 |08-12 17:53:55
  3   2  95   0   0   1|   0     0 |  13M 1548k|   0     0 | 516  2029 |08-12 17:53:56
  2   3  93   0   0   3|   0     0 |  12M 1444k|   0     0 | 440  1774 |08-12 17:53:57
  2   2  93   0   0   2|   0     0 |  12M 1449k|   0     0 | 474  1772 |08-12 17:53:58
  2   3  94   0   0   2|   0     0 |  12M 1395k|   0     0 | 429  1724 |08-12 17:53:59
  2   2  94   0   0   2|   0     0 |  12M 1415k|   0     0 | 465  1749 |08-12 17:54:00
  0   2  97   0   0   2|   0     0 |  12M 1451k|   0     0 | 496  1801 |08-12 17:54:01
  1   3  94   0   0   2|   0     0 |  13M 1488k|   0     0 | 496  1998 |08-12 17:54:02
  1   2  96   0   0   2|   0     0 |  12M 1454k|   0     0 | 546  1927 |08-12 17:54:03
  5   3  91   0   0   2|   0     0 |  12M 1427k|   0     0 | 476  1812 |08-12 17:54:04
  2   2  86   9   0   2|   0    64k|  12M 1398k|   0     0 | 466  1737 |08-12 17:54:05
  2   2  95   0   0   2|   0     0 |  12M 1379k|   0     0 | 459  1714 |08-12 17:54:06
  1   2  95   0   0   2|   0  4096B|  12M 1387k|   0     0 | 453  1715 |08-12 17:54:07
  2   2  94   0   0   2|   0     0 |  13M 1506k|   0     0 | 497  1879 |08-12 17:54:08
  1   2  95   0   0   2|   0     0 |  13M 1470k|   0     0 | 418  1753 |08-12 17:54:09
  2   1  95   0   0   2|   0     0 |  12M 1394k|   0     0 | 403  1682 |08-12 17:54:10
  2   2  94   0   0   2|   0     0 |  12M 1425k|   0     0 | 385  1690 |08-12 17:54:11
  2   2  94   0   0   2|   0  4096B|  12M 1380k|   0     0 | 408  1703 |08-12 17:54:12
  2   1  95   0   0   2|   0     0 |  12M 1359k|   0     0 | 421  1602 |08-12 17:54:13
  1   1  96   0   0   2|   0     0 |  13M 1487k|   0     0 | 459  1771 |08-12 17:54:14
  3   1  94   0   0   2|   0     0 |  12M 1397k|   0     0 | 417  1662 |08-12 17:54:15
  2   3  95   0   0   1|   0     0 |  12M 1382k|   0     0 | 398  1621 |08-12 17:54:16
  1   2  95   0   0   2|   0     0 |  12M 1378k|   0     0 | 423  1629 |08-12 17:54:17
  2   1  94   0   0   3|   0  4096B|  12M 1475k|   0     0 | 465  1902 |08-12 17:54:18
  1   1  94   0   0   4|   0     0 |  12M 1413k|   0     0 | 456  1745 |08-12 17:54:19
  3   2  94   0   0   1|   0     0 |  12M 1408k|   0     0 | 450  1822 |08-12 17:54:20
  2   3  93   0   0   3|   0     0 |  13M 1486k|   0     0 | 470  1823 |08-12 17:54:21
  2   3  93   0   0   2|   0     0 |  12M 1380k|   0     0 | 445  1772 |08-12 17:54:22
  2   2  95   0   0   2|   0     0 |  12M 1454k|   0     0 | 454  1791 |08-12 17:54:23
  2   2  94   0   0   3|   0     0 |  12M 1475k|   0     0 | 468  1807 |08-12 17:54:24
  1   2  96   0   0   1|   0     0 |  12M 1428k|   0     0 | 458  1783 |08-12 17:54:25
  1   2  96   0   0   2|   0     0 |  12M 1408k|   0     0 | 470  1771 |08-12 17:54:26
  2   2  94   0   0   2|   0     0 |  12M 1424k|   0     0 | 471  1762 |08-12 17:54:27
  2   3  95   0   0   1|   0    16k|  12M 1418k|   0     0 | 434  1739 |08-12 17:54:28
  1   2  94   0   0   3|   0     0 |  12M 1432k|   0     0 | 455  1790 |08-12 17:54:29
  1   2  95   0   0   2|   0     0 |  12M 1472k|   0     0 | 471  1807 |08-12 17:54:30
  1   3  95   0   0   2|   0     0 |  12M 1386k|   0     0 | 426  1698 |08-12 17:54:31
  1   2  94   0   0   3|   0     0 |  12M 1432k|   0     0 | 479  1844 |08-12 17:54:32
  2   2  94   0   0   2|   0     0 |  12M 1440k|   0     0 | 453  1828 |08-12 17:54:33
  1   3  95   0   0   2|   0     0 |  13M 1496k|   0     0 | 440  1769 |08-12 17:54:34
  1   2  94   1   0   2|   0    44k|  12M 1358k|   0     0 | 422  1678 |08-12 17:54:35
  1   3  95   0   0   1|   0     0 |  12M 1409k|   0     0 | 433  1776 |08-12 17:54:36
  2   2  95   0   0   1|   0     0 |  12M 1413k|   0     0 | 469  1755 |08-12 17:54:37
  1   2  96   1   0   2|   0    76k|  12M 1404k|   0     0 | 446  1722 |08-12 17:54:38
  3   3  93   0   0   2|   0     0 |  12M 1427k|   0     0 | 439  1700 |08-12 17:54:39
  2   1  96   0   0   2|   0     0 |  12M 1420k|   0     0 | 421  1703 |08-12 17:54:40
  2   2  95   0   0   2|   0     0 |  12M 1423k|   0     0 | 456  1763 |08-12 17:54:41
  2   1  95   0   0   2|   0     0 |  12M 1421k|   0     0 | 438  1769 |08-12 17:54:42
  2   2  95   0   0   2|   0  8192B|  12M 1421k|   0     0 | 456  1826 |08-12 17:54:43
  1   2  95   0   0   2|   0     0 |  12M 1437k|   0     0 | 444  1830 |08-12 17:54:44
  2   3  94   0   0   2|   0     0 |  12M 1395k|   0     0 | 435  1739 |08-12 17:54:45
  1   1  96   0   0   2|   0     0 |  13M 1490k|   0     0 | 456  1840 |08-12 17:54:46
  1   3  95   0   0   2|   0     0 |  12M 1418k|   0     0 | 467  1733 |08-12 17:54:47
  2   3  94   0   0   2|   0     0 |  11M 1334k|   0     0 | 418  1701 |08-12 17:54:48
  1   2  95   0   0   2|   0     0 |  12M 1449k|   0     0 | 435  1789 |08-12 17:54:49
  1   2  96   0   0   2|   0     0 |  12M 1401k|   0     0 | 401  1805 |08-12 17:54:50
  3   1  94   0   0   2|   0     0 |  13M 1487k|   0     0 | 460  1888 |08-12 17:54:51
  2   3  94   0   0   2|   0     0 |  12M 1439k|   0     0 | 387  1764 |08-12 17:54:52
  2   3  94   0   0   2|   0     0 |  12M 1398k|   0     0 | 392  1777 |08-12 17:54:53
  2   2  94   0   0   2|   0     0 |  12M 1382k|   0     0 | 370  1723 |08-12 17:54:54
  2   2  95   0   0   2|   0    16k|8429k  968k|   0     0 | 298  1397 |08-12 17:54:55
  1   0 100   0   0   0|   0     0 | 176B  150B|   0     0 |  34   134 |08-12 17:54:56
  0   1  99   0   0   0|   0     0 |6302B 3346B|   0     0 |  58   147 |08-12 17:54:57
  0   0 100   0   0   0|   0     0 | 344B  212B|   0     0 |  29    49 |08-12 17:54:58
  4   1  95   0   0   0|   0     0 | 828B 2802B|   0     0 |  54   122 |08-12 17:54:59
  1   0  99   0   0   0|   0     0 |5774B 4760B|   0     0 |  38    80 |08-12 17:55:00
  0   0 100   0   0   0|   0     0 |   0     0 |   0     0 |  25    40 |08-12 17:55:01
  0   1 100   0   0   0|   0     0 | 264B  264B|   0     0 |  37    75 |08-12 17:55:02
  2   1  97   0   0   0|   0     0 |8865B 5483B|   0     0 | 107   304 |08-12 17:55:03
  8   3  89   0   0   0|   0     0 |1904B 2070B|   0     0 | 158   497 |08-12 17:55:04
  0   0 100   0   0   0|   0     0 | 542B  766B|   0     0 |  39    95 |08-12 17:55:05
  0   0  98   1   0   0|   0    76k|6654B 3502B|   0     0 |  56   146 |08-12 17:55:06
  1   1  99   0   0   0|   0     0 | 704B  408B|   0     0 |  45   124 |08-12 17:55:07
  3   1  96   0   0   0|   0     0 | 996B 2912B|   0     0 |  58   144 |08-12 17:55:08
  1   0 100   0   0   0|   0     0 |5774B 4760B|   0     0 |  37    89 |08-12 17:55:09
  0   0 100   0   0   0|   0     0 |   0     0 |   0     0 |  22    37 |08-12 17:55:10
  0   0 100   0   0   0|   0     0 | 768B  970B|   0     0 |  40   103 |08-12 17:55:11
  1   1  99   0   0   0|   0     0 |6478B 3440B|   0     0 |  63   182 |08-12 17:55:12
  0   0 100   0   0   0|   0     0 |1056B  612B|   0     0 |  46    96 |08-12 17:55:13
  0   0 100   0   0   0|   0  8192B| 270B  220B|   0     0 |  30    64 |08-12 17:55:14
  6   1  88   6   0   0|  12k    0 |8501B 7885B|   0     0 |  69   208 |08-12 17:55:15
  7   5  88   0   0   1|   0     0 |4121k  501k|   0     0 | 313  1219 |08-12 17:55:16
  2   2  94   0   0   3|   0     0 |  13M 1482k|   0     0 | 414  1892 |08-12 17:55:17
  1   1  96   0   0   2|   0     0 |  12M 1412k|   0     0 | 371  1739 |08-12 17:55:18
  2   2  95   0   0   2|   0     0 |  12M 1392k|   0     0 | 374  1646 |08-12 17:55:19
  3   3  93   0   0   3|   0     0 |  12M 1428k|   0     0 | 391  1782 |08-12 17:55:20
  3   2  94   0   0   2|   0     0 |  12M 1410k|   0     0 | 377  1703 |08-12 17:55:21
  1   3  93   0   0   3|   0     0 |  12M 1453k|   0     0 | 386  1782 |08-12 17:55:22
  1   1  96   0   0   2|   0     0 |  12M 1390k|   0     0 | 375  1729 |08-12 17:55:23
  2   3  94   0   0   2|   0     0 |  12M 1392k|   0     0 | 365  1654 |08-12 17:55:24
  2   3  94   0   0   2|   0     0 |  12M 1433k|   0     0 | 423  1871 |08-12 17:55:25
  2   1  96   0   0   2|   0     0 |  12M 1418k|   0     0 | 388  1777 |08-12 17:55:26
  2   2  96   0   0   1|   0     0 |  12M 1407k|   0     0 | 382  1772 |08-12 17:55:27
  2   2  95   0   0   2|   0     0 |  12M 1426k|   0     0 | 405  1750 |08-12 17:55:28
  1   2  96   0   0   1|   0  8192B|  12M 1400k|   0     0 | 364  1669 |08-12 17:55:29
  1   3  94   0   0   3|   0     0 |  12M 1391k|   0     0 | 386  1690 |08-12 17:55:30
  2   1  95   0   0   3|   0     0 |  12M 1420k|   0     0 | 386  1775 |08-12 17:55:31
  1   4  94   0   0   2|   0     0 |  12M 1381k|   0     0 | 413  1779 |08-12 17:55:32
  2   2  95   0   0   2|   0     0 |  12M 1384k|   0     0 | 370  1664 |08-12 17:55:33
  2   2  95   0   0   2|   0  4096B|  12M 1365k|   0     0 | 353  1646 |08-12 17:55:34
  1   0  97   0   0   2|   0     0 |  12M 1454k|   0     0 | 388  1769 |08-12 17:55:35
  1   2  95   0   0   2|   0     0 |  12M 1372k|   0     0 | 366  1732 |08-12 17:55:36
  2   2  95   1   0   1|   0    88k|  12M 1441k|   0     0 | 389  1756 |08-12 17:55:37
  1   2  94   0   0   2|   0     0 |  12M 1418k|   0     0 | 374  1707 |08-12 17:55:38
  2   1  95   0   0   2|   0     0 |  12M 1373k|   0     0 | 366  1616 |08-12 17:55:39
  2   1  95   0   0   2|   0    76k|  12M 1398k|   0     0 | 362  1687 |08-12 17:55:40
  1   2  95   0   0   2|   0     0 |  12M 1372k|   0     0 | 354  1613 |08-12 17:55:41
  2   3  93   0   0   2|   0     0 |  12M 1467k|   0     0 | 412  1788 |08-12 17:55:42
  2   1  95   0   0   2|   0     0 |  12M 1391k|   0     0 | 373  1676 |08-12 17:55:43
  1   3  95   0   0   2|   0     0 |  12M 1372k|   0     0 | 367  1639 |08-12 17:55:44
  0   1  98   0   0   1|   0  4096B|  11M 1329k|   0     0 | 350  1586 |08-12 17:55:45
  1   2  96   0   0   1|   0     0 |  12M 1403k|   0     0 | 382  1763 |08-12 17:55:46
  2   1  96   0   0   1|   0     0 |  12M 1427k|   0     0 | 392  1754 |08-12 17:55:47
  2   2  95   0   0   1|   0     0 |  12M 1455k|   0     0 | 404  1760 |08-12 17:55:48
  2   2  94   0   0   2|   0     0 |  12M 1420k|   0     0 | 382  1740 |08-12 17:55:49
  1   3  94   0   0   2|   0    16k|  12M 1472k|   0     0 | 415  1835 |08-12 17:55:50
  1   2  96   0   0   2|   0     0 |  12M 1457k|   0     0 | 354  1732 |08-12 17:55:51
  2   2  95   0   0   1|   0     0 |  11M 1347k|   0     0 | 366  1617 |08-12 17:55:52
  1   2  96   0   0   1|   0     0 |  12M 1418k|   0     0 | 353  1683 |08-12 17:55:53
  2   1  95   0   0   4|   0     0 |  12M 1403k|   0     0 | 347  1686 |08-12 17:55:54
  2   1  95   0   0   2|   0     0 |  12M 1369k|   0     0 | 369  1706 |08-12 17:55:55
  1   1  98   0   0   1|   0     0 |  12M 1378k|   0     0 | 373  1707 |08-12 17:55:56
  1   2  96   0   0   1|   0     0 |  11M 1323k|   0     0 | 355  1628 |08-12 17:55:57
  2   3  94   0   0   2|   0     0 |  12M 1420k|   0     0 | 415  1810 |08-12 17:55:58
  2   2  95   0   0   2|   0     0 |  12M 1422k|   0     0 | 393  1759 |08-12 17:55:59
  2   2  94   0   0   3|   0    24k|  12M 1414k|   0     0 | 430  1712 |08-12 17:56:00
  2   1  96   0   0   1|   0     0 |  12M 1416k|   0     0 | 444  1805 |08-12 17:56:01
  2   2  94   0   0   3|   0     0 |  12M 1469k|   0     0 | 469  1806 |08-12 17:56:02
  2   2  95   0   0   2|   0     0 |  12M 1396k|   0     0 | 478  1716 |08-12 17:56:03
  2   2  95   0   0   2|   0     0 |  12M 1421k|   0     0 | 441  1791 |08-12 17:56:04
  0   2  96   0   0   2|   0     0 |  12M 1376k|   0     0 | 444  1699 |08-12 17:56:05
  1   3  94   0   0   3|   0     0 |  12M 1386k|   0     0 | 433  1716 |08-12 17:56:06
  1   4  94   1   0   1|   0    36k|  12M 1413k|   0     0 | 486  1767 |08-12 17:56:07
  1   2  95   0   0   2|   0     0 |  12M 1407k|   0     0 | 472  1702 |08-12 17:56:08
  2   3  94   0   0   2|   0     0 |  12M 1368k|   0     0 | 452  1734 |08-12 17:56:09
  2   4  94   0   0   2|   0     0 |  12M 1440k|   0     0 | 450  1740 |08-12 17:56:10
  1   3  95   0   0   2|   0     0 |  12M 1401k|   0     0 | 419  1719 |08-12 17:56:11
  1   2  96   0   0   1|   0     0 |  12M 1417k|   0     0 | 413  1682 |08-12 17:56:12
  1   1  97   0   0   1|   0     0 |  12M 1404k|   0     0 | 441  1725 |08-12 17:56:13
  2   3  95   0   0   1|   0     0 |  12M 1363k|   0     0 | 427  1705 |08-12 17:56:14
  2   2  94   0   0   2|   0     0 |  12M 1449k|   0     0 | 450  1742 |08-12 17:56:15
  0   2  98   0   0   1|   0    16k|4310k  488k|   0     0 | 201   802 |08-12 17:56:16
  0   1  99   0   0   0|   0     0 |5422B 2788B|   0     0 |  39   115 |08-12 17:56:17
  0   0 100   0   0   0|   0     0 | 102B  192B|   0     0 |  22    38 |08-12 17:56:18
  0   0 100   0   0   0|   0     0 |   0     0 |   0     0 |  26    45 |08-12 17:56:19
  2   1  98   0   0   1|   0  8192B|8099B 8352B|   0     0 |  57   157 |08-12 17:56:20
  0   0 100   0   0   0|   0     0 |   0     0 |   0     0 |  26    60 |08-12 17:56:21
  0   0 100   0   0   0|   0     0 |   0     0 |   0     0 |  38    75 |08-12 17:56:22
  0   0  99   0   0   0|   0     0 |5686B 3052B|   0     0 |  26    77 |08-12 17:56:23
  1   0  99   0   0   0|   0     0 |2043B 1851B|   0     0 |  43   106 |08-12 17:56:24
  8   5  87   0   0   0|   0     0 |2968B 2670B|   0     0 | 209   711 |08-12 17:56:25
  0   0 100   0   0   0|   0     0 |5422B 2788B|   0     0 |  33    69 |08-12 17:56:26
  0   1  99   0   0   0|   0     0 |   0     0 |   0     0 |  39    80 |08-12 17:56:27
  0   0 100   0   0   0|   0     0 |   0     0 |   0     0 |  23    40 |08-12 17:56:28
  1   0 100   0   0   0|   0     0 |5422B 2788B|   0     0 |  29    74 |08-12 17:56:29
  0   0 100   0   0   0|   0     0 |   0     0 |   0     0 |  24    41 |08-12 17:56:30
  0   1  99   0   0   0|   0     0 |1715B 1355B|   0     0 |  35    85 |08-12 17:56:31
