[7l----total-cpu-usage---- -dsk/total- -net/total- ---paging-- ---system-- ----system----
usr sys idl wai hiq siq| read  writ| recv  send|  in   out | int   csw |     time     
  9   5  78   7   0   2| 265k 1516k|   0     0 |   0     0 | 467  1781 |30-11 22:20:00
  2   3  94   0   0   2|   0     0 |4035k  143k|   0     0 | 535  2369 |30-11 22:20:01
  2   3  93   0   0   2|   0     0 |3848k  135k|   0     0 | 511  2276 |30-11 22:20:02
  3   2  93   0   0   3|   0  4096B|4007k  146k|   0     0 | 529  2385 |30-11 22:20:03
  1   3  94   0   0   2|   0     0 |4010k  142k|   0     0 | 522  2403 |30-11 22:20:04
  2   2  94   0   0   2|   0     0 |3981k  142k|   0     0 | 539  2393 |30-11 22:20:05
  3   2  95   0   0   0|   0     0 |3998k  144k|   0     0 | 516  2363 |30-11 22:20:06
  1   3  95   0   0   2|   0     0 |4044k  143k|   0     0 | 532  2416 |30-11 22:20:07
  3   3  93   0   0   3|   0     0 |4069k  145k|   0     0 | 577  2424 |30-11 22:20:08
  3   3  93   0   0   2|   0     0 |4057k  147k|   0     0 | 589  2386 |30-11 22:20:09
  1   3  94   0   0   2|   0     0 |3955k  140k|   0     0 | 579  2340 |30-11 22:20:10
  1   4  93   0   0   2|   0     0 |4062k  144k|   0     0 | 603  2391 |30-11 22:20:11
  2   2  93   2   0   2|   0    76k|3977k  144k|   0     0 | 580  2374 |30-11 22:20:12
  2   3  94   0   0   2|   0    60k|4065k  143k|   0     0 | 580  2384 |30-11 22:20:13
  1   2  95   0   0   2|   0     0 |4041k  142k|   0     0 | 595  2379 |30-11 22:20:14
  2   2  95   0   0   1|   0     0 |3976k  143k|   0     0 | 576  2322 |30-11 22:20:15
  2   2  94   0   0   2|   0     0 |4036k  142k|   0     0 | 519  2353 |30-11 22:20:16
  1   3  95   0   0   2|   0     0 |3823k  135k|   0     0 | 498  2286 |30-11 22:20:17
  2   2  94   0   0   2|   0     0 |4084k  148k|   0     0 | 551  2430 |30-11 22:20:18
  2   4  93   0   0   2|   0     0 |4070k  144k|   0     0 | 522  2399 |30-11 22:20:19
  2   1  95   0   0   2|   0     0 |3440k  122k|   0     0 | 459  2076 |30-11 22:20:20
  1   0  99   0   0   0|   0  4096B|5848B 3368B|   0     0 |  54   237 |30-11 22:20:21
  0   0 100   0   0   0|   0     0 |   0     0 |   0     0 |  21    49 |30-11 22:20:22
  0   1 100   0   0   0|   0     0 |   0     0 |   0     0 |  35    77 |30-11 22:20:23
  1   0 100   0   0   0|   0     0 |5422B 2782B|   0     0 |  25    69 |30-11 22:20:24
  0   0 100   0   0   0|   0     0 |   0     0 |   0     0 |  23    38 |30-11 22:20:25
  0   1 100   0   0   0|   0     0 | 247B  247B|   0     0 |  31    74 |30-11 22:20:26
  8   4  87   0   0   1|   0     0 |1891k   74k|   0     0 | 422  1630 |30-11 22:20:27
  1   1  96   0   0   2|   0     0 |3957k  140k|   0     0 | 521  2349 |30-11 22:20:28
  1   2  95   0   0   2|   0    12k|4043k  143k|   0     0 | 523  2407 |30-11 22:20:29
  1   1  95   0   0   3|   0     0 |3899k  140k|   0     0 | 533  2322 |30-11 22:20:30
  2   2  94   0   0   3|   0     0 |3973k  142k|   0     0 | 543  2360 |30-11 22:20:31
  2   2  94   0   0   2|   0     0 |3980k  142k|   0     0 | 572  2340 |30-11 22:20:32
  1   2  95   0   0   2|   0     0 |3871k  140k|   0     0 | 546  2363 |30-11 22:20:33
  2   2  94   0   0   3|   0  4096B|3862k  138k|   0     0 | 504  2327 |30-11 22:20:34
  1   2  95   0   0   2|   0     0 |3913k  138k|   0     0 | 511  2329 |30-11 22:20:35
  3   3  93   0   0   2|   0     0 |3880k  141k|   0     0 | 530  2342 |30-11 22:20:36
  1   2  95   0   0   2|   0     0 |4035k  142k|   0     0 | 532  2379 |30-11 22:20:37
  1   3  95   0   0   1|   0     0 |4073k  145k|   0     0 | 551  2429 |30-11 22:20:38
  2   1  96   0   0   2|   0     0 |4008k  145k|   0     0 | 520  2386 |30-11 22:20:39
  1   2  96   0   0   1|   0     0 |4016k  141k|   0     0 | 525  2362 |30-11 22:20:40
  1   2  96   0   0   2|   0     0 |4009k  141k|   0     0 | 526  2339 |30-11 22:20:41
  2   0  97   0   0   2|   0     0 |4084k  147k|   0     0 | 532  2407 |30-11 22:20:42
  2   2  92   2   0   2|   0    52k|3988k  141k|   0     0 | 542  2406 |30-11 22:20:43
  2   1  95   0   0   2|   0     0 |3925k  139k|   0     0 | 525  2332 |30-11 22:20:44
  3   3  93   0   0   1|   0     0 |3996k  149k|   0     0 | 546  2418 |30-11 22:20:45
  2   3  94   0   0   2|   0     0 |4094k  145k|   0     0 | 583  2396 |30-11 22:20:46
  1   2  96   0   0   1|   0  4096B|2491k   89k|   0     0 | 401  1628 |30-11 22:20:47
  2   0  99   0   0   0|   0     0 |5422B 2782B|   0     0 |  43    99 |30-11 22:20:48
  0   0 100   0   0   0|   0     0 |   0     0 |   0     0 |  21    41 |30-11 22:20:49
  0   0 100   0   0   0|   0     0 |   0     0 |   0     0 |  24    45 |30-11 22:20:50
  0   0 100   0   0   0|   0     0 |5422B 2782B|   0     0 |  23    62 |30-11 22:20:51
  1   1  99   0   0   0|   0     0 |2725B 2601B|   0     0 |  58   121 |30-11 22:20:52
 10   4  83   0   0   3|   0     0 |2823k  102k|   0     0 | 422  2145 |30-11 22:20:53
  1   3  93   0   0   3|   0     0 |3926k  141k|   0     0 | 334  2319 |30-11 22:20:54
  2   3  94   0   0   2|   0     0 |3954k  139k|   0     0 | 447  2346 |30-11 22:20:55
  1   2  94   0   0   3|   0     0 |3887k  138k|   0     0 | 367  2330 |30-11 22:20:56
  2   3  93   0   0   3|   0     0 |3948k  144k|   0     0 | 476  2389 |30-11 22:20:57
  2   3  92   0   0   2|   0     0 |4010k  142k|   0     0 |  69  2391 |30-11 22:20:58
  3   3  93   0   0   2|   0  4096B|4086k  145k|   0     0 |  69  2408 |30-11 22:20:59
  3   3  91   0   0   3|   0     0 |3964k  142k|   0     0 | 331  2377 |30-11 22:21:00
  2   3  91   0   0   4|   0     0 |4031k  145k|   0     0 | 607  2387 |30-11 22:21:01
  2   3  94   0   0   1|   0     0 |3996k  143k|   0     0 |  41  2409 |30-11 22:21:02
  3   4  93   0   0   1|   0     0 |4187k  148k|   0     0 |  73  2475 |30-11 22:21:03
  2   2  92   0   0   3|   0     0 |3956k  144k|   0     0 | 394  2383 |30-11 22:21:04
  2   1  96   0   0   1|   0  8192B|4001k  141k|   0     0 | 417  2384 |30-11 22:21:05
  1   2  95   0   0   3|   0     0 |4005k  141k|   0     0 | 470  2358 |30-11 22:21:06
  4   3  92   0   0   2|   0     0 |3906k  140k|   0     0 | 718  2320 |30-11 22:21:07
  2   3  92   0   0   2|   0     0 |3894k  137k|   0     0 | 149  2277 |30-11 22:21:08
  2   2  93   0   0   3|   0     0 |3992k  141k|   0     0 | 717  2385 |30-11 22:21:09
  2   3  93   0   0   2|   0     0 |3981k  144k|   0     0 | 337  2358 |30-11 22:21:10
  1   4  93   0   0   2|   0     0 |4059k  143k|   0     0 | 145  2379 |30-11 22:21:11
  2   1  95   0   0   2|   0     0 |4083k  145k|   0     0 | 115  2416 |30-11 22:21:12
  1   1  97   0   0   1|   0     0 |1401k   52k|   0     0 | 113   893 |30-11 22:21:13
  1   0  98   2   0   0|   0    64k| 426B  586B|   0     0 |  44   235 |30-11 22:21:14
  0   0 100   0   0   0|   0    40k|   0     0 |   0     0 |  21    43 |30-11 22:21:15
  0   0 100   0   0   0|   0     0 |5422B 2782B|   0     0 |  23    68 |30-11 22:21:16
  0   0 100   0   0   0|   0     0 |   0     0 |   0     0 |  19    27 |30-11 22:21:17
  9   3  88   0   0   0|   0     0 |3621B 2761B|   0     0 | 160   486 |30-11 22:21:18
  2   2  95   0   0   1|   0     0 |3745k  143k|   0     0 | 126   729 |30-11 22:21:19
  1   2  95   0   0   2|   0  4096B|4150k  148k|   0     0 | 135   757 |30-11 22:21:20
  1   2  96   0   0   1|   0     0 |4182k  147k|   0     0 | 121   714 |30-11 22:21:21
  1   1  98   0   0   0|   0     0 |4390k  157k|   0     0 | 107   708 |30-11 22:21:22
  3   2  95   0   0   1|   0     0 |5391k  190k|   0     0 | 182   925 |30-11 22:21:23
  2   2  96   0   0   1|   0     0 |4449k  157k|   0     0 | 139   727 |30-11 22:21:24
  2   1  97   0   0   1|   0     0 |4072k  149k|   0     0 | 122   673 |30-11 22:21:25
  1   2  96   0   0   1|   0     0 |4136k  147k|   0     0 | 130   717 |30-11 22:21:26
  1   3  96   0   0   1|   0     0 |4236k  148k|   0     0 | 113   698 |30-11 22:21:27
  1   2  97   0   0   0|   0     0 |4083k  147k|   0     0 | 141   742 |30-11 22:21:28
  1   1  97   0   0   1|   0     0 |4219k  147k|   0     0 | 135   688 |30-11 22:21:29
  1   2  96   0   0   1|   0     0 |4145k  146k|   0     0 | 159   672 |30-11 22:21:30
  2   3  95   0   0   0|   0     0 |4117k  151k|   0     0 | 159   757 |30-11 22:21:31
  1   2  97   0   0   1|   0     0 |4190k  147k|   0     0 | 176   677 |30-11 22:21:32
  2   2  96   0   0   1|   0     0 |4162k  148k|   0     0 | 152   720 |30-11 22:21:33
  1   1  97   0   0   1|   0     0 |4179k  148k|   0     0 | 153   712 |30-11 22:21:34
  1   2  96   0   0   1|   0     0 |4234k  149k|   0     0 | 132   658 |30-11 22:21:35
  1   2  96   0   0   1|   0     0 |4200k  149k|   0     0 | 138   673 |30-11 22:21:36
  1   1  97   0   0   1|   0     0 |4118k  149k|   0     0 | 153   688 |30-11 22:21:37
  0   2  98   0   0   1|   0     0 |4178k  147k|   0     0 | 139   676 |30-11 22:21:38
  1   0  99   0   0   0|   0     0 | 559k   19k|   0     0 |  36   127 |30-11 22:21:39
  1   1  99   0   0   0|   0    12k|6772B 5216B|   0     0 |  46   244 |30-11 22:21:40
  0   0 100   0   0   0|   0     0 | 102B  192B|   0     0 |  23    41 |30-11 22:21:41
  0   0 100   0   0   0|   0     0 |   0     0 |   0     0 |  24    49 |30-11 22:21:42
  1   0  99   0   0   0|   0     0 |5422B 2782B|   0     0 |  40   135 |30-11 22:21:43
  8   4  88   1   0   0|   0    40k| 662k   31k|   0     0 | 215   672 |30-11 22:21:44
  1   1  98   0   0   1|   0     0 |4002k  150k|   0     0 | 128   712 |30-11 22:21:45
  1   2  95   0   0   2|   0     0 |4151k  150k|   0     0 | 146   679 |30-11 22:21:46
  1   3  96   0   0   1|   0     0 |4185k  146k|   0     0 | 149   688 |30-11 22:21:47
  1   2  96   0   0   1|   0     0 |4182k  148k|   0     0 | 159   718 |30-11 22:21:48
  2   3  96   0   0   1|   0     0 |4173k  150k|   0     0 | 135   688 |30-11 22:21:49
  2   2  96   0   0   1|   0     0 |4126k  146k|   0     0 | 144   661 |30-11 22:21:50
  1   2  96   0   0   2|   0  4096B|4075k  147k|   0     0 | 140   735 |30-11 22:21:51
  2   2  96   0   0   1|   0     0 |4205k  152k|   0     0 | 146   729 |30-11 22:21:52
  1   2  97   0   0   1|   0     0 |4219k  147k|   0     0 | 178   816 |30-11 22:21:53
  1   1  98   0   0   1|   0     0 |4100k  145k|   0     0 | 145   727 |30-11 22:21:54
  2   2  96   0   0   1|   0     0 |4151k  148k|   0     0 | 155   731 |30-11 22:21:55
  1   1  98   0   0   0|   0     0 |4145k  146k|   0     0 | 103   692 |30-11 22:21:56
  1   2  96   0   0   1|   0     0 |4058k  146k|   0     0 | 130   673 |30-11 22:21:57
  2   2  96   0   0   0|   0     0 |4148k  148k|   0     0 | 136   695 |30-11 22:21:58
  1   2  96   0   0   2|   0     0 |4132k  146k|   0     0 | 123   645 |30-11 22:21:59
  1   1  98   0   0   1|   0     0 |4128k  145k|   0     0 | 122   656 |30-11 22:22:00
  2   2  95   0   0   2|   0     0 |4149k  149k|   0     0 | 141   698 |30-11 22:22:01
  0   2  98   0   0   1|   0     0 |4173k  147k|   0     0 | 148   681 |30-11 22:22:02
  1   2  96   0   0   1|   0     0 |4224k  150k|   0     0 | 123   674 |30-11 22:22:03
  1   2  97   0   0   1|   0     0 |3617k  130k|   0     0 | 126   620 |30-11 22:22:04
  1   0  99   0   0   0|   0  4096B|1350B 2434B|   0     0 |  45   198 |30-11 22:22:05
  0   0 100   0   0   0|   0     0 |   0     0 |   0     0 |  19    42 |30-11 22:22:06
  1   0 100   0   0   0|   0     0 |5422B 2782B|   0     0 |  21    50 |30-11 22:22:07
  0   0 100   0   0   0|   0     0 |   0     0 |   0     0 |  31    66 |30-11 22:22:08
  0   0 100   0   0   0|   0     0 |   0     0 |   0     0 |  23    50 |30-11 22:22:09
  1   1  99   0   0   0|   0     0 |6817B 2501B|   0     0 |  45   103 |30-11 22:22:10
  8   4  88   0   0   1|   0  8192B|1914k   78k|   0     0 | 241   864 |30-11 22:22:11
  1   1  97   0   0   1|   0     0 |4142k  150k|   0     0 | 114   681 |30-11 22:22:12
  2   2  96   0   0   1|   0     0 |4980k  175k|   0     0 | 159   814 |30-11 22:22:13
  1   2  95   2   0   2|   0    52k|4839k  172k|   0     0 | 146   752 |30-11 22:22:14
  1   2  96   0   0   1|   0     0 |4688k  165k|   0     0 | 165   728 |30-11 22:22:15
  1   1  96   0   0   2|   0    44k|4086k  145k|   0     0 | 179   701 |30-11 22:22:16
  1   2  97   0   0   1|   0     0 |4094k  149k|   0     0 | 150   691 |30-11 22:22:17
  1   2  97   0   0   1|   0     0 |4089k  146k|   0     0 | 160   683 |30-11 22:22:18
  1   2  97   0   0   1|   0     0 |4232k  148k|   0     0 | 140   637 |30-11 22:22:19
  1   1  97   0   0   2|   0     0 |4200k  150k|   0     0 | 184   698 |30-11 22:22:20
  1   1  97   0   0   1|   0     0 |4156k  146k|   0     0 | 147   667 |30-11 22:22:21
  1   1  97   0   0   1|   0     0 |4169k  147k|   0     0 | 131   654 |30-11 22:22:22
  2   1  97   0   0   1|   0     0 |4113k  149k|   0     0 | 137   643 |30-11 22:22:23
  1   2  97   0   0   1|   0     0 |4136k  146k|   0     0 | 157   671 |30-11 22:22:24
  0   3  96   0   0   2|   0     0 |4137k  147k|   0     0 | 147   645 |30-11 22:22:25
  2   2  97   0   0   0|   0     0 |4217k  151k|   0     0 | 127   691 |30-11 22:22:26
  1   1  98   0   0   0|   0     0 |4254k  149k|   0     0 | 150   677 |30-11 22:22:27
  0   1  98   0   0   1|   0     0 |4224k  148k|   0     0 | 163   667 |30-11 22:22:28
  1   2  95   0   0   2|   0     0 |4138k  150k|   0     0 | 134   680 |30-11 22:22:29
  1   1  97   0   0   2|   0     0 |4128k  145k|   0     0 | 116   666 |30-11 22:22:30
  1   1  98   0   0   0|   0     0 |2457k   87k|   0     0 |  98   438 |30-11 22:22:31
  1   0  99   0   0   1|   0  4096B|6772B 5216B|   0     0 |  59   243 |30-11 22:22:32
  0   0 100   0   0   0|   0     0 |   0     0 |   0     0 |  18    24 |30-11 22:22:33
  0   0 100   0   0   0|   0     0 |   0     0 |   0     0 |  34    83 |30-11 22:22:34
  1   0  99   0   0   0|   0     0 |5422B 2782B|   0     0 |  31    73 |30-11 22:22:35
  0   0 100   0   0   0|   0     0 |   0     0 |   0     0 |  23    34 |30-11 22:22:36
  1   1  99   0   0   0|   0     0 |2725B 2601B|   0     0 |  59   129 |30-11 22:22:37
  9   6  85   0   0   1|   0     0 |4347k  168k|   0     0 | 272   989 |30-11 22:22:38
  1   2  96   0   0   1|   0     0 |4402k  161k|   0     0 | 129   606 |30-11 22:22:39
  1   2  96   0   0   1|   0     0 |4134k  148k|   0     0 | 161   645 |30-11 22:22:40
  1   2  97   0   0   0|   0     0 |3968k  142k|   0     0 | 145   656 |30-11 22:22:41
  1   1  97   0   0   2|   0    12k|4185k  149k|   0     0 | 151   663 |30-11 22:22:42
  1   3  96   0   0   1|   0     0 |4552k  158k|   0     0 | 150   688 |30-11 22:22:43
  1   3  95   0   0   1|   0     0 |4265k  151k|   0     0 | 165   646 |30-11 22:22:44
  1   1  73  24   0   1|   0    44k|3921k  140k|   0     0 | 152   652 |30-11 22:22:45
  1   3  95   0   0   1|   0     0 |4227k  153k|   0     0 | 172   703 |30-11 22:22:46
  2   2  95   0   0   2|   0     0 |4207k  153k|   0     0 | 158   641 |30-11 22:22:47
  1   2  97   0   0   0|   0     0 |3840k  138k|   0     0 | 115   577 |30-11 22:22:48
  1   1  97   0   0   1|   0     0 |4134k  144k|   0     0 | 146   647 |30-11 22:22:49
  1   2  97   0   0   1|   0     0 |3999k  144k|   0     0 | 116   629 |30-11 22:22:50
  1   2  97   0   0   1|   0     0 |3897k  139k|   0     0 | 104   579 |30-11 22:22:51
  1   2  96   0   0   1|   0     0 |3774k  138k|   0     0 | 113   635 |30-11 22:22:52
  1   1  96   0   0   1|   0     0 |3653k  131k|   0     0 | 103   618 |30-11 22:22:53
  1   2  96   0   0   1|   0     0 |4504k  159k|   0     0 | 186   729 |30-11 22:22:54
  1   2  96   0   0   1|   0     0 |4168k  147k|   0     0 | 147   631 |30-11 22:22:55
  2   0  98   0   0   1|   0     0 |3976k  139k|   0     0 | 149   652 |30-11 22:22:56
  1   2  96   0   0   1|   0     0 |4027k  144k|   0     0 | 133   663 |30-11 22:22:57
  2   1  97   0   0   1|   0  4096B|1710k   64k|   0     0 |  98   448 |30-11 22:22:58
  0   0 100   0   0   0|   0     0 |5422B 2782B|   0     0 |  41   105 |30-11 22:22:59
  0   0 100   0   0   0|   0     0 |   0     0 |   0     0 |  24    51 |30-11 22:23:00
  0   0 100   0   0   0|   0     0 |   0     0 |   0     0 |  23    43 |30-11 22:23:01
  0   0 100   0   0   0|   0  8192B|5422B 2782B|   0     0 |  25    71 |30-11 22:23:02
  0   0 100   0   0   0|   0     0 |   0     0 |   0     0 |  22    30 |30-11 22:23:03
  6   2  92   0   0   0|   0     0 |3621B 2761B|   0     0 | 150   399 |30-11 22:23:04
  4   4  92   0   0   1|   0     0 |4461k  171k|   0     0 | 202   788 |30-11 22:23:05
  1   2  96   0   0   1|   0     0 |4504k  162k|   0     0 | 143   638 |30-11 22:23:06
  1   1  97   0   0   1|   0     0 |4370k  158k|   0     0 | 148   650 |30-11 22:23:07
  1   2  96   0   0   1|   0     0 |4019k  147k|   0     0 | 153   660 |30-11 22:23:08
  1   2  98   0   0   0|   0     0 |4100k  143k|   0     0 | 129   620 |30-11 22:23:09
  1   2  97   0   0   1|   0     0 |4180k  147k|   0     0 | 148   625 |30-11 22:23:10
  2   2  96   0   0   1|   0     0 |4158k  145k|   0     0 | 123   573 |30-11 22:23:11
  1   2  97   0   0   1|   0     0 |4255k  150k|   0     0 | 109   617 |30-11 22:23:12
  1   1  98   0   0   1|   0  8192B|4173k  150k|   0     0 | 137   624 |30-11 22:23:13
  2   3  96   0   0   0|   0     0 |3971k  145k|   0     0 | 155   683 |30-11 22:23:14
  0   2  97   0   0   1|   0     0 |4395k  157k|   0     0 | 117   603 |30-11 22:23:15
  2   1  96   1   0   1|   0    64k|4483k  157k|   0     0 | 164   651 |30-11 22:23:16
  2   1  97   0   0   1|   0     0 |3850k  142k|   0     0 | 147   595 |30-11 22:23:17
  1   2  96   0   0   1|   0    52k|4691k  168k|   0     0 | 114   631 |30-11 22:23:18
  1   2  97   0   0   1|   0     0 |4091k  147k|   0     0 | 137   643 |30-11 22:23:19
  1   2  97   0   0   1|   0     0 |4545k  162k|   0     0 | 140   628 |30-11 22:23:20
  1   3  97   0   0   0|   0     0 |4401k  154k|   0     0 | 137   643 |30-11 22:23:21
  1   2  96   0   0   2|   0     0 |4361k  152k|   0     0 | 141   654 |30-11 22:23:22
  2   2  96   0   0   1|   0     0 |4349k  156k|   0     0 | 110   647 |30-11 22:23:23
  2   1  97   0   0   1|   0     0 |4163k  148k|   0     0 | 137   658 |30-11 22:23:24
  1   0  98   0   0   0|   0     0 | 956k   31k|   0     0 |  46   186 |30-11 22:23:25
  1   1  98   0   0   0|   0  4096B|7828B 7328B|   0     0 |  48   248 |30-11 22:23:26
  0   0 100   0   0   0|   0     0 |   0     0 |   0     0 |  23    44 |30-11 22:23:27
  0   0 100   0   0   0|   0     0 |   0     0 |   0     0 |  24    37 |30-11 22:23:28
  1   0  99   0   0   0|   0     0 |5168B 2716B|   0     0 |  40   114 |30-11 22:23:29
  0   0 100   0   0   0|   0     0 | 254B   66B|   0     0 |  19    36 |30-11 22:23:30
  8   4  88   0   0   0|   0     0 | 263k   20k|   0     0 | 204   576 |30-11 22:23:31
  1   2  98   0   0   0|   0     0 |4343k  158k|   0     0 | 102   610 |30-11 22:23:32
  1   1  97   0   0   1|   0     0 |4086k  151k|   0     0 | 124   639 |30-11 22:23:33
  2   2  95   0   0   1|   0     0 |4331k  156k|   0     0 | 140   693 |30-11 22:23:34
  1   1  98   0   0   1|   0     0 |3920k  138k|   0     0 | 143   655 |30-11 22:23:35
  1   2  97   0   0   1|   0     0 |4336k  156k|   0     0 | 119   596 |30-11 22:23:36
  1   2  96   0   0   1|   0     0 |4148k  144k|   0     0 | 133   619 |30-11 22:23:37
  2   2  96   0   0   1|   0  8192B|4358k  154k|   0     0 | 127   671 |30-11 22:23:38
  1   2  96   0   0   1|   0     0 |4034k  145k|   0     0 | 136   685 |30-11 22:23:39
  2   1  97   0   0   1|   0     0 |4078k  142k|   0     0 | 144   636 |30-11 22:23:40
  0   2  97   0   0   1|   0     0 |4150k  148k|   0     0 | 131   612 |30-11 22:23:41
  1   2  97   0   0   1|   0     0 |4150k  151k|   0     0 | 159   654 |30-11 22:23:42
  1   1  98   0   0   0|   0     0 |4050k  141k|   0     0 | 121   717 |30-11 22:23:43
  1   2  96   0   0   1|   0     0 |4104k  148k|   0     0 | 146   641 |30-11 22:23:44
  1   2  96   0   0   1|   0     0 |3624k  131k|   0     0 | 156   683 |30-11 22:23:45
  3   0  95   2   0   1|   0    56k|3664k  139k|   0     0 | 164   726 |30-11 22:23:46
  1   2  97   0   0   1|   0     0 |3534k  126k|   0     0 | 142   615 |30-11 22:23:47
  1   1  97   0   0   1|   0  4096B|4089k  146k|   0     0 | 158   634 |30-11 22:23:48
  1   2  96   0   0   1|   0     0 |4451k  156k|   0     0 | 128   660 |30-11 22:23:49
  1   1  97   0   0   1|   0     0 |4567k  160k|   0     0 | 138   649 |30-11 22:23:50
  2   3  95   0   0   1|   0     0 |5345k  193k|   0     0 | 149   635 |30-11 22:23:51
  0   0 100   0   0   0|   0  4096B| 125k 6526B|   0     0 |  30    82 |30-11 22:23:52
  1   1  99   0   0   0|   0     0 | 294B  132B|   0     0 |  38   176 |30-11 22:23:53
  1   0  99   0   0   0|   0     0 |5422B 2782B|   0     0 |  36   107 |30-11 22:23:54
  0   0 100   0   0   0|   0     0 |   0     0 |   0     0 |  24    37 |30-11 22:23:55
  0   0 100   0   0   0|   0     0 |   0     0 |   0     0 |  23    35 |30-11 22:23:56
  1   0  99   0   0   0|   0     0 |5422B 2782B|   0     0 |  28    68 |30-11 22:23:57
  9   4  86   0   0   1|   0     0 |2778k  113k|   0     0 | 249   770 |30-11 22:23:58
  2   2  95   0   0   1|   0     0 |4701k  173k|   0     0 | 150   675 |30-11 22:23:59
  2   2  95   0   0   2|   0     0 |5144k  191k|   0     0 | 128   629 |30-11 22:24:00
  1   2  96   0   0   1|   0     0 |4246k  158k|   0     0 | 149   648 |30-11 22:24:01
  1   1  97   0   0   1|   0     0 |4004k  144k|   0     0 | 134   650 |30-11 22:24:02
  2   2  96   0   0   1|   0     0 |4070k  153k|   0     0 | 125   643 |30-11 22:24:03
  1   2  96   0   0   1|   0     0 |4392k  160k|   0     0 | 176   736 |30-11 22:24:04
  1   2  97   0   0   0|   0     0 |4138k  150k|   0     0 | 189   744 |30-11 22:24:05
  1   2  96   0   0   1|   0     0 |3982k  151k|   0     0 | 178   660 |30-11 22:24:06
  1   2  96   0   0   1|   0     0 |4087k  150k|   0     0 | 129   617 |30-11 22:24:07
  1   2  96   0   0   1|   0     0 |4179k  157k|   0     0 | 112   622 |30-11 22:24:08
  3   2  95   0   0   1|   0     0 |3852k  144k|   0     0 | 141   634 |30-11 22:24:09
  1   2  96   0   0   1|   0     0 |4223k  151k|   0     0 | 111   646 |30-11 22:24:10
  2   2  96   0   0   1|   0     0 |4043k  150k|   0     0 | 174   684 |30-11 22:24:11
  2   2  96   0   0   1|   0     0 |3903k  145k|   0     0 | 169   661 |30-11 22:24:12
  1   2  96   0   0   1|   0     0 |4434k  163k|   0     0 | 148   696 |30-11 22:24:13
  1   2  96   0   0   2|   0     0 |4676k  167k|   0     0 | 159   695 |30-11 22:24:14
  1   2  97   0   0   0|   0     0 |4026k  154k|   0     0 | 141   665 |30-11 22:24:15
  2   2  94   2   0   1|   0    56k|3897k  144k|   0     0 | 141   618 |30-11 22:24:16
  1   2  96   0   0   2|   0     0 |4223k  156k|   0     0 | 154   625 |30-11 22:24:17
  1   1  97   0   0   1|   0     0 |2761k  105k|   0     0 |  96   489 |30-11 22:24:18
  1   0  98   0   0   0|   0    60k|4670B 6196B|   0     0 |  56   262 |30-11 22:24:19
  0   0 100   0   0   0|   0     0 |   0     0 |   0     0 |  23    39 |30-11 22:24:20
  1   1  99   0   0   0|   0     0 |5422B 2782B|   0     0 |  26    67 |30-11 22:24:21
  0   0 100   0   0   0|   0     0 |   0     0 |   0     0 |  22    44 |30-11 22:24:22
  0   0 100   0   0   0|   0     0 |   0     0 |   0     0 |  23    41 |30-11 22:24:23
  1   1  99   0   0   0|   0  4096B|5422B 2782B|   0     0 |  41   109 |30-11 22:24:24
  9   2  89   0   0   0|   0     0 |3621B 3767B|   0     0 | 196   538 |30-11 22:24:25
  1   2  96   0   0   1|   0     0 |4087k  164k|   0     0 | 126   642 |30-11 22:24:26
  1   1  96   0   0   2|   0     0 |3948k  150k|   0     0 | 140   624 |30-11 22:24:27
  1   1  97   0   0   1|   0     0 |4260k  155k|   0     0 | 148   606 |30-11 22:24:28
  1   1  96   0   0   2|   0  4096B|3844k  148k|   0     0 | 154   691 |30-11 22:24:29
  1   1  97   0   0   1|   0     0 |3646k  141k|   0     0 | 114   649 |30-11 22:24:30
  1   1  98   0   0   0|   0     0 |4349k  158k|   0     0 | 165   650 |30-11 22:24:31
  1   2  96   0   0   1|   0     0 |4513k  160k|   0     0 | 131   615 |30-11 22:24:32
  1   2  96   0   0   2|   0     0 |4146k  149k|   0     0 | 118   571 |30-11 22:24:33
  2   3  95   0   0   0|   0     0 |4112k  147k|   0     0 | 135   612 |30-11 22:24:34
  1   1  97   0   0   1|   0     0 |4276k  158k|   0     0 | 154   671 |30-11 22:24:35
  1   2  97   0   0   0|   0     0 |4216k  153k|   0     0 | 167   660 |30-11 22:24:36
  0   3  96   0   0   1|   0     0 |4704k  169k|   0     0 | 157   654 |30-11 22:24:37
  0   2  98   0   0   0|   0     0 |4475k  162k|   0     0 | 141   655 |30-11 22:24:38
  1   2  95   0   0   3|   0     0 |3895k  145k|   0     0 | 169   710 |30-11 22:24:39
  1   1  97   0   0   1|   0     0 |4307k  161k|   0     0 | 155   672 |30-11 22:24:40
  1   1  97   0   0   1|   0     0 |4677k  167k|   0     0 | 153   604 |30-11 22:24:41
  1   2  96   0   0   1|   0     0 |4151k  156k|   0     0 | 135   645 |30-11 22:24:42
  1   2  97   0   0   1|   0     0 |4228k  157k|   0     0 | 134   669 |30-11 22:24:43
  1   1  97   0   0   1|   0     0 |4133k  155k|   0     0 | 127   689 |30-11 22:24:44
  2   2  96   0   0   1|   0     0 |4448k  164k|   0     0 | 125   621 |30-11 22:24:45
  1   1  98   0   0   1|   0     0 | 527k   23k|   0     0 |  71   241 |30-11 22:24:46
  1   1  98   1   0   0|   0    72k|3198B 6130B|   0     0 |  63   219 |30-11 22:24:47
  0   0 100   0   0   0|   0     0 |   0     0 |   0     0 |  19    27 |30-11 22:24:48
  1   1  99   0   0   0|   0     0 |5422B 2782B|   0     0 |  41   108 |30-11 22:24:49
  0   0 100   0   0   0|   0  8192B|   0     0 |   0     0 |  19    30 |30-11 22:24:50
  0   0 100   0   0   0|   0     0 |   0     0 |   0     0 |  20    26 |30-11 22:24:51
  8   4  88   0   0   1|   0     0 | 694k   43k|   0     0 | 213   687 |30-11 22:24:52
  1   1  97   0   0   1|   0     0 |4372k  160k|   0     0 | 142   653 |30-11 22:24:53
  2   1  97   0   0   1|   0     0 |4130k  156k|   0     0 | 147   692 |30-11 22:24:54
  2   2  96   0   0   1|   0     0 |3851k  148k|   0     0 | 159   709 |30-11 22:24:55
  1   2  96   0   0   1|   0     0 |4568k  167k|   0     0 | 144   652 |30-11 22:24:56
  0   2  97   0   0   1|   0     0 |4265k  154k|   0     0 | 150   650 |30-11 22:24:57
  1   1  97   0   0   1|   0     0 |4564k  170k|   0     0 | 149   669 |30-11 22:24:58
  1   2  95   0   0   1|   0     0 |4720k  170k|   0     0 | 133   650 |30-11 22:24:59
  1   1  97   0   0   2|   0  4096B|4816k  170k|   0     0 | 141   643 |30-11 22:25:00
  1   3  96   0   0   1|   0     0 |4038k  148k|   0     0 | 149   634 |30-11 22:25:01
  1   1  96   0   0   2|   0     0 |3800k  141k|   0     0 | 137   636 |30-11 22:25:02
  2   1  97   0   0   1|   0     0 |4485k  162k|   0     0 | 161   677 |30-11 22:25:03
  2   3  95   0   0   1|   0     0 |4904k  178k|   0     0 | 146   672 |30-11 22:25:04
  2   1  96   0   0   1|   0     0 |4525k  163k|   0     0 | 142   628 |30-11 22:25:05
  1   1  97   0   0   1|   0     0 |4392k  159k|   0     0 | 136   634 |30-11 22:25:06
  1   3  96   0   0   1|   0     0 |3929k  149k|   0     0 | 154   671 |30-11 22:25:07
  2   2  96   0   0   1|   0     0 |4471k  161k|   0     0 | 139   600 |30-11 22:25:08
  1   1  98   0   0   1|   0     0 |3960k  150k|   0     0 | 149   685 |30-11 22:25:09
  2   1  96   0   0   2|   0     0 |3859k  146k|   0     0 | 121   627 |30-11 22:25:10
  1   2  96   0   0   1|   0     0 |3809k  146k|   0     0 | 157   654 |30-11 22:25:11
  2   1  96   0   0   1|   0     0 |3922k  140k|   0     0 | 131   561 |30-11 22:25:12
  1   0  99   0   0   0|   0  4096B|8620B 8912B|   0     0 |  55   235 |30-11 22:25:13
  1   0  99   0   0   0|   0     0 |   0     0 |   0     0 |  35    81 |30-11 22:25:14
  0   0 100   0   0   0|   0     0 |   0     0 |   0     0 |  23    44 |30-11 22:25:15
  1   1  99   0   0   0|   0     0 |5422B 2782B|   0     0 |  24    58 |30-11 22:25:16
  0   0 100   0   0   0|   0     0 |   0     0 |   0     0 |  21    40 |30-11 22:25:17
  0   1  99   1   0   0|   0    44k|1715B 1355B|   0     0 |  35    99 |30-11 22:25:18
  8   4  87   0   0   1|   0     0 |1771k   87k|   0     0 | 224   835 |30-11 22:25:19
  0   1  97   0   0   2|   0     0 |4093k  157k|   0     0 | 122   624 |30-11 22:25:20
  1   1  97   0   0   1|   0    36k|3854k  152k|   0     0 | 153   683 |30-11 22:25:21
  1   1  96   0   0   2|   0     0 |4301k  171k|   0     0 | 145   739 |30-11 22:25:22
  1   2  96   0   0   1|   0     0 |3833k  147k|   0     0 | 166   686 |30-11 22:25:23
  1   2  96   0   0   1|   0     0 |4314k  165k|   0     0 | 174   735 |30-11 22:25:24
  2   2  95   0   0   2|   0     0 |4016k  156k|   0     0 | 143   703 |30-11 22:25:25
  1   2  96   0   0   2|   0  4096B|4201k  158k|   0     0 | 186   711 |30-11 22:25:26
  1   2  97   0   0   1|   0     0 |3851k  152k|   0     0 | 187   732 |30-11 22:25:27
  2   2  95   0   0   2|   0     0 |4233k  166k|   0     0 | 198   750 |30-11 22:25:28
  1   3  96   0   0   1|   0     0 |4489k  168k|   0     0 | 163   727 |30-11 22:25:29
  1   2  97   0   0   1|   0     0 |3787k  147k|   0     0 | 141   655 |30-11 22:25:30
  1   3  95   0   0   2|   0     0 |4564k  177k|   0     0 | 175   743 |30-11 22:25:31
  1   1  96   0   0   2|   0     0 |3984k  148k|   0     0 | 163   671 |30-11 22:25:32
  0   2  98   0   0   0|   0     0 |4428k  162k|   0     0 | 154   670 |30-11 22:25:33
  1   2  96   0   0   2|   0     0 |4423k  171k|   0     0 | 180   726 |30-11 22:25:34
  1   1  98   0   0   1|   0     0 |4226k  161k|   0     0 | 167   669 |30-11 22:25:35
  1   1  97   0   0   2|   0     0 |4492k  170k|   0     0 | 190   751 |30-11 22:25:36
  1   1  97   0   0   1|   0     0 |3591k  138k|   0     0 | 179   759 |30-11 22:25:37
  1   2  96   0   0   1|   0     0 |3818k  144k|   0     0 | 151   686 |30-11 22:25:38
  1   2  97   0   0   1|   0     0 |2339k   86k|   0     0 | 111   448 |30-11 22:25:39
  1   1  99   0   0   0|   0  4096B|9412B   10k|   0     0 |  48   228 |30-11 22:25:40
  0   0 100   0   0   0|   0     0 | 102B  192B|   0     0 |  24    56 |30-11 22:25:41
  0   0 100   0   0   0|   0     0 |   0     0 |   0     0 |  18    28 |30-11 22:25:42
  1   0  99   0   0   0|   0     0 |5422B 2782B|   0     0 |  30   141 |30-11 22:25:43
  0   1 100   0   0   0|   0     0 |   0     0 |   0     0 |  39    79 |30-11 22:25:44
  1   1  98   0   0   0|   0     0 |3443B 2695B|   0     0 | 108   278 |30-11 22:25:45
  8   6  85   0   0   1|   0  8192B|3073k  134k|   0     0 | 238   805 |30-11 22:25:46
  1   2  97   0   0   1|   0     0 |4085k  160k|   0     0 | 145   633 |30-11 22:25:47
  1   2  96   0   0   2|   0     0 |4437k  164k|   0     0 | 159   716 |30-11 22:25:48
  1   2  96   1   0   1|   0    64k|3709k  146k|   0     0 | 177   734 |30-11 22:25:49
  2   1  97   0   0   0|   0     0 |4153k  161k|   0     0 | 120   646 |30-11 22:25:50
  1   2  96   0   0   2|   0     0 |4088k  155k|   0     0 | 139   662 |30-11 22:25:51
  1   1  97   0   0   1|   0     0 |3895k  148k|   0     0 | 155   720 |30-11 22:25:52
  1   1  97   0   0   1|   0     0 |4160k  164k|   0     0 | 151   679 |30-11 22:25:53
  2   1  97   0   0   1|   0     0 |3880k  149k|   0     0 | 137   703 |30-11 22:25:54
  2   2  97   0   0   0|   0     0 |3569k  136k|   0     0 | 120   614 |30-11 22:25:55
  1   2  97   0   0   1|   0  8192B|3449k  133k|   0     0 | 135   675 |30-11 22:25:56
  1   2  96   0   0   2|   0     0 |4334k  162k|   0     0 | 137   694 |30-11 22:25:57
  2   3  95   0   0   0|   0     0 |5129k  193k|   0     0 | 146   666 |30-11 22:25:58
  1   1  98   0   0   0|   0     0 |4279k  170k|   0     0 | 172   739 |30-11 22:25:59
  0   1  96   0   0   2|   0     0 |3386k  133k|   0     0 | 157   712 |30-11 22:26:00
  1   1  96   0   0   2|   0     0 |3749k  141k|   0     0 | 138   667 |30-11 22:26:01
  2   2  95   0   0   1|   0     0 |4536k  169k|   0     0 | 141   667 |30-11 22:26:02
  1   1  97   0   0   2|   0     0 |3389k  138k|   0     0 | 114   601 |30-11 22:26:03
  2   1  97   0   0   1|   0     0 |4865k  180k|   0     0 | 150   662 |30-11 22:26:04
  2   1  97   0   0   1|   0     0 |4477k  177k|   0     0 | 195   697 |30-11 22:26:05
  1   1  99   0   0   0|   0     0 |1628k   59k|   0     0 |  92   353 |30-11 22:26:06
  1   0  99   0   0   1|   0  4096B|3990B 7714B|   0     0 |  45   196 |30-11 22:26:07
  0   0 100   0   0   0|   0     0 |5844B 3494B|   0     0 |  26    68 |30-11 22:26:08
  0   1  99   0   0   0|   0     0 |   0     0 |   0     0 |  36    94 |30-11 22:26:09
  0   0 100   0   0   0|   0     0 |   0     0 |   0     0 |  23    38 |30-11 22:26:10
  0   0 100   0   0   0|   0     0 |5422B 2782B|   0     0 |  25    73 |30-11 22:26:11
  9   3  89   0   0   0|   0     0 |3621B 2761B|   0     0 | 181   485 |30-11 22:26:12
  2   2  96   0   0   1|   0     0 |5208k  207k|   0     0 | 174   704 |30-11 22:26:13
  2   2  96   0   0   1|   0     0 |4714k  180k|   0     0 | 158   705 |30-11 22:26:14
  1   2  97   0   0   1|   0     0 |4618k  178k|   0     0 | 171   684 |30-11 22:26:15
  2   1  96   0   0   2|   0     0 |4233k  163k|   0     0 | 147   689 |30-11 22:26:16
  1   3  95   0   0   2|   0  4096B|4683k  176k|   0     0 | 134   680 |30-11 22:26:17
  2   2  96   0   0   1|   0     0 |4585k  170k|   0     0 | 144   670 |30-11 22:26:18
  1   2  95   2   0   1|   0    44k|4831k  179k|   0     0 | 144   665 |30-11 22:26:19
  2   2  96   0   0   1|   0     0 |4792k  182k|   0     0 | 138   675 |30-11 22:26:20
  1   1  97   0   0   1|   0     0 |4086k  156k|   0     0 | 155   669 |30-11 22:26:21
  1   1  97   0   0   1|   0    52k|4292k  157k|   0     0 | 176   678 |30-11 22:26:22
  2   1  95   0   0   1|   0     0 |4050k  152k|   0     0 | 165   670 |30-11 22:26:23
  1   2  96   0   0   1|   0     0 |4163k  156k|   0     0 | 169   691 |30-11 22:26:24
  1   1  98   0   0   1|   0     0 |4358k  166k|   0     0 | 145   686 |30-11 22:26:25
  1   2  95   0   0   2|   0     0 |4031k  150k|   0     0 | 145   682 |30-11 22:26:26
  1   3  96   0   0   1|   0  8192B|4642k  173k|   0     0 | 151   715 |30-11 22:26:27
  1   1  97   0   0   1|   0     0 |3845k  145k|   0     0 | 156   675 |30-11 22:26:28
  2   2  95   0   0   2|   0     0 |3747k  152k|   0     0 | 195   756 |30-11 22:26:29
  1   3  96   0   0   1|   0     0 |4544k  174k|   0     0 | 162   725 |30-11 22:26:30
  1   2  96   0   0   1|   0     0 |4831k  184k|   0     0 | 169   676 |30-11 22:26:31
  1   1  95   0   0   3|   0     0 |4335k  172k|   0     0 | 159   723 |30-11 22:26:32
  1   0  99   0   0   1|   0     0 | 815k   26k|   0     0 |  46   190 |30-11 22:26:33
  1   1  99   0   0   0|   0  4096B|3990B 7714B|   0     0 |  58   256 |30-11 22:26:34
  1   0  99   0   0   0|   0     0 |5422B 2782B|   0     0 |  27    73 |30-11 22:26:35
  0   0 100   0   0   0|   0     0 |   0     0 |   0     0 |  18    24 |30-11 22:26:36
  0   0 100   0   0   0|   0  4096B|   0     0 |   0     0 |  20    31 |30-11 22:26:37
  1   1  99   0   0   0|   0     0 |5422B 2782B|   0     0 |  23    71 |30-11 22:26:38
  8   3  88   0   0   1|   0     0 | 888k   53k|   0     0 | 233   675 |30-11 22:26:39
  2   2  96   0   0   2|   0     0 |4815k  183k|   0     0 | 130   683 |30-11 22:26:40
  1   3  95   0   0   1|   0     0 |3971k  161k|   0     0 | 157   703 |30-11 22:26:41
  1   2  96   0   0   1|   0     0 |4551k  184k|   0     0 | 162   702 |30-11 22:26:42
  2   2  96   0   0   1|   0     0 |4473k  180k|   0     0 | 161   771 |30-11 22:26:43
  2   2  96   0   0   1|   0     0 |4401k  183k|   0     0 | 187   794 |30-11 22:26:44
  1   2  96   0   0   2|   0     0 |4316k  170k|   0     0 | 173   712 |30-11 22:26:45
  2   2  96   0   0   1|   0     0 |4341k  174k|   0     0 | 177   808 |30-11 22:26:46
  2   2  96   0   0   1|   0     0 |4132k  167k|   0     0 | 150   686 |30-11 22:26:47
  1   2  96   0   0   1|   0     0 |4314k  160k|   0     0 | 168   709 |30-11 22:26:48
  1   2  96   0   0   2|   0     0 |4078k  156k|   0     0 | 169   705 |30-11 22:26:49
  1   3  93   1   0   2|   0    64k|4449k  172k|   0     0 | 160   756 |30-11 22:26:50
  1   2  97   0   0   1|   0     0 |4587k  176k|   0     0 | 197   739 |30-11 22:26:51
  1   2  95   0   0   1|   0     0 |3908k  151k|   0     0 | 150   673 |30-11 22:26:52
  2   2  96   0   0   1|   0     0 |4279k  166k|   0     0 | 172   688 |30-11 22:26:53
  1   2  96   0   0   1|   0     0 |3786k  150k|   0     0 | 151   702 |30-11 22:26:54
  1   2  97   0   0   1|   0     0 |4235k  167k|   0     0 | 176   706 |30-11 22:26:55
  1   1  97   0   0   2|   0     0 |4358k  172k|   0     0 | 173   726 |30-11 22:26:56
  2   2  96   0   0   1|   0     0 |4284k  166k|   0     0 | 161   702 |30-11 22:26:57
  0   1  98   0   0   1|   0  4096B|4806k  179k|   0     0 | 133   640 |30-11 22:26:58
  2   2  95   0   0   2|   0     0 |4377k  165k|   0     0 | 179   717 |30-11 22:26:59
  1   0  99   0   0   1|   0  4096B|9940B   11k|   0     0 |  46   210 |30-11 22:27:00
  0   0 100   0   0   0|   0     0 |   0     0 |   0     0 |  19    41 |30-11 22:27:01
  0   0 100   0   0   0|   0     0 |   0     0 |   0     0 |  20    39 |30-11 22:27:02
  0   0 100   0   0   0|   0     0 |5422B 2782B|   0     0 |  21    61 |30-11 22:27:03
  0   1 100   0   0   0|   0     0 |   0     0 |   0     0 |  36    94 |30-11 22:27:04
  1   0 100   0   0   0|   0     0 | 247B  247B|   0     0 |  30    55 |30-11 22:27:05
 10   5  84   0   0   1|   0     0 |3229k  136k|   0     0 | 223   806 |30-11 22:27:06
  1   3  96   0   0   1|   0     0 |5936k  222k|   0     0 | 135   654 |30-11 22:27:07
  1   3  96   0   0   1|   0     0 |5372k  210k|   0     0 | 172   692 |30-11 22:27:08
  2   2  95   0   0   1|   0     0 |4813k  182k|   0     0 | 155   692 |30-11 22:27:09
  1   2  96   0   0   1|   0     0 |4195k  163k|   0     0 | 141   690 |30-11 22:27:10
  1   2  96   0   0   2|   0     0 |4241k  167k|   0     0 | 185   755 |30-11 22:27:11
  2   1  95   0   0   2|   0     0 |4693k  180k|   0     0 | 149   694 |30-11 22:27:12
  1   2  97   0   0   1|   0  8192B|4493k  170k|   0     0 | 144   678 |30-11 22:27:13
  2   1  96   0   0   2|   0     0 |4429k  172k|   0     0 | 188   731 |30-11 22:27:14
  1   3  95   0   0   1|   0     0 |3840k  157k|   0     0 | 143   672 |30-11 22:27:15
  1   2  97   0   0   1|   0     0 |3959k  155k|   0     0 | 133   660 |30-11 22:27:16
  1   2  96   0   0   2|   0     0 |4305k  173k|   0     0 | 180   737 |30-11 22:27:17
  3   2  95   0   0   0|   0     0 |4340k  171k|   0     0 | 160   689 |30-11 22:27:18
  1   1  96   0   0   2|   0     0 |4803k  187k|   0     0 | 179   766 |30-11 22:27:19
  1   1  96   0   0   2|   0     0 |4085k  158k|   0     0 | 164   726 |30-11 22:27:20
  2   1  85  11   0   2|   0    40k|4324k  164k|   0     0 | 137   657 |30-11 22:27:21
  1   2  97   0   0   1|   0     0 |4114k  157k|   0     0 | 165   692 |30-11 22:27:22
  0   3  97   0   0   0|   0    48k|4622k  182k|   0     0 | 166   717 |30-11 22:27:23
  2   2  95   0   0   1|   0     0 |3276k  138k|   0     0 | 198   730 |30-11 22:27:24
  1   1  96   0   0   2|   0     0 |3889k  157k|   0     0 | 170   744 |30-11 22:27:25
  1   1  97   0   0   1|   0     0 |3132k  113k|   0     0 | 115   555 |30-11 22:27:26
  1   1  98   0   0   0|   0  4096B|9940B   11k|   0     0 |  66   241 |30-11 22:27:27
  0   0 100   0   0   0|   0     0 |   0     0 |   0     0 |  20    40 |30-11 22:27:28
  1   1  99   0   0   0|   0  8192B|   0     0 |   0     0 |  35    97 |30-11 22:27:29
  0   0  99   0   0   0|   0     0 |5422B 2782B|   0     0 |  33    76 |30-11 22:27:30
  0   0 100   0   0   0|   0     0 |   0     0 |   0     0 |  23    36 |30-11 22:27:31
  2   0  99   0   0   0|   0     0 |2043B 1851B|   0     0 |  41    95 |30-11 22:27:32
  8   4  87   0   0   1|   0     0 |2593k  119k|   0     0 | 247   871 |30-11 22:27:33
  2   2  95   0   0   2|   0     0 |4351k  166k|   0     0 | 153   673 |30-11 22:27:34
  1   2  96   0   0   1|   0     0 |4588k  179k|   0     0 | 157   705 |30-11 22:27:35
  1   1  97   0   0   1|   0     0 |4359k  171k|   0     0 | 173   742 |30-11 22:27:36
  2   2  96   0   0   1|   0     0 |4006k  150k|   0     0 | 147   618 |30-11 22:27:37
  1   3  95   0   0   1|   0     0 |4285k  167k|   0     0 | 180   677 |30-11 22:27:38
  1   2  94   0   0   2|   0     0 |4315k  171k|   0     0 | 175   764 |30-11 22:27:39
  1   1  97   0   0   1|   0     0 |3861k  156k|   0     0 | 163   705 |30-11 22:27:40
  1   1  98   0   0   1|   0     0 |3723k  149k|   0     0 | 174   666 |30-11 22:27:41
  1   3  95   0   0   2|   0     0 |4490k  179k|   0     0 | 172   719 |30-11 22:27:42
  1   2  96   0   0   1|   0     0 |4388k  166k|   0     0 | 174   680 |30-11 22:27:43
  3   2  95   0   0   1|   0     0 |4215k  163k|   0     0 | 169   747 |30-11 22:27:44
  2   2  96   0   0   1|   0     0 |3728k  153k|   0     0 | 183   740 |30-11 22:27:45
  2   2  95   0   0   1|   0     0 |4552k  178k|   0     0 | 170   728 |30-11 22:27:46
  2   2  95   0   0   1|   0     0 |5074k  195k|   0     0 | 199   756 |30-11 22:27:47
  2   2  95   0   0   1|   0     0 |5374k  199k|   0     0 | 160   727 |30-11 22:27:48
  1   2  96   0   0   1|   0     0 |4895k  189k|   0     0 | 169   726 |30-11 22:27:49
  1   2  96   0   0   2|   0     0 |5312k  200k|   0     0 | 170   711 |30-11 22:27:50
  0   2  97   0   0   2|   0     0 |4393k  174k|   0     0 | 180   692 |30-11 22:27:51
  1   3  94   1   0   1|   0    60k|4620k  178k|   0     0 | 135   667 |30-11 22:27:52
  1   1  98   0   0   2|   0     0 |2301k   83k|   0     0 |  88   399 |30-11 22:27:53
  1   1  99   0   0   0|   0  4096B|9940B   11k|   0     0 |  53   226 |30-11 22:27:54
  1   1  99   0   0   0|   0     0 |   0     0 |   0     0 |  37    71 |30-11 22:27:55
  0   0 100   0   0   0|   0     0 |   0     0 |   0     0 |  19    29 |30-11 22:27:56
  1   0 100   0   0   0|   0     0 |5422B 2782B|   0     0 |  25    76 |30-11 22:27:57
  0   0 100   0   0   0|   0     0 |   0     0 |   0     0 |  20    32 |30-11 22:27:58
  7   2  91   0   0   0|   0  4096B|3621B 2761B|   0     0 | 151   390 |30-11 22:27:59
  3   5  91   0   0   1|   0     0 |5319k  229k|   0     0 | 187   829 |30-11 22:28:00
  2   2  96   0   0   1|   0     0 |4654k  189k|   0     0 | 148   700 |30-11 22:28:01
  2   3  95   0   0   1|   0     0 |4586k  187k|   0     0 | 174   762 |30-11 22:28:02
  1   3  95   0   0   2|   0     0 |5093k  203k|   0     0 | 159   703 |30-11 22:28:03
  2   1  96   0   0   1|   0    12k|4212k  173k|   0     0 | 166   755 |30-11 22:28:04
  2   1  96   0   0   2|   0     0 |3927k  160k|   0     0 | 190   749 |30-11 22:28:05
  1   2  96   0   0   1|   0     0 |4137k  167k|   0     0 | 164   738 |30-11 22:28:06
  1   2  97   0   0   1|   0     0 |4266k  173k|   0     0 | 178   722 |30-11 22:28:07
  2   1  96   0   0   2|   0     0 |3878k  157k|   0     0 | 191   781 |30-11 22:28:08
  1   2  96   0   0   1|   0     0 |3814k  154k|   0     0 | 178   694 |30-11 22:28:09
  1   2  97   0   0   1|   0     0 |4658k  187k|   0     0 | 174   707 |30-11 22:28:10
  1   2  95   0   0   2|   0     0 |4908k  188k|   0     0 | 159   677 |30-11 22:28:11
  1   2  96   0   0   2|   0     0 |4614k  178k|   0     0 | 155   724 |30-11 22:28:12
  1   2  97   0   0   0|   0     0 |4210k  161k|   0     0 | 107   728 |30-11 22:28:13
  1   2  97   0   0   1|   0     0 |4055k  163k|   0     0 | 134   744 |30-11 22:28:14
  2   2  96   0   0   1|   0     0 |3950k  163k|   0     0 | 148   782 |30-11 22:28:15
  1   2  95   0   0   1|   0     0 |4148k  165k|   0     0 | 140   780 |30-11 22:28:16
  1   1  97   0   0   1|   0     0 |4509k  186k|   0     0 | 140   753 |30-11 22:28:17
  1   3  96   0   0   2|   0     0 |4527k  173k|   0     0 | 111   724 |30-11 22:28:18
  2   2  95   0   0   2|   0     0 |4410k  187k|   0     0 | 131   756 |30-11 22:28:19
  0   1  99   0   0   0|   0     0 |1045k   36k|   0     0 |  64   279 |30-11 22:28:20
  1   0  99   0   0   0|   0  4096B|5574B   11k|   0     0 |  47   209 |30-11 22:28:21
  0   1  99   0   0   0|   0     0 |5422B 2782B|   0     0 |  21    62 |30-11 22:28:22
  0   0  99   2   0   0|   0    44k|   0     0 |   0     0 |  23    54 |30-11 22:28:23
  0   0 100   0   0   0|   0     0 |   0     0 |   0     0 |  23    60 |30-11 22:28:24
  1   1  99   0   0   0|   0    52k|5422B 2782B|   0     0 |  47   147 |30-11 22:28:25
  8   4  87   0   0   2|   0     0 | 421k   39k|   0     0 | 205   610 |30-11 22:28:26
  2   2  96   0   0   1|   0     0 |4520k  174k|   0     0 | 122   693 |30-11 22:28:27
  2   1  97   0   0   1|   0     0 |4055k  171k|   0     0 | 118   720 |30-11 22:28:28
  1   2  96   0   0   2|   0     0 |4320k  174k|   0     0 | 145   750 |30-11 22:28:29
  2   2  95   0   0   2|   0    20k|4438k  182k|   0     0 | 166   765 |30-11 22:28:30
  2   1  96   0   0   2|   0     0 |4025k  171k|   0     0 | 143   768 |30-11 22:28:31
  1   2  96   0   0   1|   0     0 |4324k  168k|   0     0 | 130   725 |30-11 22:28:32
  1   2  95   0   0   1|   0     0 |4623k  189k|   0     0 | 121   763 |30-11 22:28:33
  1   2  96   0   0   1|   0     0 |4378k  172k|   0     0 | 102   708 |30-11 22:28:34
  1   1  98   0   0   0|   0     0 |4227k  170k|   0     0 | 135   767 |30-11 22:28:35
  1   1  96   0   0   2|   0     0 |3649k  150k|   0     0 |  99   765 |30-11 22:28:36
  3   2  94   0   0   1|   0     0 |3993k  164k|   0     0 | 103   784 |30-11 22:28:37
  0   2  97   0   0   1|   0     0 |3450k  138k|   0     0 | 110   696 |30-11 22:28:38
  2   1  96   0   0   1|   0     0 |4013k  162k|   0     0 | 115   732 |30-11 22:28:39
  2   2  95   0   0   1|   0     0 |4441k  171k|   0     0 | 119   730 |30-11 22:28:40
  1   2  96   0   0   1|   0     0 |3931k  160k|   0     0 | 109   723 |30-11 22:28:41
  2   1  96   0   0   1|   0     0 |3974k  162k|   0     0 | 102   722 |30-11 22:28:42
  2   1  97   0   0   1|   0     0 |4230k  166k|   0     0 | 134   758 |30-11 22:28:43
  2   1  96   0   0   1|   0     0 |4484k  182k|   0     0 | 113   710 |30-11 22:28:44
  1   1  96   0   0   2|   0     0 |3980k  168k|   0     0 |  98   722 |30-11 22:28:45
  2   1  96   0   0   2|   0     0 |4044k  160k|   0     0 | 104   700 |30-11 22:28:46
  2   1  98   0   0   0|   0     0 |  92k   17k|   0     0 |  70   325 |30-11 22:28:47
  0   0 100   0   0   0|   0     0 |  66B    0 |   0     0 |  24    81 |30-11 22:28:48
  0   0  99   0   0   1|   0     0 |5422B 2782B|   0     0 |  22    79 |30-11 22:28:49
  0   0 100   0   0   0|   0     0 |   0     0 |   0     0 |  31    68 |30-11 22:28:50
  0   0 100   0   0   0|   0     0 |   0     0 |   0     0 |  18    24 |30-11 22:28:51
  0   0 100   0   0   0|   0     0 |5422B 2782B|   0     0 |  19    55 |30-11 22:28:52
  9   4  87   0   0   1|   0     0 | 740k   57k|   0     0 | 220   709 |30-11 22:28:53
  1   2  95   2   0   1|   0    48k|4192k  170k|   0     0 | 111   671 |30-11 22:28:54
  1   2  96   0   0   1|   0     0 |3852k  169k|   0     0 | 124   726 |30-11 22:28:55
  2   1  97   0   0   1|   0     0 |4305k  175k|   0     0 | 123   734 |30-11 22:28:56
  1   2  97   0   0   1|   0     0 |4066k  170k|   0     0 | 125   695 |30-11 22:28:57
  1   1  97   0   0   1|   0     0 |4495k  181k|   0     0 | 111   748 |30-11 22:28:58
  1   2  97   0   0   0|   0     0 |3879k  160k|   0     0 | 113   719 |30-11 22:28:59
  2   1  96   0   0   1|   0     0 |3905k  163k|   0     0 | 131   770 |30-11 22:29:00
  1   2  96   0   0   2|   0    12k|3880k  158k|   0     0 | 123   746 |30-11 22:29:01
  0   2  97   0   0   2|   0     0 |4377k  172k|   0     0 | 118   718 |30-11 22:29:02
  1   3  95   0   0   2|   0     0 |4456k  181k|   0     0 | 127   709 |30-11 22:29:03
  1   2  97   0   0   1|   0     0 |4062k  168k|   0     0 | 131   725 |30-11 22:29:04
  1   2  96   0   0   1|   0     0 |3939k  163k|   0     0 | 127   744 |30-11 22:29:05
  1   2  96   0   0   1|   0     0 |3785k  153k|   0     0 | 115   730 |30-11 22:29:06
  1   1  96   0   0   2|   0     0 |4135k  161k|   0     0 | 135   771 |30-11 22:29:07
  1   1  96   0   0   2|   0     0 |3927k  158k|   0     0 | 117   691 |30-11 22:29:08
  1   1  97   0   0   2|   0     0 |4231k  158k|   0     0 | 111   662 |30-11 22:29:09
  2   2  95   0   0   1|   0     0 |4245k  173k|   0     0 | 126   753 |30-11 22:29:10
  1   2  96   0   0   1|   0     0 |4525k  177k|   0     0 | 128   765 |30-11 22:29:11
  1   1  98   0   0   1|   0     0 |3980k  159k|   0     0 | 118   772 |30-11 22:29:12
  1   2  97   0   0   1|   0     0 |3501k  134k|   0     0 | 115   668 |30-11 22:29:13
  1   1  99   0   0   1|   0  4096B|  43k   12k|   0     0 |  55   297 |30-11 22:29:14
  0   1 100   0   0   0|   0     0 |   0     0 |   0     0 |  31    80 |30-11 22:29:15
  1   0 100   0   0   0|   0     0 |5422B 2782B|   0     0 |  29    82 |30-11 22:29:16
  0   0 100   0   0   0|   0     0 |   0     0 |   0     0 |  23    38 |30-11 22:29:17
  0   0 100   0   0   0|   0     0 |   0     0 |   0     0 |  23    41 |30-11 22:29:18
  1   1  99   0   0   0|   0     0 |6923B 2923B|   0     0 |  33   115 |30-11 22:29:19
  8   4  87   0   0   1|   0     0 |3382k  167k|   0     0 | 212   902 |30-11 22:29:20
  1   2  95   0   0   3|   0     0 |5383k  217k|   0     0 | 115   739 |30-11 22:29:21
  1   3  96   0   0   1|   0  4096B|4388k  184k|   0     0 | 122   682 |30-11 22:29:22
  2   2  95   0   0   1|   0     0 |4364k  184k|   0     0 | 123   783 |30-11 22:29:23
  2   2  96   0   0   1|   0     0 |3750k  148k|   0     0 | 120   707 |30-11 22:29:24
  1   2  92   3   0   2|   0    40k|4091k  174k|   0     0 | 155   825 |30-11 22:29:25
  2   2  95   0   0   2|   0     0 |4782k  198k|   0     0 | 142   775 |30-11 22:29:26
  1   1  97   0   0   2|   0    44k|3895k  167k|   0     0 | 125   735 |30-11 22:29:27
  2   2  96   0   0   1|   0     0 |4345k  178k|   0     0 | 132   723 |30-11 22:29:28
  1   2  96   0   0   1|   0     0 |4274k  181k|   0     0 | 128   763 |30-11 22:29:29
  1   2  95   0   0   2|   0     0 |4593k  195k|   0     0 | 152   807 |30-11 22:29:30
  0   1  97   0   0   2|   0     0 |4302k  176k|   0     0 | 132   746 |30-11 22:29:31
  1   2  97   0   0   1|   0  8192B|3980k  178k|   0     0 | 108   745 |30-11 22:29:32
  2   1  96   0   0   1|   0     0 |3868k  160k|   0     0 | 129   734 |30-11 22:29:33
  1   2  96   0   0   2|   0     0 |4461k  182k|   0     0 | 132   739 |30-11 22:29:34
  2   2  93   0   0   2|   0     0 |5030k  207k|   0     0 | 138   798 |30-11 22:29:35
  1   3  95   0   0   2|   0     0 |4583k  191k|   0     0 | 111   743 |30-11 22:29:36
  1   2  97   0   0   1|   0  8192B|4486k  185k|   0     0 | 130   747 |30-11 22:29:37
  1   2  96   0   0   1|   0     0 |4306k  178k|   0     0 | 119   753 |30-11 22:29:38
  1   1  97   0   0   1|   0     0 |4069k  169k|   0     0 | 126   747 |30-11 22:29:39
  0   1  96   0   0   2|   0     0 |2483k  102k|   0     0 |  95   591 |30-11 22:29:40
  1   1  98   0   0   0|   0     0 |  12k   16k|   0     0 |  56   254 |30-11 22:29:41
  0   0 100   0   0   0|   0     0 | 102B  192B|   0     0 |  23    51 |30-11 22:29:42
  0   0 100   0   0   0|   0     0 |   0     0 |   0     0 |  24    41 |30-11 22:29:43
  1   0 100   0   0   0|   0     0 |5422B 2782B|   0     0 |  25    58 |30-11 22:29:44
  1   0  99   0   0   0|   0     0 |   0     0 |   0     0 |  33    73 |30-11 22:29:45
  0   0 100   0   0   0|   0     0 |   0     0 |   0     0 |  24    42 |30-11 22:29:46
  3   2  95   0   0   0|   0     0 |  11k 7831B|   0     0 | 149   467 |30-11 22:29:47
  6   3  91   0   0   1|   0     0 |3570k  166k|   0     0 | 159   763 |30-11 22:29:48
  1   2  96   0   0   2|   0     0 |4044k  167k|   0     0 | 147   749 |30-11 22:29:49
  1   2  96   0   0   1|   0     0 |4148k  181k|   0     0 | 148   791 |30-11 22:29:50
  1   1  97   0   0   1|   0     0 |4026k  183k|   0     0 | 148   773 |30-11 22:29:51
  1   2  96   0   0   1|   0     0 |4257k  183k|   0     0 | 139   765 |30-11 22:29:52
  1   2  96   0   0   1|   0     0 |4288k  186k|   0     0 | 120   805 |30-11 22:29:53
  1   2  95   0   0   2|   0     0 |4359k  182k|   0     0 | 125   761 |30-11 22:29:54
  2   3  95   0   0   1|   0     0 |4452k  184k|   0     0 | 123   751 |30-11 22:29:55
  2   2  94   2   0   1|   0    40k|4638k  191k|   0     0 | 110   747 |30-11 22:29:56
  1   3  95   0   0   1|   0     0 |4116k  179k|   0     0 |  98   712 |30-11 22:29:57
  1   3  94   0   0   2|   0     0 |4377k  180k|   0     0 | 114   722 |30-11 22:29:58
  1   2  95   0   0   2|   0     0 |4638k  192k|   0     0 | 120   762 |30-11 22:29:59
  2   2  94   0   0   1|   0     0 |4739k  189k|   0     0 | 121   732 |30-11 22:30:00
  2   2  96   0   0   2|   0     0 |4565k  185k|   0     0 | 133   740 |30-11 22:30:01
  1   3  96   0   0   1|   0     0 |4156k  176k|   0     0 | 131   739 |30-11 22:30:02
  2   1  97   0   0   1|   0     0 |3894k  168k|   0     0 | 110   681 |30-11 22:30:03
  1   1  97   0   0   2|   0     0 |4286k  183k|   0     0 | 135   804 |30-11 22:30:04
  1   3  95   0   0   1|   0     0 |4502k  183k|   0     0 | 113   752 |30-11 22:30:05
  1   1  97   0   0   1|   0     0 |4705k  196k|   0     0 | 121   731 |30-11 22:30:06
  1   3  94   0   0   1|   0     0 |4390k  185k|   0     0 | 150   743 |30-11 22:30:07
  1   1  97   0   0   1|   0  8192B|1558k   69k|   0     0 |  94   524 |30-11 22:30:08
  0   0 100   0   0   0|   0     0 |4328B  132B|   0     0 |  22    60 |30-11 22:30:09
  1   1  99   0   0   0|   0  8192B|6894B   13k|   0     0 |  56   251 |30-11 22:30:10
  1   0 100   0   0   0|   0     0 |5844B 3494B|   0     0 |  25    71 |30-11 22:30:11
  0   0 100   0   0   0|   0     0 |   0     0 |   0     0 |  18    24 |30-11 22:30:12
  0   0 100   0   0   0|   0  4096B|   0     0 |   0     0 |  19    32 |30-11 22:30:13
  1   0 100   0   0   0|   0     0 |5028B 1072B|   0     0 |  24    68 |30-11 22:30:14
  1   0  99   0   0   0|   0     0 | 394B 1710B|   0     0 |  34    87 |30-11 22:30:15
  8   4  88   0   0   1|   0     0 |8067B   11k|   0     0 | 206   570 |30-11 22:30:16
  1   3  94   0   0   3|   0     0 |5953k  260k|   0     0 | 126   753 |30-11 22:30:17
  2   2  95   0   0   1|   0     0 |4606k  200k|   0     0 | 131   717 |30-11 22:30:18
  1   3  95   0   0   1|   0  4096B|4133k  182k|   0     0 | 115   755 |30-11 22:30:19
  2   2  95   0   0   2|   0     0 |4536k  190k|   0     0 | 115   760 |30-11 22:30:20
  2   2  95   0   0   1|   0     0 |4730k  202k|   0     0 | 137   800 |30-11 22:30:21
  2   2  95   0   0   2|   0     0 |4729k  191k|   0     0 | 120   731 |30-11 22:30:22
  1   2  94   0   0   2|   0     0 |4316k  182k|   0     0 | 124   753 |30-11 22:30:23
  1   3  95   0   0   1|   0     0 |4588k  199k|   0     0 | 160   786 |30-11 22:30:24
  1   2  96   0   0   2|   0     0 |4956k  206k|   0     0 | 119   734 |30-11 22:30:25
  1   2  96   0   0   1|   0     0 |5153k  208k|   0     0 | 118   704 |30-11 22:30:26
  1   2  94   2   0   2|   0    36k|4303k  187k|   0     0 | 136   791 |30-11 22:30:27
  1   2  97   0   0   1|   0     0 |4864k  205k|   0     0 | 118   729 |30-11 22:30:28
  1   2  95   0   0   2|   0    28k|4613k  188k|   0     0 | 112   736 |30-11 22:30:29
  2   2  95   0   0   1|   0     0 |4166k  172k|   0     0 | 146   711 |30-11 22:30:30
  1   2  96   0   0   2|   0     0 |4686k  192k|   0     0 | 113   723 |30-11 22:30:31
  2   3  95   0   0   1|   0     0 |4889k  197k|   0     0 | 116   733 |30-11 22:30:32
  1   2  94   0   0   2|   0     0 |4270k  189k|   0     0 | 136   833 |30-11 22:30:33
  0   1  98   0   0   1|   0     0 |4616k  197k|   0     0 | 142   771 |30-11 22:30:34
  1   2  96   0   0   1|   0     0 |4456k  194k|   0     0 | 146   802 |30-11 22:30:35
  2   2  95   0   0   2|   0     0 |4732k  199k|   0     0 | 162   810 |30-11 22:30:36
  0   0 100   0   0   0|   0     0 | 337k   14k|   0     0 |  30   144 |30-11 22:30:37
  0   1  99   0   0   0|   0  4096B|6894B   13k|   0     0 |  42   199 |30-11 22:30:38
  0   0 100   0   0   0|   0  8192B|5422B 2782B|   0     0 |  29    76 |30-11 22:30:39
  1   1  99   0   0   0|   0     0 |   0     0 |   0     0 |  32    73 |30-11 22:30:40
  0   0 100   0   0   0|   0     0 |   0     0 |   0     0 |  22    37 |30-11 22:30:41
  1   0 100   0   0   0|   0     0 |5422B 2782B|   0     0 |  24    58 |30-11 22:30:42
  8   6  86   0   0   1|   0     0 |1463k   91k|   0     0 | 224   801 |30-11 22:30:43
  0   2  96   0   0   2|   0     0 |4355k  183k|   0     0 | 165   713 |30-11 22:30:44
  1   2  96   0   0   2|   0     0 |4080k  191k|   0     0 | 176   789 |30-11 22:30:45
  1   3  95   0   0   1|   0     0 |4454k  191k|   0     0 | 173   758 |30-11 22:30:46
  3   2  94   0   0   1|   0     0 |4244k  202k|   0     0 | 183   792 |30-11 22:30:47
  2   3  94   0   0   2|   0     0 |4940k  221k|   0     0 | 173   781 |30-11 22:30:48
  1   2  96   0   0   1|   0  8192B|4655k  205k|   0     0 | 147   791 |30-11 22:30:49
  1   3  93   0   0   2|   0     0 |4266k  194k|   0     0 | 162   848 |30-11 22:30:50
  3   2  94   0   0   1|   0     0 |3967k  190k|   0     0 | 191   773 |30-11 22:30:51
  1   2  97   0   0   1|   0     0 |3903k  181k|   0     0 | 186   782 |30-11 22:30:52
  1   2  95   0   0   2|   0     0 |4263k  204k|   0     0 | 205   810 |30-11 22:30:53
  2   3  93   0   0   2|   0     0 |4494k  202k|   0     0 | 200   825 |30-11 22:30:54
  1   3  95   0   0   1|   0     0 |4027k  188k|   0     0 | 211   793 |30-11 22:30:55
  2   3  94   0   0   1|   0     0 |4319k  202k|   0     0 | 194   786 |30-11 22:30:56
  1   3  92   3   0   2|   0    52k|4122k  199k|   0     0 | 210   791 |30-11 22:30:57
  1   2  95   0   0   2|   0     0 |3849k  174k|   0     0 | 165   737 |30-11 22:30:58
  2   3  95   0   0   1|   0     0 |4420k  205k|   0     0 | 175   692 |30-11 22:30:59
  2   2  95   0   0   2|   0     0 |4070k  176k|   0     0 | 187   767 |30-11 22:31:00
  1   2  96   0   0   1|   0     0 |4205k  195k|   0     0 | 189   784 |30-11 22:31:01
  2   2  96   0   0   1|   0     0 |4902k  213k|   0     0 | 192   789 |30-11 22:31:02
  2   1  96   0   0   2|   0     0 |3594k  165k|   0     0 | 156   735 |30-11 22:31:03
  0   0 100   0   0   0|   0     0 |  57k 2124B|   0     0 |  39   144 |30-11 22:31:04
  1   2  98   0   0   0|   0  8192B|8285B   16k|   0     0 |  73   249 |30-11 22:31:05
  0   0 100   0   0   0|   0     0 |   0     0 |   0     0 |  23    46 |30-11 22:31:06
  1   0 100   0   0   0|   0     0 |5422B 2782B|   0     0 |  22    56 |30-11 22:31:07
  0   0 100   0   0   0|   0     0 |   0     0 |   0     0 |  19    24 |30-11 22:31:08
  0   0 100   0   0   0|   0     0 |   0     0 |   0     0 |  20    39 |30-11 22:31:09
  1   1  98   0   0   0|   0  8192B|7317B 4633B|   0     0 |  49   158 |30-11 22:31:10
  7   6  87   0   0   1|   0     0 |1916k  110k|   0     0 | 241   775 |30-11 22:31:11
  1   1  97   0   0   1|   0     0 |4578k  191k|   0     0 | 168   714 |30-11 22:31:12
  1   2  96   0   0   1|   0     0 |4220k  185k|   0     0 | 174   723 |30-11 22:31:13
  1   3  96   0   0   0|   0     0 |3663k  161k|   0     0 | 172   723 |30-11 22:31:14
  2   3  94   0   0   2|   0  4096B|4583k  191k|   0     0 | 201   777 |30-11 22:31:15
  1   1  96   0   0   2|   0     0 |3463k  161k|   0     0 | 164   769 |30-11 22:31:16
  1   1  98   0   0   1|   0     0 |3836k  173k|   0     0 | 141   752 |30-11 22:31:17
  1   2  96   0   0   2|   0     0 |4450k  190k|   0     0 | 135   716 |30-11 22:31:18
  2   2  95   0   0   1|   0     0 |4686k  198k|   0     0 | 183   749 |30-11 22:31:19
  1   2  96   0   0   1|   0     0 |4093k  175k|   0     0 | 157   742 |30-11 22:31:20
  2   3  95   0   0   2|   0     0 |4913k  206k|   0     0 | 190   777 |30-11 22:31:21
  1   3  96   0   0   1|   0     0 |4812k  203k|   0     0 | 152   752 |30-11 22:31:22
  1   2  96   0   0   1|   0     0 |4583k  199k|   0     0 | 168   778 |30-11 22:31:23
  1   2  96   0   0   2|   0     0 |5133k  215k|   0     0 | 194   780 |30-11 22:31:24
  2   3  93   0   0   1|   0     0 |5043k  204k|   0     0 | 173   704 |30-11 22:31:25
  2   1  96   0   0   1|   0     0 |4227k  176k|   0     0 | 186   689 |30-11 22:31:26
  2   2  95   0   0   2|   0     0 |4185k  173k|   0     0 | 182   774 |30-11 22:31:27
  2   2  80  16   0   1|   0    40k|3119k  138k|   0     0 | 188   740 |30-11 22:31:28
  1   2  96   0   0   1|   0     0 |4644k  197k|   0     0 | 187   793 |30-11 22:31:29
  1   1  97   0   0   1|   0    40k|3579k  155k|   0     0 | 193   745 |30-11 22:31:30
  1   2  97   0   0   1|   0     0 |2490k  107k|   0     0 | 152   620 |30-11 22:31:31
  1   1  99   0   0   0|   0  4096B|  17k   18k|   0     0 |  64   259 |30-11 22:31:32
  0   0 100   0   0   0|   0     0 |   0     0 |   0     0 |  23    36 |30-11 22:31:33
  0   0 100   0   0   0|   0     0 |   0     0 |   0     0 |  23    40 |30-11 22:31:34
  1   1  99   0   0   0|   0  4096B|5422B 2782B|   0     0 |  36   107 |30-11 22:31:35
  0   0 100   0   0   0|   0     0 |   0     0 |   0     0 |  18    25 |30-11 22:31:36
  2   2  96   0   0   0|   0     0 |3621B 2695B|   0     0 | 136   328 |30-11 22:31:37
  8   3  88   0   0   2|   0     0 |2737k  155k|   0     0 | 165   700 |30-11 22:31:38
  1   2  97   0   0   1|   0     0 |3798k  175k|   0     0 | 155   675 |30-11 22:31:39
  1   2  96   0   0   1|   0     0 |3926k  176k|   0     0 | 187   736 |30-11 22:31:40
  1   3  95   0   0   1|   0     0 |4159k  207k|   0     0 | 187   837 |30-11 22:31:41
  1   2  96   0   0   2|   0     0 |4412k  209k|   0     0 | 179   777 |30-11 22:31:42
  1   2  96   0   0   2|   0     0 |4097k  194k|   0     0 | 206   815 |30-11 22:31:43
  2   1  95   0   0   2|   0     0 |3828k  178k|   0     0 | 205   804 |30-11 22:31:44
  1   2  96   0   0   1|   0     0 |3997k  190k|   0     0 | 199   791 |30-11 22:31:45
  2   2  95   0   0   1|   0  8192B|4276k  201k|   0     0 | 174   802 |30-11 22:31:46
  1   3  94   0   0   2|   0     0 |3854k  184k|   0     0 | 204   870 |30-11 22:31:47
  1   1  97   0   0   2|   0     0 |4077k  194k|   0     0 | 187   789 |30-11 22:31:48
  1   2  96   0   0   1|   0     0 |4193k  191k|   0     0 | 190   801 |30-11 22:31:49
  2   2  95   0   0   1|   0     0 |3466k  168k|   0     0 | 203   825 |30-11 22:31:50
  1   3  96   0   0   1|   0     0 |4109k  191k|   0     0 | 187   803 |30-11 22:31:51
  2   2  95   0   0   2|   0     0 |4248k  199k|   0     0 | 207   832 |30-11 22:31:52
  2   2  95   0   0   2|   0     0 |4179k  201k|   0     0 | 203   834 |30-11 22:31:53
  1   1  96   0   0   2|   0     0 |4317k  204k|   0     0 | 187   797 |30-11 22:31:54
  1   2  95   0   0   2|   0     0 |4273k  191k|   0     0 | 168   798 |30-11 22:31:55
  1   3  94   0   0   2|   0     0 |4279k  193k|   0     0 | 176   823 |30-11 22:31:56
  1   1  96   0   0   2|   0     0 |3908k  181k|   0     0 | 190   820 |30-11 22:31:57
  1   0  99   0   0   1|   0     0 |1806k   78k|   0     0 |  94   507 |30-11 22:31:58
  1   1  96   2   0   1|   0    48k|  13k   19k|   0     0 |  54   261 |30-11 22:31:59
  0   1 100   0   0   0|   0     0 |   0     0 |   0     0 |  30    67 |30-11 22:32:00
  0   0 100   0   0   0|   0     0 | 102B  192B|   0     0 |  21    38 |30-11 22:32:01
  1   0 100   0   0   0|   0     0 |5422B 2782B|   0     0 |  21    64 |30-11 22:32:02
  0   0 100   0   0   0|   0     0 |   0     0 |   0     0 |  22    32 |30-11 22:32:03
  8   3  90   0   0   0|   0     0 |3687B 3877B|   0     0 | 193   556 |30-11 22:32:04
  2   2  94   0   0   3|   0     0 |2748k  201k|   0     0 |  98   666 |30-11 22:32:05
  2   2  95   0   0   2|   0     0 |4036k  215k|   0     0 | 128   806 |30-11 22:32:06
  2   2  95   0   0   1|   0     0 |4046k  232k|   0     0 | 154   846 |30-11 22:32:07
  1   2  95   0   0   3|   0     0 |4054k  228k|   0     0 | 152   901 |30-11 22:32:08
  1   2  96   0   0   2|   0     0 |4389k  235k|   0     0 | 128   811 |30-11 22:32:09
  3   2  94   0   0   1|   0     0 |4830k  272k|   0     0 | 148   884 |30-11 22:32:10
  1   2  97   0   0   1|   0  8192B|4640k  251k|   0     0 | 131   850 |30-11 22:32:11
  1   1  96   0   0   2|   0     0 |4330k  233k|   0     0 | 137   814 |30-11 22:32:12
  1   2  95   0   0   2|   0     0 |4023k  219k|   0     0 | 147   806 |30-11 22:32:13
  3   2  94   0   0   2|   0     0 |4041k  226k|   0     0 | 145   863 |30-11 22:32:14
  1   2  96   0   0   2|   0     0 |4140k  235k|   0     0 | 204   865 |30-11 22:32:15
  2   2  95   0   0   2|   0     0 |4013k  229k|   0     0 | 233   891 |30-11 22:32:16
  1   2  96   0   0   2|   0     0 |4093k  236k|   0     0 | 200   837 |30-11 22:32:17
  1   1  96   0   0   2|   0     0 |3459k  198k|   0     0 | 214   887 |30-11 22:32:18
  1   3  96   0   0   0|   0     0 |3851k  222k|   0     0 | 205   826 |30-11 22:32:19
  1   1  96   0   0   2|   0     0 |4000k  224k|   0     0 | 222   874 |30-11 22:32:20
  1   4  95   0   0   1|   0  4096B|4234k  221k|   0     0 | 201   838 |30-11 22:32:21
  2   1  95   0   0   3|   0     0 |4248k  228k|   0     0 | 199   801 |30-11 22:32:22
  1   2  96   0   0   2|   0     0 |4028k  233k|   0     0 | 204   828 |30-11 22:32:23
  2   2  94   0   0   2|   0     0 |4600k  243k|   0     0 | 164   853 |30-11 22:32:24
  0   1  99   0   0   1|   0     0 | 777k   44k|   0     0 | 104   496 |30-11 22:32:25
  0   0 100   0   0   0|   0     0 |  16k 1056B|   0     0 |  31    92 |30-11 22:32:26
  0   0 100   0   0   0|   0     0 |  13k 3292B|   0     0 |  31    96 |30-11 22:32:27
  0   1  99   0   0   1|   0  8192B|  13k   26k|   0     0 |  46   193 |30-11 22:32:28
  0   0 100   0   0   0|   0     0 |   0     0 |   0     0 |  24    52 |30-11 22:32:29
  0   1  96   3   0   0|   0    40k|5422B 2782B|   0     0 |  38   123 |30-11 22:32:30
  0   0 100   0   0   0|   0     0 |   0     0 |   0     0 |  23    36 |30-11 22:32:31
  0   0 100   0   0   0|   0    40k|   0     0 |   0     0 |  23    44 |30-11 22:32:32
  9   6  85   0   0   1|   0     0 | 747k   85k|   0     0 | 232   723 |30-11 22:32:33
  1   1  96   0   0   2|   0     0 |4797k  207k|   0     0 | 120   639 |30-11 22:32:34
  1   1  98   0   0   1|   0     0 |4193k  183k|   0     0 | 180   742 |30-11 22:32:35
  3   2  92   0   0   2|   0     0 |4013k  199k|   0     0 | 196   793 |30-11 22:32:36
  2   2  96   0   0   1|   0     0 |4094k  193k|   0     0 | 162   730 |30-11 22:32:37
  1   2  95   0   0   2|   0     0 |3908k  195k|   0     0 | 198   793 |30-11 22:32:38
  1   2  95   0   0   3|   0     0 |4500k  216k|   0     0 | 175   779 |30-11 22:32:39
  1   2  95   0   0   2|   0     0 |4291k  206k|   0     0 | 226   822 |30-11 22:32:40
  2   2  96   0   0   1|   0     0 |4142k  203k|   0     0 | 181   749 |30-11 22:32:41
  2   2  95   0   0   2|   0     0 |4098k  204k|   0     0 | 190   814 |30-11 22:32:42
  1   1  96   0   0   3|   0     0 |3952k  189k|   0     0 | 184   761 |30-11 22:32:43
  2   2  96   0   0   1|   0     0 |3829k  186k|   0     0 | 201   873 |30-11 22:32:44
  2   2  94   0   0   2|   0     0 |4228k  201k|   0     0 | 229   884 |30-11 22:32:45
  1   1  96   0   0   2|   0     0 |4495k  212k|   0     0 | 253   895 |30-11 22:32:46
  1   2  95   0   0   3|   0     0 |4528k  219k|   0     0 | 191   795 |30-11 22:32:47
  2   2  95   0   0   2|   0     0 |4231k  196k|   0     0 | 147   799 |30-11 22:32:48
  1   2  96   0   0   1|   0     0 |3925k  191k|   0     0 | 139   793 |30-11 22:32:49
  2   2  95   0   0   2|   0     0 |4588k  223k|   0     0 | 195   778 |30-11 22:32:50
  2   2  95   0   0   1|   0     0 |3943k  193k|   0     0 | 194   822 |30-11 22:32:51
  1   2  96   0   0   1|   0  8192B|4491k  210k|   0     0 | 167   749 |30-11 22:32:52
  1   2  95   0   0   2|   0     0 |4165k  201k|   0     0 | 182   785 |30-11 22:32:53
  1   0  99   0   0   0|   0     0 | 152k 9958B|   0     0 |  55   255 |30-11 22:32:54
  0   1 100   0   0   0|   0     0 |7260B  210B|   0     0 |  38    89 |30-11 22:32:55
  1   1  99   0   0   0|   0  8192B|  19k   26k|   0     0 |  51   224 |30-11 22:32:56
  1   0  99   0   0   0|   0     0 |5422B 2782B|   0     0 |  31    93 |30-11 22:32:57
  0   0 100   0   0   0|   0     0 |   0     0 |   0     0 |  22    32 |30-11 22:32:58
  0   0 100   0   0   0|   0     0 |   0     0 |   0     0 |  19    35 |30-11 22:32:59
  1   1  99   0   0   0|   0     0 |5598B 2892B|   0     0 |  40   105 |30-11 22:33:00
  0   1  84  15   0   0|   0    68k| 572B 3922B|   0     0 |  81   179 |30-11 22:33:01
  9   4  86   0   0   1|   0  4096B| 997k   98k|   0     0 | 224   741 |30-11 22:33:02
  1   2  95   0   0   2|   0     0 |4298k  223k|   0     0 | 161   713 |30-11 22:33:03
  1   1  97   0   0   2|   0     0 |4373k  218k|   0     0 | 158   754 |30-11 22:33:04
  1   1  97   0   0   2|   0     0 |4098k  207k|   0     0 | 184   819 |30-11 22:33:05
  2   2  94   0   0   2|   0     0 |4115k  207k|   0     0 | 195   815 |30-11 22:33:06
  2   2  95   0   0   1|   0  4096B|4405k  217k|   0     0 | 172   806 |30-11 22:33:07
  1   2  95   0   0   2|   0     0 |4781k  228k|   0     0 | 205   788 |30-11 22:33:08
  1   2  97   0   0   0|   0     0 |4188k  216k|   0     0 | 179   828 |30-11 22:33:09
  2   2  95   0   0   2|   0     0 |3654k  185k|   0     0 | 183   810 |30-11 22:33:10
  2   1  96   0   0   2|   0     0 |4010k  198k|   0     0 | 183   758 |30-11 22:33:11
  1   1  97   0   0   1|   0     0 |4089k  201k|   0     0 | 177   796 |30-11 22:33:12
  2   2  95   0   0   1|   0     0 |4329k  204k|   0     0 | 167   774 |30-11 22:33:13
  1   1  97   0   0   1|   0     0 |4280k  203k|   0     0 | 189   806 |30-11 22:33:14
  3   2  95   0   0   1|   0     0 |4034k  200k|   0     0 | 204   809 |30-11 22:33:15
  1   1  95   0   0   3|   0     0 |4183k  206k|   0     0 | 150   792 |30-11 22:33:16
  1   2  95   0   0   2|   0     0 |3691k  199k|   0     0 | 163   774 |30-11 22:33:17
  1   2  95   0   0   2|   0     0 |4098k  220k|   0     0 | 172   814 |30-11 22:33:18
  2   1  97   0   0   1|   0     0 |4032k  202k|   0     0 | 166   805 |30-11 22:33:19
  2   2  95   0   0   1|   0     0 |4077k  201k|   0     0 | 185   816 |30-11 22:33:20
  1   3  95   0   0   2|   0     0 |4338k  212k|   0     0 | 224   876 |30-11 22:33:21
  1   2  96   0   0   2|   0     0 |3252k  162k|   0     0 | 198   748 |30-11 22:33:22
  0   0 100   0   0   0|   0  8192B| 105k 4878B|   0     0 |  52   197 |30-11 22:33:23
  1   1  98   0   0   1|   0  8192B|  19k   30k|   0     0 |  77   278 |30-11 22:33:24
  0   0  99   0   0   0|   0     0 | 606B  314B|   0     0 |  55   118 |30-11 22:33:25
  0   1  99   0   0   0|   0     0 | 702B 1012B|   0     0 |  46   127 |30-11 22:33:26
  1   0  99   0   0   0|   0     0 |6262B 3300B|   0     0 |  56   134 |30-11 22:33:27
  0   0 100   0   0   0|   0     0 |   0     0 |   0     0 |  20    32 |30-11 22:33:28
  1   1  99   0   0   0|   0     0 |2211B 1953B|   0     0 |  50   111 |30-11 22:33:29
