[7l----total-cpu-usage---- -dsk/total- -net/total- ---paging-- ---system-- ----system----
usr sys idl wai hiq siq| read  writ| recv  send|  in   out | int   csw |     time     
  9   5  78   7   0   2| 265k 1515k|   0     0 |   0     0 | 445  1731 |30-11 22:20:00
  1   4  92   0   0   2|   0     0 |4453k  157k|   0     0 | 585  2603 |30-11 22:20:01
  3   3  92   0   0   2|   0     0 |4412k  159k|   0     0 | 575  2596 |30-11 22:20:02
  1   3  95   0   0   2|   0     0 |4517k  160k|   0     0 | 587  2648 |30-11 22:20:03
  2   3  94   0   0   2|   0     0 |4409k  158k|   0     0 | 590  2629 |30-11 22:20:04
  2   4  93   0   0   2|   0     0 |4482k  160k|   0     0 | 605  2656 |30-11 22:20:05
  2   2  95   0   0   2|   0     0 |4422k  158k|   0     0 | 632  2573 |30-11 22:20:06
  2   3  93   0   0   2|   0     0 |4361k  156k|   0     0 | 633  2598 |30-11 22:20:07
  1   2  95   0   0   2|   0     0 |4282k  152k|   0     0 | 620  2496 |30-11 22:20:08
  1   4  92   0   0   2|   0     0 |4594k  165k|   0     0 | 648  2695 |30-11 22:20:09
  3   2  93   0   0   3|   0     0 |4391k  156k|   0     0 | 619  2580 |30-11 22:20:10
  1   3  95   0   0   2|   0     0 |4407k  156k|   0     0 | 625  2621 |30-11 22:20:11
  4   2  93   0   0   2|   0     0 |4492k  161k|   0     0 | 662  2628 |30-11 22:20:12
  1   3  95   0   0   1|   0     0 |4372k  154k|   0     0 | 618  2540 |30-11 22:20:13
  1   2  95   0   0   2|   0     0 |4474k  158k|   0     0 | 640  2584 |30-11 22:20:14
  2   3  93   0   0   2|   0     0 |4450k  160k|   0     0 | 641  2620 |30-11 22:20:15
  2   2  95   0   0   2|   0  4096B|4546k  161k|   0     0 | 649  2640 |30-11 22:20:16
  1   3  95   0   0   2|   0     0 |4649k  165k|   0     0 | 676  2723 |30-11 22:20:17
  1   2  96   0   0   1|   0     0 |4470k  161k|   0     0 | 655  2633 |30-11 22:20:18
  1   3  95   0   0   1|   0     0 |4617k  162k|   0     0 | 627  2661 |30-11 22:20:19
  2   2  96   0   0   1|   0     0 |3625k  128k|   0     0 | 511  2128 |30-11 22:20:20
  1   1  99   0   0   0|   0  4096B|5914B 3422B|   0     0 |  54   238 |30-11 22:20:21
  1   0 100   0   0   0|   0     0 |   0     0 |   0     0 |  37    75 |30-11 22:20:22
  0   0 100   0   0   0|   0     0 |   0     0 |   0     0 |  19    27 |30-11 22:20:23
  1   0  99   0   0   0|   0     0 |5422B 2784B|   0     0 |  22    62 |30-11 22:20:24
  0   0 100   0   0   0|   0     0 |   0     0 |   0     0 |  19    31 |30-11 22:20:25
  1   1  90   9   0   0|   0    48k|2043B 1851B|   0     0 |  37   110 |30-11 22:20:26
  9   4  85   0   0   2|   0    64k|2880k  107k|   0     0 | 590  2182 |30-11 22:20:27
  1   1  96   0   0   2|   0     0 |4495k  159k|   0     0 | 633  2625 |30-11 22:20:28
  1   2  96   0   0   1|   0     0 |4563k  161k|   0     0 | 659  2653 |30-11 22:20:29
  1   2  96   0   0   1|   0     0 |4531k  164k|   0     0 | 646  2664 |30-11 22:20:30
  1   1  97   0   0   2|   0     0 |4490k  160k|   0     0 | 647  2631 |30-11 22:20:31
  2   5  93   0   0   2|   0    12k|4411k  156k|   0     0 | 640  2587 |30-11 22:20:32
  2   1  96   0   0   2|   0     0 |4413k  160k|   0     0 | 632  2616 |30-11 22:20:33
  2   2  95   0   0   2|   0     0 |4432k  156k|   0     0 | 636  2581 |30-11 22:20:34
  1   3  95   0   0   1|   0     0 |4513k  161k|   0     0 | 655  2620 |30-11 22:20:35
  3   1  94   0   0   3|   0     0 |4434k  160k|   0     0 | 648  2580 |30-11 22:20:36
  1   2  95   0   0   3|   0     0 |4352k  154k|   0     0 | 630  2584 |30-11 22:20:37
  2   2  95   0   0   2|   0     0 |4442k  157k|   0     0 | 649  2560 |30-11 22:20:38
  1   2  95   0   0   2|   0     0 |4504k  161k|   0     0 | 650  2587 |30-11 22:20:39
  1   2  96   0   0   1|   0     0 |4444k  157k|   0     0 | 655  2537 |30-11 22:20:40
  1   2  95   0   0   2|   0     0 |4432k  156k|   0     0 | 667  2577 |30-11 22:20:41
  3   3  92   0   0   3|   0     0 |4360k  157k|   0     0 | 647  2701 |30-11 22:20:42
  1   3  94   0   0   3|   0     0 |4479k  159k|   0     0 | 658  2600 |30-11 22:20:43
  1   2  95   0   0   2|   0     0 |4479k  159k|   0     0 | 648  2599 |30-11 22:20:44
  3   5  90   0   0   2|   0     0 |4486k  167k|   0     0 | 655  2654 |30-11 22:20:45
  1   4  93   0   0   1|   0     0 |4486k  158k|   0     0 | 642  2557 |30-11 22:20:46
  1   2  97   0   0   1|   0  4096B|2106k   75k|   0     0 | 355  1424 |30-11 22:20:47
  0   0 100   0   0   0|   0     0 |5422B 2784B|   0     0 |  24    71 |30-11 22:20:48
  0   0 100   0   0   0|   0     0 |   0     0 |   0     0 |  24    57 |30-11 22:20:49
  0   0 100   0   0   0|   0     0 |   0     0 |   0     0 |  23    35 |30-11 22:20:50
  0   0 100   0   0   0|   0     0 |5422B 2784B|   0     0 |  25    65 |30-11 22:20:51
  6   3  91   0   0   0|   0     0 |3621B 2761B|   0     0 | 160   399 |30-11 22:20:52
  2   4  92   0   0   2|   0     0 |3921k  141k|   0     0 | 476  2456 |30-11 22:20:53
  2   5  92   0   0   2|   0     0 |4382k  157k|   0     0 | 802  2530 |30-11 22:20:54
  1   3  95   0   0   1|   0     0 |4327k  153k|   0     0 | 804  2516 |30-11 22:20:55
  3   2  93   0   0   3|   0     0 |4311k  154k|   0     0 | 817  2531 |30-11 22:20:56
  2   2  93   2   0   2|   0    68k|4566k  165k|   0     0 | 405  2739 |30-11 22:20:57
  2   2  95   0   0   1|   0     0 |4331k  153k|   0     0 | 385  2515 |30-11 22:20:58
  2   2  93   0   0   3|   0     0 |4281k  153k|   0     0 |1054  2521 |30-11 22:20:59
  2   2  95   0   0   2|   0     0 |4583k  165k|   0     0 | 453  2675 |30-11 22:21:00
  2   2  95   0   0   2|   0     0 |4404k  157k|   0     0 |1095  2630 |30-11 22:21:01
  2   3  94   0   0   2|   0     0 |4418k  157k|   0     0 | 665  2621 |30-11 22:21:02
  3   2  95   0   0   1|   0     0 |4565k  165k|   0     0 | 540  2671 |30-11 22:21:03
  1   1  97   0   0   1|   0     0 |4491k  158k|   0     0 | 265  2619 |30-11 22:21:04
  0   2  97   0   0   1|   0     0 |4461k  157k|   0     0 |  33  2575 |30-11 22:21:05
  3   3  91   0   0   3|   0     0 |4376k  157k|   0     0 | 809  2537 |30-11 22:21:06
  2   3  95   0   0   1|   0  8192B|4490k  159k|   0     0 | 399  2628 |30-11 22:21:07
  2   2  95   0   0   1|   0     0 |4521k  160k|   0     0 |  65  2631 |30-11 22:21:08
  2   3  93   0   0   2|   0     0 |4378k  158k|   0     0 | 784  2581 |30-11 22:21:09
  2   3  94   0   0   1|   0     0 |4475k  159k|   0     0 | 161  2637 |30-11 22:21:10
  3   4  93   0   0   1|   0     0 |4529k  160k|   0     0 | 498  2641 |30-11 22:21:11
  3   2  93   0   0   3|   0     0 |4375k  154k|   0     0 |1186  2550 |30-11 22:21:12
  1   1  98   0   0   0|   0     0 | 760k   29k|   0     0 |  68   499 |30-11 22:21:13
  0   0 100   0   0   0|   0  4096B| 492B  638B|   0     0 |  61   210 |30-11 22:21:14
  0   0 100   0   0   0|   0     0 |   0     0 |   0     0 |  23    28 |30-11 22:21:15
  1   0 100   0   0   0|   0     0 |5422B 2784B|   0     0 |  23    58 |30-11 22:21:16
  0   1 100   0   0   0|   0     0 |   0     0 |   0     0 |  31    69 |30-11 22:21:17
  9   4  87   0   0   0|   0     0 |1377k   57k|   0     0 | 231   723 |30-11 22:21:18
  2   2  96   0   0   1|   0     0 |4166k  154k|   0     0 | 198   796 |30-11 22:21:19
  1   2  97   0   0   1|   0     0 |4179k  149k|   0     0 | 163   731 |30-11 22:21:20
  1   2  97   0   0   1|   0     0 |4135k  145k|   0     0 | 200   767 |30-11 22:21:21
  2   2  95   0   0   1|   0     0 |4406k  156k|   0     0 | 200   764 |30-11 22:21:22
  1   3  95   0   0   2|   0  4096B|5285k  188k|   0     0 | 234   901 |30-11 22:21:23
  1   2  96   0   0   2|   0     0 |4323k  154k|   0     0 | 174   721 |30-11 22:21:24
  1   4  95   0   0   1|   0     0 |4137k  151k|   0     0 | 174   750 |30-11 22:21:25
  2   2  96   0   0   2|   0     0 |4221k  148k|   0     0 | 215   787 |30-11 22:21:26
  2   2  95   1   0   1|   0    44k|4167k  146k|   0     0 | 197   747 |30-11 22:21:27
  1   2  97   0   0   1|   0    56k|4158k  149k|   0     0 | 194   860 |30-11 22:21:28
  1   2  96   0   0   1|   0     0 |4193k  148k|   0     0 | 175   818 |30-11 22:21:29
  1   1  97   0   0   1|   0     0 |4189k  149k|   0     0 | 178   781 |30-11 22:21:30
  1   3  95   0   0   2|   0     0 |4178k  151k|   0     0 | 204   755 |30-11 22:21:31
  1   2  95   0   0   2|   0     0 |4172k  148k|   0     0 | 227   799 |30-11 22:21:32
  1   2  97   0   0   1|   0     0 |4160k  147k|   0     0 | 202   759 |30-11 22:21:33
  2   3  96   0   0   0|   0     0 |4201k  150k|   0     0 | 186   712 |30-11 22:21:34
  1   2  96   0   0   2|   0     0 |4243k  148k|   0     0 | 147   738 |30-11 22:21:35
  1   1  97   0   0   1|   0     0 |4204k  149k|   0     0 | 163   759 |30-11 22:21:36
  1   2  96   0   0   1|   0     0 |4159k  150k|   0     0 | 178   808 |30-11 22:21:37
  1   2  97   0   0   1|   0  8192B|3820k  135k|   0     0 | 147   728 |30-11 22:21:38
  1   0 100   0   0   0|   0  4096B|1482B 2486B|   0     0 |  51   204 |30-11 22:21:39
  0   1  99   0   0   0|   0     0 |5422B 2784B|   0     0 |  29    79 |30-11 22:21:40
  0   0 100   0   0   0|   0     0 | 102B  192B|   0     0 |  22    46 |30-11 22:21:41
  1   0 100   0   0   0|   0     0 |   0     0 |   0     0 |  38   102 |30-11 22:21:42
  0   0 100   0   0   0|   0     0 |5422B 2784B|   0     0 |  31    74 |30-11 22:21:43
  8   5  87   0   0   0|   0     0 |1764k   72k|   0     0 | 256   865 |30-11 22:21:44
  2   3  95   0   0   1|   0     0 |4288k  161k|   0     0 | 241   899 |30-11 22:21:45
  2   2  96   0   0   1|   0     0 |4202k  151k|   0     0 | 176   758 |30-11 22:21:46
  2   3  95   0   0   1|   0     0 |4171k  146k|   0     0 | 219   843 |30-11 22:21:47
  1   2  96   0   0   1|   0  4096B|4233k  148k|   0     0 | 168   745 |30-11 22:21:48
  1   2  96   0   0   2|   0     0 |4175k  152k|   0     0 | 201   812 |30-11 22:21:49
  2   2  95   0   0   2|   0     0 |4141k  146k|   0     0 | 207   776 |30-11 22:21:50
  2   2  96   0   0   1|   0     0 |4227k  152k|   0     0 | 202   730 |30-11 22:21:51
  1   2  97   0   0   1|   0     0 |4369k  156k|   0     0 | 172   805 |30-11 22:21:52
  1   2  96   0   0   1|   0     0 |4232k  148k|   0     0 | 187   845 |30-11 22:21:53
  1   2  97   0   0   0|   0     0 |4199k  147k|   0     0 | 178   824 |30-11 22:21:54
  2   2  95   0   0   1|   0     0 |4123k  147k|   0     0 | 183   762 |30-11 22:21:55
  0   2  97   0   0   1|   0     0 |4112k  145k|   0     0 | 180   736 |30-11 22:21:56
  1   3  95   0   0   0|   0     0 |4157k  149k|   0     0 | 192   754 |30-11 22:21:57
  2   2  95   1   0   1|   0    52k|4083k  148k|   0     0 | 200   727 |30-11 22:21:58
  2   1  96   0   0   1|   0     0 |4216k  148k|   0     0 | 190   767 |30-11 22:21:59
  1   2  97   0   0   1|   0     0 |4189k  146k|   0     0 | 161   709 |30-11 22:22:00
  2   2  96   0   0   1|   0     0 |4180k  149k|   0     0 | 190   766 |30-11 22:22:01
  1   3  96   0   0   1|   0     0 |4082k  146k|   0     0 | 159   713 |30-11 22:22:02
  1   2  96   0   0   1|   0     0 |4212k  149k|   0     0 | 205   762 |30-11 22:22:03
  1   1  97   0   0   1|   0     0 |2876k  103k|   0     0 | 137   537 |30-11 22:22:04
  1   0  99   0   0   0|   0  4096B|1482B 2486B|   0     0 |  54   221 |30-11 22:22:05
  0   0 100   0   0   0|   0     0 |   0     0 |   0     0 |  22    40 |30-11 22:22:06
  1   0  99   0   0   0|   0     0 |5422B 2784B|   0     0 |  42    98 |30-11 22:22:07
  0   0 100   0   0   0|   0     0 |   0     0 |   0     0 |  26    48 |30-11 22:22:08
  0   0 100   0   0   0|   0  4096B|   0     0 |   0     0 |  23    65 |30-11 22:22:09
  1   0  99   0   0   0|   0     0 |7575B 4877B|   0     0 |  46   129 |30-11 22:22:10
  8   5  85   0   0   2|   0     0 |3217k  120k|   0     0 | 296  1054 |30-11 22:22:11
  1   3  95   0   0   2|   0     0 |4843k  173k|   0     0 | 185   868 |30-11 22:22:12
  3   3  94   0   0   1|   0     0 |5540k  198k|   0     0 | 257   940 |30-11 22:22:13
  1   2  95   0   0   2|   0  4096B|4710k  165k|   0     0 | 227   812 |30-11 22:22:14
  1   2  96   0   0   1|   0     0 |5448k  195k|   0     0 | 190   909 |30-11 22:22:15
  2   2  95   0   0   1|   0     0 |4146k  149k|   0     0 | 154   718 |30-11 22:22:16
  0   2  97   0   0   1|   0     0 |4125k  149k|   0     0 | 172   739 |30-11 22:22:17
  2   3  95   0   0   2|   0     0 |4228k  147k|   0     0 | 212   783 |30-11 22:22:18
  1   3  96   0   0   1|   0     0 |4106k  146k|   0     0 | 190   743 |30-11 22:22:19
  2   2  96   0   0   1|   0     0 |4200k  150k|   0     0 | 186   744 |30-11 22:22:20
  1   2  97   0   0   0|   0     0 |4093k  144k|   0     0 | 172   738 |30-11 22:22:21
  1   3  95   0   0   0|   0     0 |4122k  146k|   0     0 | 151   724 |30-11 22:22:22
  1   2  96   0   0   1|   0     0 |4196k  152k|   0     0 | 166   796 |30-11 22:22:23
  1   2  96   0   0   1|   0     0 |4052k  144k|   0     0 | 189   747 |30-11 22:22:24
  1   1  97   0   0   1|   0     0 |4195k  148k|   0     0 | 179   747 |30-11 22:22:25
  1   3  95   0   0   1|   0     0 |4312k  152k|   0     0 | 198   848 |30-11 22:22:26
  1   2  97   0   0   0|   0     0 |4197k  149k|   0     0 | 181   719 |30-11 22:22:27
  1   1  97   0   0   1|   0     0 |4132k  145k|   0     0 | 176   769 |30-11 22:22:28
  2   2  95   1   0   1|   0    72k|4105k  148k|   0     0 | 197   821 |30-11 22:22:29
  2   3  96   0   0   1|   0     0 |4051k  146k|   0     0 | 205   821 |30-11 22:22:30
  0   1  98   0   0   1|   0     0 |1746k   60k|   0     0 | 101   348 |30-11 22:22:31
  2   1  98   0   0   0|   0  4096B|6838B 5270B|   0     0 |  46   210 |30-11 22:22:32
  1   0 100   0   0   0|   0     0 |   0     0 |   0     0 |  30    69 |30-11 22:22:33
  0   0 100   0   0   0|   0     0 |   0     0 |   0     0 |  19    29 |30-11 22:22:34
  0   0 100   0   0   0|   0     0 |5422B 2784B|   0     0 |  25    79 |30-11 22:22:35
  0   0 100   0   0   0|   0     0 |   0     0 |   0     0 |  21    29 |30-11 22:22:36
  1   3  97   0   0   0|   0     0 |3621B 2695B|   0     0 | 122   337 |30-11 22:22:37
  8   3  89   0   0   1|   0     0 |2640k  107k|   0     0 | 195   756 |30-11 22:22:38
  2   2  96   0   0   1|   0     0 |3958k  146k|   0     0 | 162   675 |30-11 22:22:39
  1   2  97   0   0   1|   0    12k|3613k  130k|   0     0 | 139   582 |30-11 22:22:40
  1   3  95   0   0   1|   0     0 |4177k  152k|   0     0 | 144   729 |30-11 22:22:41
  1   2  96   0   0   2|   0     0 |4137k  147k|   0     0 | 134   598 |30-11 22:22:42
  1   1  97   0   0   1|   0     0 |4060k  142k|   0     0 | 162   661 |30-11 22:22:43
  1   3  95   0   0   1|   0     0 |4285k  152k|   0     0 | 170   704 |30-11 22:22:44
  1   3  96   0   0   1|   0     0 |4378k  159k|   0     0 | 146   707 |30-11 22:22:45
  1   2  97   0   0   1|   0     0 |4253k  149k|   0     0 | 118   638 |30-11 22:22:46
  2   2  95   0   0   1|   0     0 |4366k  157k|   0     0 | 150   658 |30-11 22:22:47
  2   2  95   0   0   1|   0     0 |4306k  153k|   0     0 | 167   721 |30-11 22:22:48
  1   2  97   0   0   1|   0     0 |4073k  145k|   0     0 | 156   665 |30-11 22:22:49
  0   3  95   0   0   1|   0     0 |4390k  157k|   0     0 | 154   693 |30-11 22:22:50
  2   1  96   0   0   1|   0     0 |4390k  157k|   0     0 | 186   677 |30-11 22:22:51
  1   2  96   0   0   1|   0     0 |3963k  144k|   0     0 | 131   644 |30-11 22:22:52
  2   3  95   0   0   1|   0     0 |4428k  160k|   0     0 | 184   668 |30-11 22:22:53
  2   2  96   0   0   1|   0     0 |4336k  153k|   0     0 | 159   696 |30-11 22:22:54
  1   2  97   0   0   1|   0     0 |4139k  145k|   0     0 | 152   654 |30-11 22:22:55
  1   2  97   0   0   1|   0     0 |4294k  154k|   0     0 | 160   681 |30-11 22:22:56
  3   1  96   0   0   0|   0     0 |4253k  150k|   0     0 | 160   638 |30-11 22:22:57
  0   1  98   0   0   0|   0     0 |1501k   51k|   0     0 |  72   269 |30-11 22:22:58
  1   1  99   0   0   0|   0  4096B|7960B 7382B|   0     0 |  52   235 |30-11 22:22:59
  0   0  97   3   0   0|   0   116k|   0     0 |   0     0 |  21    48 |30-11 22:23:00
  0   0 100   0   0   0|   0     0 |   0     0 |   0     0 |  18    31 |30-11 22:23:01
  0   1 100   0   0   0|   0     0 |5422B 2784B|   0     0 |  22    61 |30-11 22:23:02
  0   1 100   0   0   0|   0     0 |   0     0 |   0     0 |  37    72 |30-11 22:23:03
  7   3  90   0   0   0|   0     0 |3621B 3767B|   0     0 | 202   528 |30-11 22:23:04
  2   2  95   0   0   2|   0     0 |4333k  169k|   0     0 | 148   682 |30-11 22:23:05
  1   2  97   0   0   1|   0     0 |3937k  144k|   0     0 | 155   692 |30-11 22:23:06
  1   2  97   0   0   0|   0     0 |4210k  151k|   0     0 | 144   640 |30-11 22:23:07
  1   2  96   0   0   1|   0     0 |4124k  148k|   0     0 | 154   706 |30-11 22:23:08
  1   2  96   0   0   1|   0     0 |4301k  153k|   0     0 | 153   697 |30-11 22:23:09
  1   2  96   0   0   1|   0     0 |4160k  145k|   0     0 | 151   663 |30-11 22:23:10
  2   2  97   0   0   0|   0     0 |4150k  149k|   0     0 | 156   638 |30-11 22:23:11
  1   2  97   0   0   1|   0     0 |4062k  143k|   0     0 | 128   628 |30-11 22:23:12
  1   2  97   0   0   1|   0     0 |4532k  159k|   0     0 | 160   704 |30-11 22:23:13
  1   2  97   0   0   1|   0     0 |4049k  147k|   0     0 | 127   664 |30-11 22:23:14
  1   2  96   0   0   1|   0     0 |4011k  143k|   0     0 | 181   688 |30-11 22:23:15
  1   2  97   0   0   0|   0     0 |4267k  151k|   0     0 | 156   642 |30-11 22:23:16
  1   2  96   0   0   1|   0     0 |4107k  151k|   0     0 | 147   723 |30-11 22:23:17
  2   2  95   0   0   1|   0     0 |4087k  147k|   0     0 | 187   682 |30-11 22:23:18
  2   1  96   0   0   1|   0     0 |4209k  153k|   0     0 | 165   663 |30-11 22:23:19
  2   2  95   0   0   2|   0     0 |4376k  157k|   0     0 | 177   722 |30-11 22:23:20
  1   3  96   0   0   1|   0     0 |4196k  148k|   0     0 | 182   739 |30-11 22:23:21
  1   2  97   0   0   1|   0     0 |3727k  130k|   0     0 | 155   651 |30-11 22:23:22
  1   3  95   0   0   1|   0     0 |4399k  157k|   0     0 | 166   680 |30-11 22:23:23
  1   2  96   0   0   1|   0     0 |3927k  139k|   0     0 | 110   694 |30-11 22:23:24
  0   0  99   0   0   0|   0     0 | 318k 9007B|   0     0 |  25    98 |30-11 22:23:25
  1   0  99   0   0   0|   0  4096B|7960B 7382B|   0     0 |  47   224 |30-11 22:23:26
  0   0 100   0   0   0|   0     0 |   0     0 |   0     0 |  20    31 |30-11 22:23:27
  0   0 100   0   0   0|   0     0 |   0     0 |   0     0 |  29    64 |30-11 22:23:28
  1   0  99   0   0   0|   0     0 |5422B 2784B|   0     0 |  25    74 |30-11 22:23:29
  0   0  99   2   0   0|   0    36k|   0     0 |   0     0 |  23    49 |30-11 22:23:30
  8   5  87   0   0   0|   0  8192B|1128k   52k|   0     0 | 212   705 |30-11 22:23:31
  2   2  95   0   0   1|   0     0 |4523k  167k|   0     0 | 109   703 |30-11 22:23:32
  2   2  97   0   0   0|   0     0 |4010k  145k|   0     0 | 124   642 |30-11 22:23:33
  1   2  96   0   0   1|   0     0 |4252k  152k|   0     0 | 102   642 |30-11 22:23:34
  1   2  97   0   0   0|   0     0 |4174k  149k|   0     0 | 106   630 |30-11 22:23:35
  1   2  97   0   0   1|   0    12k|4283k  152k|   0     0 | 101   652 |30-11 22:23:36
  1   2  96   0   0   1|   0     0 |4301k  150k|   0     0 | 112   707 |30-11 22:23:37
  1   2  97   0   0   1|   0     0 |3856k  136k|   0     0 | 112   694 |30-11 22:23:38
  2   2  96   0   0   1|   0     0 |4480k  160k|   0     0 | 100   697 |30-11 22:23:39
  1   2  97   0   0   1|   0     0 |4084k  144k|   0     0 | 109   740 |30-11 22:23:40
  1   2  97   0   0   1|   0     0 |4106k  146k|   0     0 | 113   715 |30-11 22:23:41
  2   1  96   0   0   1|   0     0 |4143k  150k|   0     0 | 101   727 |30-11 22:23:42
  1   2  97   0   0   1|   0     0 |4075k  142k|   0     0 | 111   705 |30-11 22:23:43
  1   3  96   0   0   1|   0     0 |4209k  153k|   0     0 | 149   750 |30-11 22:23:44
  2   2  95   0   0   1|   0     0 |4624k  175k|   0     0 | 151   757 |30-11 22:23:45
  1   2  96   0   0   1|   0     0 |4496k  161k|   0     0 |  91   650 |30-11 22:23:46
  0   2  97   0   0   1|   0     0 |4266k  150k|   0     0 | 117   626 |30-11 22:23:47
  2   2  96   0   0   0|   0     0 |4271k  152k|   0     0 | 135   702 |30-11 22:23:48
  1   1  97   0   0   1|   0     0 |4239k  148k|   0     0 | 111   693 |30-11 22:23:49
  2   1  96   0   0   1|   0     0 |4016k  142k|   0     0 |  89   620 |30-11 22:23:50
  2   3  95   0   0   1|   0     0 |4958k  176k|   0     0 | 103   630 |30-11 22:23:51
  1   1  99   0   0   0|   0  4096B|2538B 4598B|   0     0 |  39   199 |30-11 22:23:52
  0   1 100   0   0   0|   0     0 |   0     0 |   0     0 |  33    83 |30-11 22:23:53
  1   0 100   0   0   0|   0     0 |5422B 2784B|   0     0 |  22    55 |30-11 22:23:54
  0   0 100   0   0   0|   0     0 |   0     0 |   0     0 |  18    25 |30-11 22:23:55
  0   0 100   0   0   0|   0     0 |   0     0 |   0     0 |  18    25 |30-11 22:23:56
  1   1  99   0   0   0|   0     0 |7137B 4073B|   0     0 |  33   110 |30-11 22:23:57
  9   5  85   0   0   1|   0     0 |2414k   99k|   0     0 | 215   835 |30-11 22:23:58
  2   1  97   0   0   0|   0     0 |4497k  169k|   0     0 | 115   693 |30-11 22:23:59
  2   3  95   0   0   1|   0     0 |4474k  171k|   0     0 |  95   643 |30-11 22:24:00
  2   1  96   1   0   1|   0    64k|4564k  167k|   0     0 | 103   724 |30-11 22:24:01
  1   1  95   0   0   1|   0    56k|4332k  156k|   0     0 |  92   678 |30-11 22:24:02
  2   3  94   0   0   1|   0     0 |4114k  152k|   0     0 | 136   728 |30-11 22:24:03
  1   1  97   0   0   1|   0     0 |4670k  167k|   0     0 | 133   690 |30-11 22:24:04
  2   2  95   0   0   1|   0     0 |4409k  159k|   0     0 | 133   691 |30-11 22:24:05
  2   3  95   0   0   1|   0     0 |4565k  165k|   0     0 | 102   697 |30-11 22:24:06
  1   2  96   0   0   2|   0     0 |4604k  165k|   0     0 | 101   651 |30-11 22:24:07
  3   3  95   0   0   0|   0     0 |4777k  169k|   0     0 | 116   696 |30-11 22:24:08
  1   2  96   0   0   1|   0     0 |4503k  164k|   0     0 | 121   692 |30-11 22:24:09
  1   1  97   0   0   1|   0     0 |4318k  158k|   0     0 | 119   677 |30-11 22:24:10
  1   2  96   0   0   1|   0     0 |4118k  154k|   0     0 | 127   719 |30-11 22:24:11
  1   3  96   0   0   1|   0     0 |4234k  159k|   0     0 | 163   737 |30-11 22:24:12
  2   1  96   0   0   1|   0     0 |4365k  156k|   0     0 | 170   695 |30-11 22:24:13
  1   2  96   0   0   2|   0     0 |4123k  153k|   0     0 | 159   616 |30-11 22:24:14
  2   2  95   0   0   1|   0     0 |4496k  167k|   0     0 | 179   715 |30-11 22:24:15
  1   2  95   0   0   2|   0     0 |4485k  164k|   0     0 | 186   696 |30-11 22:24:16
  1   2  97   0   0   1|   0     0 |4539k  167k|   0     0 | 158   736 |30-11 22:24:17
  1   1  97   0   0   1|   0     0 |2654k   98k|   0     0 | 101   429 |30-11 22:24:18
  1   0  99   0   0   0|   0  4096B|3330B 6182B|   0     0 |  51   202 |30-11 22:24:19
  0   0 100   0   0   0|   0     0 |   0     0 |   0     0 |  23    41 |30-11 22:24:20
  0   1  99   0   0   0|   0     0 |5422B 2784B|   0     0 |  28    74 |30-11 22:24:21
  0   0 100   0   0   0|   0     0 |   0     0 |   0     0 |  21    33 |30-11 22:24:22
  0   1  99   0   0   0|   0  4096B|   0     0 |   0     0 |  33    68 |30-11 22:24:23
  1   0 100   0   0   0|   0     0 |5422B 2784B|   0     0 |  22    61 |30-11 22:24:24
  8   4  87   0   0   1|   0     0 | 942k   49k|   0     0 | 234   664 |30-11 22:24:25
  2   2  95   0   0   1|   0     0 |4325k  160k|   0     0 | 177   713 |30-11 22:24:26
  2   2  96   0   0   0|   0     0 |4407k  164k|   0     0 | 179   682 |30-11 22:24:27
  1   2  96   0   0   1|   0     0 |4298k  160k|   0     0 | 160   704 |30-11 22:24:28
  1   2  96   0   0   1|   0     0 |4493k  164k|   0     0 | 164   650 |30-11 22:24:29
  2   2  95   0   0   1|   0     0 |4548k  169k|   0     0 | 169   688 |30-11 22:24:30
  1   2  96   1   0   1|   0    40k|4588k  168k|   0     0 | 188   744 |30-11 22:24:31
  1   2  97   0   0   1|   0     0 |4884k  177k|   0     0 | 123   712 |30-11 22:24:32
  2   3  95   0   0   1|   0  8192B|4424k  161k|   0     0 | 128   709 |30-11 22:24:33
  1   2  97   0   0   0|   0     0 |3959k  141k|   0     0 |  98   657 |30-11 22:24:34
  1   2  97   0   0   1|   0     0 |3799k  140k|   0     0 | 105   708 |30-11 22:24:35
  2   1  96   0   0   2|   0     0 |4160k  149k|   0     0 |  98   663 |30-11 22:24:36
  2   1  97   0   0   1|   0     0 |4289k  155k|   0     0 |  91   659 |30-11 22:24:37
  2   2  96   0   0   1|   0     0 |3990k  147k|   0     0 | 114   692 |30-11 22:24:38
  2   2  95   0   0   1|   0     0 |4549k  169k|   0     0 | 117   725 |30-11 22:24:39
  1   2  97   0   0   1|   0     0 |4178k  151k|   0     0 | 124   699 |30-11 22:24:40
  1   2  96   0   0   2|   0     0 |4037k  150k|   0     0 | 130   718 |30-11 22:24:41
  1   2  97   0   0   1|   0     0 |4064k  156k|   0     0 | 125   711 |30-11 22:24:42
  2   2  94   0   0   2|   0     0 |4484k  165k|   0     0 | 103   696 |30-11 22:24:43
  1   2  97   0   0   0|   0     0 |4387k  162k|   0     0 | 116   733 |30-11 22:24:44
  1   3  95   0   0   1|   0     0 |3397k  134k|   0     0 | 158   796 |30-11 22:24:45
  1   0  99   0   0   0|   0  4096B|3330B 6182B|   0     0 |  42   210 |30-11 22:24:46
  0   0 100   0   0   0|   0     0 |   0     0 |   0     0 |  21    43 |30-11 22:24:47
  1   0  99   0   0   0|   0     0 |5422B 2784B|   0     0 |  37   117 |30-11 22:24:48
  0   0 100   0   0   0|   0     0 |   0     0 |   0     0 |  23    55 |30-11 22:24:49
  0   0 100   0   0   0|   0     0 |   0     0 |   0     0 |  23    42 |30-11 22:24:50
  1   0 100   0   0   0|   0     0 |5496B 2858B|   0     0 |  24    69 |30-11 22:24:51
  9   4  87   0   0   1|   0     0 |1731k   77k|   0     0 | 217   806 |30-11 22:24:52
  1   2  97   0   0   1|   0     0 |4157k  155k|   0     0 | 132   697 |30-11 22:24:53
  2   3  95   0   0   1|   0     0 |4692k  178k|   0     0 | 134   737 |30-11 22:24:54
  1   2  96   0   0   1|   0     0 |3884k  139k|   0     0 |  87   605 |30-11 22:24:55
  1   2  96   0   0   1|   0     0 |3860k  141k|   0     0 | 136   662 |30-11 22:24:56
  2   2  96   0   0   1|   0     0 |4335k  160k|   0     0 | 116   674 |30-11 22:24:57
  1   3  95   0   0   1|   0  4096B|4835k  174k|   0     0 | 113   675 |30-11 22:24:58
  1   2  96   0   0   1|   0     0 |4950k  175k|   0     0 |  91   694 |30-11 22:24:59
  2   2  95   0   0   1|   0     0 |4606k  168k|   0     0 | 103   689 |30-11 22:25:00
  1   2  96   0   0   1|   0     0 |4316k  164k|   0     0 | 111   733 |30-11 22:25:01
  1   3  94   2   0   1|   0    52k|4724k  168k|   0     0 | 101   689 |30-11 22:25:02
  1   3  96   0   0   1|   0    48k|3820k  143k|   0     0 | 117   705 |30-11 22:25:03
  2   1  96   0   0   2|   0     0 |4115k  154k|   0     0 | 110   726 |30-11 22:25:04
  1   2  97   0   0   1|   0     0 |3260k  130k|   0     0 | 108   680 |30-11 22:25:05
  2   1  96   0   0   1|   0     0 |4676k  171k|   0     0 | 125   717 |30-11 22:25:06
  2   3  95   0   0   1|   0     0 |4250k  159k|   0     0 | 109   738 |30-11 22:25:07
  2   3  95   0   0   1|   0     0 |4071k  151k|   0     0 | 122   724 |30-11 22:25:08
  1   2  96   0   0   1|   0     0 |4463k  161k|   0     0 | 118   699 |30-11 22:25:09
  1   3  95   0   0   1|   0     0 |4811k  179k|   0     0 | 103   636 |30-11 22:25:10
  1   2  96   0   0   1|   0     0 |4298k  158k|   0     0 | 136   669 |30-11 22:25:11
  1   1  97   0   0   1|   0     0 |2436k   90k|   0     0 |  95   542 |30-11 22:25:12
  1   1  98   0   0   0|   0  4096B|8752B 8966B|   0     0 |  69   297 |30-11 22:25:13
  0   0 100   0   0   0|   0     0 |   0     0 |   0     0 |  23    46 |30-11 22:25:14
  0   0 100   0   0   0|   0     0 |   0     0 |   0     0 |  23    41 |30-11 22:25:15
  1   0 100   0   0   0|   0     0 |5422B 2784B|   0     0 |  25    63 |30-11 22:25:16
  0   0 100   0   0   0|   0     0 |   0     0 |   0     0 |  23    49 |30-11 22:25:17
  2   1  98   0   0   0|   0     0 |2725B 2203B|   0     0 |  53   149 |30-11 22:25:18
  8   4  87   0   0   1|   0     0 |3634k  156k|   0     0 | 236   937 |30-11 22:25:19
  1   2  96   0   0   1|   0     0 |4124k  162k|   0     0 | 115   677 |30-11 22:25:20
  2   2  96   0   0   1|   0     0 |3748k  148k|   0     0 | 131   700 |30-11 22:25:21
  2   2  95   0   0   1|   0     0 |3989k  159k|   0     0 | 121   690 |30-11 22:25:22
  1   1  97   0   0   1|   0     0 |4094k  156k|   0     0 | 114   708 |30-11 22:25:23
  1   2  96   0   0   1|   0  4096B|4154k  163k|   0     0 | 127   752 |30-11 22:25:24
  2   2  95   0   0   1|   0     0 |4033k  157k|   0     0 | 130   715 |30-11 22:25:25
  1   3  95   0   0   1|   0     0 |4545k  177k|   0     0 | 128   716 |30-11 22:25:26
  1   3  95   0   0   1|   0     0 |4200k  160k|   0     0 | 119   731 |30-11 22:25:27
  2   2  95   0   0   1|   0     0 |4635k  173k|   0     0 | 124   709 |30-11 22:25:28
  1   2  96   0   0   1|   0     0 |4037k  155k|   0     0 | 120   686 |30-11 22:25:29
  1   2  96   0   0   1|   0     0 |4500k  170k|   0     0 | 106   703 |30-11 22:25:30
  2   3  95   0   0   1|   0     0 |3902k  155k|   0     0 | 123   777 |30-11 22:25:31
  0   2  97   0   0   1|   0     0 |3804k  144k|   0     0 |  97   638 |30-11 22:25:32
  2   2  93   3   0   1|   0    44k|4452k  165k|   0     0 | 117   756 |30-11 22:25:33
  1   2  95   0   0   2|   0  8192B|4080k  159k|   0     0 | 142   738 |30-11 22:25:34
  1   2  97   0   0   0|   0     0 |3942k  154k|   0     0 | 121   661 |30-11 22:25:35
  2   1  96   0   0   2|   0     0 |3971k  156k|   0     0 | 133   718 |30-11 22:25:36
  2   3  96   0   0   0|   0     0 |4541k  178k|   0     0 | 112   723 |30-11 22:25:37
  2   2  95   0   0   2|   0     0 |4001k  149k|   0     0 | 120   713 |30-11 22:25:38
  1   1  98   0   0   1|   0     0 |2137k   73k|   0     0 |  64   335 |30-11 22:25:39
  1   1  98   0   0   0|   0  4096B|9544B   10k|   0     0 |  45   244 |30-11 22:25:40
  0   0 100   0   0   0|   0     0 | 102B  192B|   0     0 |  21    35 |30-11 22:25:41
  0   0 100   0   0   0|   0     0 |   0     0 |   0     0 |  25   228 |30-11 22:25:42
  1   1  99   0   0   0|   0     0 |5422B 2784B|   0     0 |  35   102 |30-11 22:25:43
  0   0 100   0   0   0|   0  4096B|   0     0 |   0     0 |  25    45 |30-11 22:25:44
  8   3  89   0   0   0|   0     0 |6301B 8325B|   0     0 | 174   550 |30-11 22:25:45
  2   3  95   0   0   1|   0     0 |5092k  202k|   0     0 | 139   770 |30-11 22:25:46
  2   2  96   0   0   1|   0     0 |4159k  163k|   0     0 | 121   712 |30-11 22:25:47
  2   2  94   0   0   2|   0     0 |4379k  164k|   0     0 | 135   740 |30-11 22:25:48
  1   2  96   0   0   1|   0     0 |4456k  170k|   0     0 | 123   728 |30-11 22:25:49
  2   3  94   0   0   1|   0     0 |3974k  160k|   0     0 | 152   746 |30-11 22:25:50
  1   3  96   0   0   0|   0     0 |4575k  169k|   0     0 | 133   721 |30-11 22:25:51
  2   2  95   0   0   1|   0     0 |4420k  166k|   0     0 | 111   694 |30-11 22:25:52
  1   2  96   0   0   1|   0     0 |4385k  167k|   0     0 | 114   727 |30-11 22:25:53
  1   2  96   0   0   1|   0     0 |4119k  149k|   0     0 | 100   653 |30-11 22:25:54
  2   1  97   0   0   1|   0     0 |4537k  171k|   0     0 | 115   731 |30-11 22:25:55
  2   3  95   0   0   1|   0     0 |4576k  166k|   0     0 | 110   689 |30-11 22:25:56
  2   2  96   0   0   1|   0     0 |3991k  158k|   0     0 | 104   705 |30-11 22:25:57
  2   2  96   0   0   1|   0     0 |3404k  134k|   0     0 | 109   712 |30-11 22:25:58
  1   2  96   0   0   2|   0     0 |4085k  159k|   0     0 | 130   735 |30-11 22:25:59
  1   2  96   0   0   2|   0     0 |4348k  163k|   0     0 | 130   726 |30-11 22:26:00
  2   3  94   0   0   2|   0     0 |4519k  171k|   0     0 | 137   747 |30-11 22:26:01
  0   3  96   0   0   1|   0     0 |3946k  151k|   0     0 | 118   748 |30-11 22:26:02
  1   2  97   0   0   0|   0     0 |4412k  167k|   0     0 | 145   717 |30-11 22:26:03
  1   2  73  23   0   1|   0    56k|3898k  152k|   0     0 | 139   738 |30-11 22:26:04
  1   2  97   0   0   1|   0    48k|3970k  155k|   0     0 | 120   708 |30-11 22:26:05
  0   1  99   0   0   0|   0     0 | 784k   27k|   0     0 |  43   251 |30-11 22:26:06
  1   1  99   0   0   0|   0  4096B|9966B   11k|   0     0 |  49   248 |30-11 22:26:07
  1   0  99   0   0   0|   0     0 |   0     0 |   0     0 |  34    80 |30-11 22:26:08
  0   0 100   0   0   0|   0     0 |   0     0 |   0     0 |  23    52 |30-11 22:26:09
  1   0  99   0   0   0|   0     0 |5422B 2784B|   0     0 |  26    67 |30-11 22:26:10
  0   0 100   0   0   0|   0     0 |   0     0 |   0     0 |  23    35 |30-11 22:26:11
  9   3  89   0   0   0|   0     0 |3621B 3767B|   0     0 | 189   544 |30-11 22:26:12
  1   1  98   0   0   1|   0     0 |2826k  119k|   0     0 |  93   553 |30-11 22:26:13
  1   3  96   0   0   0|   0     0 |4046k  155k|   0     0 | 114   691 |30-11 22:26:14
  1   1  96   0   0   2|   0     0 |4139k  160k|   0     0 | 116   681 |30-11 22:26:15
  1   2  96   0   0   1|   0     0 |4040k  157k|   0     0 | 129   759 |30-11 22:26:16
  1   2  96   0   0   1|   0     0 |3998k  153k|   0     0 | 132   735 |30-11 22:26:17
  2   2  95   0   0   1|   0     0 |4045k  153k|   0     0 | 154   746 |30-11 22:26:18
  1   3  95   0   0   1|   0     0 |4056k  157k|   0     0 | 125   733 |30-11 22:26:19
  2   2  96   0   0   0|   0    12k|3715k  146k|   0     0 | 114   707 |30-11 22:26:20
  1   2  96   0   0   2|   0     0 |3769k  141k|   0     0 |  91   622 |30-11 22:26:21
  2   2  96   0   0   1|   0     0 |3674k  141k|   0     0 | 108   643 |30-11 22:26:22
  2   2  95   0   0   2|   0     0 |4511k  162k|   0     0 | 115   675 |30-11 22:26:23
  2   2  95   0   0   1|   0     0 |4018k  153k|   0     0 | 135   724 |30-11 22:26:24
  2   2  95   0   0   1|   0     0 |4015k  156k|   0     0 | 139   740 |30-11 22:26:25
  1   2  95   0   0   1|   0     0 |4133k  153k|   0     0 | 101   735 |30-11 22:26:26
  1   2  96   0   0   1|   0     0 |4270k  161k|   0     0 | 111   734 |30-11 22:26:27
  2   3  95   0   0   1|   0     0 |4378k  165k|   0     0 | 166   744 |30-11 22:26:28
  2   3  96   0   0   0|   0     0 |4666k  176k|   0     0 | 169   730 |30-11 22:26:29
  1   2  96   0   0   1|   0     0 |3825k  149k|   0     0 | 155   707 |30-11 22:26:30
  1   2  97   0   0   1|   0     0 |4108k  154k|   0     0 | 181   733 |30-11 22:26:31
  2   2  95   0   0   1|   0     0 |4481k  174k|   0     0 | 136   675 |30-11 22:26:32
  1   2  97   0   0   0|   0     0 |3227k  112k|   0     0 |  74   279 |30-11 22:26:33
  0   1  99   0   0   0|   0  4096B|4056B 7766B|   0     0 |  54   214 |30-11 22:26:34
  1   0  99   0   0   0|   0    44k|5422B 2784B|   0     0 |  31    81 |30-11 22:26:35
  0   0 100   0   0   0|   0  8192B|   0     0 |   0     0 |  22    37 |30-11 22:26:36
  0   0 100   0   0   0|   0     0 |   0     0 |   0     0 |  19    33 |30-11 22:26:37
  1   1  99   0   0   0|   0     0 |5422B 2784B|   0     0 |  44   105 |30-11 22:26:38
  9   5  86   0   0   1|   0     0 |2689k  117k|   0     0 | 234   793 |30-11 22:26:39
  2   2  96   0   0   1|   0     0 |4235k  172k|   0     0 | 158   685 |30-11 22:26:40
  2   2  94   0   0   2|   0     0 |4258k  171k|   0     0 | 203   786 |30-11 22:26:41
  1   2  96   0   0   2|   0     0 |3910k  161k|   0     0 | 168   773 |30-11 22:26:42
  2   2  95   0   0   1|   0     0 |3995k  160k|   0     0 | 190   763 |30-11 22:26:43
  1   2  95   0   0   2|   0     0 |4167k  172k|   0     0 | 188   726 |30-11 22:26:44
  1   4  94   0   0   1|   0     0 |4450k  182k|   0     0 | 219   858 |30-11 22:26:45
  1   2  96   0   0   2|   0     0 |4222k  170k|   0     0 | 176   724 |30-11 22:26:46
  2   2  95   0   0   1|   0     0 |3996k  161k|   0     0 | 171   782 |30-11 22:26:47
  1   2  95   0   0   2|   0     0 |4192k  155k|   0     0 | 182   763 |30-11 22:26:48
  2   1  96   0   0   1|   0     0 |4450k  169k|   0     0 | 181   710 |30-11 22:26:49
  2   2  96   0   0   1|   0     0 |4399k  172k|   0     0 | 181   734 |30-11 22:26:50
  2   2  97   0   0   0|   0     0 |4357k  167k|   0     0 | 189   749 |30-11 22:26:51
  2   1  97   0   0   0|   0     0 |4730k  180k|   0     0 | 171   705 |30-11 22:26:52
  1   2  96   0   0   1|   0     0 |4288k  172k|   0     0 | 182   760 |30-11 22:26:53
  1   2  96   0   0   1|   0     0 |3890k  152k|   0     0 | 184   762 |30-11 22:26:54
  1   2  96   0   0   1|   0     0 |4085k  159k|   0     0 | 169   722 |30-11 22:26:55
  1   3  95   0   0   1|   0     0 |4461k  173k|   0     0 | 162   740 |30-11 22:26:56
  1   3  96   0   0   1|   0     0 |3958k  153k|   0     0 | 173   707 |30-11 22:26:57
  1   2  98   0   0   0|   0     0 |3851k  152k|   0     0 | 188   715 |30-11 22:26:58
  2   1  97   0   0   1|   0     0 |3209k  126k|   0     0 | 161   593 |30-11 22:26:59
  1   0  98   0   0   0|   0  4096B|4584B 8822B|   0     0 |  44   218 |30-11 22:27:00
  0   0 100   0   0   0|   0     0 |   0     0 |   0     0 |  20    49 |30-11 22:27:01
  1   0  99   0   0   0|   0     0 |5422B 2784B|   0     0 |  24    73 |30-11 22:27:02
  0   0 100   0   0   0|   0     0 |   0     0 |   0     0 |  36    72 |30-11 22:27:03
  0   0 100   0   0   0|   0     0 |   0     0 |   0     0 |  21    31 |30-11 22:27:04
  2   1  98   0   0   0|   0     0 |7317B 4635B|   0     0 |  41   113 |30-11 22:27:05
  8   4  87   1   0   1|   0    96k| 369k   29k|   0     0 | 214   753 |30-11 22:27:06
  0   1  99   0   0   0|   0     0 | 817k   31k|   0     0 |  68   480 |30-11 22:27:07
  1   1  98   0   0   1|   0     0 |2358k   94k|   0     0 | 142   607 |30-11 22:27:08
  1   1  97   0   0   1|   0     0 |3469k  130k|   0     0 | 140   667 |30-11 22:27:09
  2   2  96   0   0   1|   0     0 |4529k  174k|   0     0 | 177   713 |30-11 22:27:10
  2   3  95   0   0   1|   0    12k|4178k  171k|   0     0 | 169   762 |30-11 22:27:11
  1   3  96   0   0   1|   0     0 |3782k  151k|   0     0 | 189   749 |30-11 22:27:12
  1   2  95   0   0   2|   0     0 |4197k  162k|   0     0 | 189   765 |30-11 22:27:13
  1   3  94   0   0   2|   0     0 |4432k  175k|   0     0 | 167   754 |30-11 22:27:14
  2   2  95   0   0   1|   0     0 |4473k  174k|   0     0 | 190   766 |30-11 22:27:15
  1   2  97   0   0   1|   0     0 |4016k  158k|   0     0 | 198   752 |30-11 22:27:16
  2   3  94   0   0   1|   0     0 |4837k  187k|   0     0 | 191   802 |30-11 22:27:17
  1   2  97   0   0   1|   0     0 |4378k  168k|   0     0 | 175   729 |30-11 22:27:18
  1   3  96   0   0   0|   0     0 |4314k  164k|   0     0 | 156   725 |30-11 22:27:19
  1   2  97   0   0   1|   0     0 |4695k  179k|   0     0 | 134   693 |30-11 22:27:20
  2   2  96   0   0   1|   0     0 |4646k  173k|   0     0 | 156   721 |30-11 22:27:21
  2   2  96   0   0   1|   0     0 |4226k  163k|   0     0 | 186   736 |30-11 22:27:22
  2   3  94   0   0   1|   0     0 |4099k  163k|   0     0 | 200   786 |30-11 22:27:23
  1   3  96   0   0   0|   0     0 |4630k  177k|   0     0 | 167   689 |30-11 22:27:24
  1   2  96   0   0   1|   0     0 |4348k  165k|   0     0 | 165   700 |30-11 22:27:25
  2   3  95   0   0   1|   0     0 |4308k  158k|   0     0 | 126   562 |30-11 22:27:26
  0   1  99   0   0   1|   0  4096B|4650B 8822B|   0     0 |  47   228 |30-11 22:27:27
  1   0  99   0   0   0|   0     0 |   0     0 |   0     0 |  31    71 |30-11 22:27:28
  1   0 100   0   0   0|   0     0 |5422B 2784B|   0     0 |  23    80 |30-11 22:27:29
  0   0 100   0   0   0|   0     0 |   0     0 |   0     0 |  23    35 |30-11 22:27:30
  0   0 100   0   0   0|   0     0 |   0     0 |   0     0 |  24    42 |30-11 22:27:31
  2   2  96   0   0   0|   0     0 |9043B 5479B|   0     0 | 139   386 |30-11 22:27:32
  6   3  91   0   0   1|   0     0 |2559k  119k|   0     0 | 191   736 |30-11 22:27:33
  1   1  98   0   0   1|   0     0 |3816k  151k|   0     0 | 153   706 |30-11 22:27:34
  2   3  95   0   0   1|   0     0 |4101k  166k|   0     0 | 169   713 |30-11 22:27:35
  2   1  95   2   0   1|   0    44k|4167k  163k|   0     0 | 169   678 |30-11 22:27:36
  1   2  96   0   0   1|   0     0 |4590k  176k|   0     0 | 187   693 |30-11 22:27:37
  1   3  96   0   0   1|   0     0 |3341k  137k|   0     0 | 183   687 |30-11 22:27:38
  2   1  96   0   0   1|   0     0 |4356k  166k|   0     0 | 188   805 |30-11 22:27:39
  1   3  96   0   0   0|   0     0 |4124k  161k|   0     0 | 189   753 |30-11 22:27:40
  2   1  96   0   0   1|   0     0 |4113k  173k|   0     0 | 187   799 |30-11 22:27:41
  1   1  98   0   0   1|   0  4096B|3915k  163k|   0     0 | 164   765 |30-11 22:27:42
  2   2  96   0   0   1|   0     0 |4844k  179k|   0     0 | 200   740 |30-11 22:27:43
  2   2  95   0   0   2|   0     0 |4526k  176k|   0     0 | 182   726 |30-11 22:27:44
  2   3  94   0   0   1|   0     0 |4391k  178k|   0     0 | 214   869 |30-11 22:27:45
  1   3  96   0   0   1|   0     0 |4224k  164k|   0     0 | 158   704 |30-11 22:27:46
  2   2  95   0   0   2|   0     0 |5079k  198k|   0     0 | 120   792 |30-11 22:27:47
  2   3  95   0   0   1|   0     0 |5251k  200k|   0     0 | 131   728 |30-11 22:27:48
  2   2  95   0   0   2|   0     0 |4527k  173k|   0     0 | 124   781 |30-11 22:27:49
  1   2  96   0   0   1|   0     0 |4608k  173k|   0     0 | 105   694 |30-11 22:27:50
  1   2  96   0   0   1|   0     0 |4209k  170k|   0     0 | 118   714 |30-11 22:27:51
  1   1  98   0   0   0|   0     0 |3805k  158k|   0     0 | 111   741 |30-11 22:27:52
  0   0 100   0   0   0|   0     0 |1175k   41k|   0     0 |  58   296 |30-11 22:27:53
  1   1  98   0   0   0|   0  4096B|  10k   11k|   0     0 |  57   263 |30-11 22:27:54
  0   0 100   0   0   0|   0     0 |   0     0 |   0     0 |  22    33 |30-11 22:27:55
  0   0 100   0   0   0|   0     0 |   0     0 |   0     0 |  23    54 |30-11 22:27:56
  1   0  99   0   0   0|   0     0 |5422B 2784B|   0     0 |  31    70 |30-11 22:27:57
  0   1 100   0   0   0|   0  4096B|   0     0 |   0     0 |  20    43 |30-11 22:27:58
  8   3  89   0   0   1|   0     0 |4811B 4081B|   0     0 | 205   604 |30-11 22:27:59
  2   2  95   0   0   1|   0     0 |3679k  173k|   0     0 | 112   673 |30-11 22:28:00
  2   2  96   0   0   1|   0     0 |4185k  168k|   0     0 | 132   782 |30-11 22:28:01
  0   2  97   0   0   1|   0     0 |4058k  166k|   0     0 | 142   751 |30-11 22:28:02
  2   2  95   0   0   1|   0  4096B|3870k  170k|   0     0 | 141   832 |30-11 22:28:03
  1   2  96   0   0   1|   0     0 |4041k  164k|   0     0 | 147   823 |30-11 22:28:04
  1   1  96   0   0   2|   0     0 |3888k  158k|   0     0 | 140   765 |30-11 22:28:05
  2   1  96   0   0   1|   0     0 |4221k  168k|   0     0 | 149   773 |30-11 22:28:06
  1   2  96   1   0   1|   0    52k|4310k  177k|   0     0 | 137   747 |30-11 22:28:07
  1   2  96   0   0   2|   0    60k|4357k  172k|   0     0 | 123   767 |30-11 22:28:08
  2   2  95   0   0   1|   0     0 |4194k  166k|   0     0 | 141   808 |30-11 22:28:09
  1   3  96   0   0   1|   0     0 |3531k  143k|   0     0 | 142   759 |30-11 22:28:10
  2   1  95   0   0   2|   0     0 |4083k  164k|   0     0 | 119   747 |30-11 22:28:11
  2   2  95   0   0   1|   0     0 |4485k  180k|   0     0 | 133   807 |30-11 22:28:12
  2   2  96   0   0   1|   0     0 |4417k  168k|   0     0 | 126   688 |30-11 22:28:13
  2   2  96   0   0   1|   0     0 |4191k  166k|   0     0 | 129   771 |30-11 22:28:14
  3   1  95   0   0   1|   0     0 |4195k  170k|   0     0 | 137   767 |30-11 22:28:15
  1   1  98   0   0   0|   0     0 |4120k  164k|   0     0 | 140   766 |30-11 22:28:16
  1   2  95   0   0   2|   0     0 |4012k  169k|   0     0 | 131   786 |30-11 22:28:17
  2   1  97   0   0   1|   0     0 |3319k  138k|   0     0 | 140   760 |30-11 22:28:18
  2   1  96   0   0   1|   0     0 |4013k  169k|   0     0 | 159   833 |30-11 22:28:19
  0   0 100   0   0   1|   0     0 | 332k   13k|   0     0 |  39   174 |30-11 22:28:20
  1   0  99   0   0   0|   0     0 |  11k   13k|   0     0 |  52   245 |30-11 22:28:21
  0   0 100   0   0   0|   0     0 |   0     0 |   0     0 |  22    31 |30-11 22:28:22
  0   0 100   0   0   0|   0     0 |   0     0 |   0     0 |  23    42 |30-11 22:28:23
  1   1  98   0   0   0|   0     0 |5422B 2784B|   0     0 |  43   118 |30-11 22:28:24
  0   0 100   0   0   0|   0     0 |   0     0 |   0     0 |  23    47 |30-11 22:28:25
  8   5  86   0   0   1|   0     0 |2163k  106k|   0     0 | 221   761 |30-11 22:28:26
  1   2  96   0   0   1|   0     0 |4771k  193k|   0     0 | 131   757 |30-11 22:28:27
  2   2  95   0   0   1|   0     0 |4382k  176k|   0     0 | 122   724 |30-11 22:28:28
  1   2  96   0   0   1|   0     0 |4240k  169k|   0     0 | 158   780 |30-11 22:28:29
  2   1  95   0   0   2|   0     0 |4076k  170k|   0     0 | 137   784 |30-11 22:28:30
  1   2  97   0   0   1|   0     0 |4603k  188k|   0     0 | 137   752 |30-11 22:28:31
  2   2  95   0   0   1|   0     0 |3955k  162k|   0     0 | 143   763 |30-11 22:28:32
  1   2  96   0   0   1|   0     0 |4131k  164k|   0     0 | 147   789 |30-11 22:28:33
  1   2  96   0   0   1|   0     0 |3395k  134k|   0     0 | 125   724 |30-11 22:28:34
  1   3  95   0   0   2|   0     0 |4418k  174k|   0     0 | 128   746 |30-11 22:28:35
  2   1  96   0   0   1|   0     0 |4611k  184k|   0     0 | 121   761 |30-11 22:28:36
  1   2  96   1   0   1|   0    40k|4727k  182k|   0     0 | 155   729 |30-11 22:28:37
  1   2  96   0   0   1|   0     0 |4469k  178k|   0     0 | 173   735 |30-11 22:28:38
  2   3  95   0   0   1|   0    12k|4614k  180k|   0     0 | 194   760 |30-11 22:28:39
  1   1  97   0   0   1|   0     0 |4051k  160k|   0     0 | 206   771 |30-11 22:28:40
  1   1  97   0   0   1|   0     0 |4153k  167k|   0     0 | 162   725 |30-11 22:28:41
  3   2  94   0   0   1|   0     0 |4029k  164k|   0     0 | 184   801 |30-11 22:28:42
  1   2  96   0   0   1|   0     0 |3782k  151k|   0     0 | 127   742 |30-11 22:28:43
  1   2  97   0   0   1|   0     0 |3941k  161k|   0     0 | 139   750 |30-11 22:28:44
  2   2  95   0   0   2|   0     0 |4593k  189k|   0     0 | 151   810 |30-11 22:28:45
  1   3  95   0   0   1|   0     0 |3557k  135k|   0     0 | 116   693 |30-11 22:28:46
  1   0  99   0   0   0|   0  4096B|5640B   11k|   0     0 |  45   207 |30-11 22:28:47
  0   0 100   0   0   0|   0     0 |5422B 2784B|   0     0 |  30    76 |30-11 22:28:48
  0   1  99   0   0   0|   0     0 |   0     0 |   0     0 |  31    84 |30-11 22:28:49
  0   0 100   0   0   0|   0     0 |   0     0 |   0     0 |  23    39 |30-11 22:28:50
  1   0 100   0   0   0|   0     0 |5422B 2784B|   0     0 |  29    75 |30-11 22:28:51
  1   0  99   0   0   0|   0     0 |1715B 1289B|   0     0 |  34    79 |30-11 22:28:52
  8   5  87   0   0   1|   0     0 |1401k   79k|   0     0 | 227   810 |30-11 22:28:53
  1   1  96   0   0   2|   0     0 |3881k  162k|   0     0 | 120   774 |30-11 22:28:54
  2   2  95   0   0   2|   0  8192B|4379k  179k|   0     0 | 127   767 |30-11 22:28:55
  1   2  96   0   0   1|   0     0 |4008k  166k|   0     0 | 177   753 |30-11 22:28:56
  2   2  95   0   0   2|   0     0 |4408k  185k|   0     0 | 190   789 |30-11 22:28:57
  1   2  96   0   0   2|   0     0 |4040k  167k|   0     0 | 169   683 |30-11 22:28:58
  1   3  95   0   0   1|   0     0 |4256k  175k|   0     0 | 184   766 |30-11 22:28:59
  2   2  95   0   0   2|   0  4096B|4610k  187k|   0     0 | 186   788 |30-11 22:29:00
  2   2  96   0   0   1|   0     0 |4267k  172k|   0     0 | 168   698 |30-11 22:29:01
  1   2  96   0   0   2|   0     0 |3725k  155k|   0     0 | 168   724 |30-11 22:29:02
  2   2  95   0   0   1|   0     0 |4005k  166k|   0     0 | 206   771 |30-11 22:29:03
  1   2  96   0   0   1|   0     0 |4046k  165k|   0     0 | 206   810 |30-11 22:29:04
  1   3  95   0   0   2|   0     0 |4353k  173k|   0     0 | 181   779 |30-11 22:29:05
  2   2  96   0   0   1|   0     0 |4479k  181k|   0     0 | 193   758 |30-11 22:29:06
  2   2  96   0   0   1|   0     0 |4283k  169k|   0     0 | 165   751 |30-11 22:29:07
  1   2  95   1   0   2|   0    56k|4529k  180k|   0     0 | 196   771 |30-11 22:29:08
  1   2  96   0   0   1|   0     0 |4665k  175k|   0     0 | 195   760 |30-11 22:29:09
  2   2  96   0   0   1|   0    48k|4133k  164k|   0     0 | 168   725 |30-11 22:29:10
  2   3  95   0   0   2|   0     0 |4311k  175k|   0     0 | 189   750 |30-11 22:29:11
  2   3  96   0   0   0|   0     0 |4300k  170k|   0     0 | 203   777 |30-11 22:29:12
  1   1  96   0   0   1|   0     0 |2450k   98k|   0     0 | 130   549 |30-11 22:29:13
  1   1  98   0   0   0|   0  4096B|7178B   11k|   0     0 |  61   258 |30-11 22:29:14
  0   0 100   0   0   0|   0     0 |   0     0 |   0     0 |  20    34 |30-11 22:29:15
  0   0 100   0   0   0|   0     0 |5422B 2784B|   0     0 |  26    57 |30-11 22:29:16
  0   0 100   0   0   0|   0     0 |   0     0 |   0     0 |  18    31 |30-11 22:29:17
  0   0 100   0   0   0|   0     0 |   0     0 |   0     0 |  18    23 |30-11 22:29:18
  2   1  98   0   0   0|   0     0 |8147B 5385B|   0     0 |  79   212 |30-11 22:29:19
  6   5  88   0   0   1|   0     0 |2182k  115k|   0     0 | 230   869 |30-11 22:29:20
  1   1  97   0   0   2|   0     0 |2999k  124k|   0     0 | 162   662 |30-11 22:29:21
  1   2  95   0   0   2|   0     0 |3936k  164k|   0     0 | 164   706 |30-11 22:29:22
  2   3  94   0   0   1|   0     0 |4370k  186k|   0     0 | 180   765 |30-11 22:29:23
  1   2  96   0   0   1|   0     0 |4575k  189k|   0     0 | 200   765 |30-11 22:29:24
  2   3  95   0   0   0|   0     0 |4122k  179k|   0     0 | 189   775 |30-11 22:29:25
  2   1  96   0   0   1|   0     0 |3571k  151k|   0     0 | 169   712 |30-11 22:29:26
  2   1  96   0   0   1|   0     0 |4152k  176k|   0     0 | 183   769 |30-11 22:29:27
  1   2  96   0   0   1|   0     0 |4655k  192k|   0     0 | 171   805 |30-11 22:29:28
  1   3  95   0   0   1|   0     0 |4544k  186k|   0     0 | 187   774 |30-11 22:29:29
  1   1  96   0   0   2|   0     0 |4340k  188k|   0     0 | 198   766 |30-11 22:29:30
  2   2  94   0   0   2|   0     0 |4201k  176k|   0     0 | 193   810 |30-11 22:29:31
  1   3  95   0   0   1|   0     0 |4299k  184k|   0     0 | 179   755 |30-11 22:29:32
  1   2  97   0   0   1|   0     0 |4810k  188k|   0     0 | 183   701 |30-11 22:29:33
  2   3  95   0   0   1|   0     0 |4172k  180k|   0     0 | 226   797 |30-11 22:29:34
  2   2  96   0   0   1|   0     0 |3772k  165k|   0     0 | 187   770 |30-11 22:29:35
  1   2  97   0   0   0|   0     0 |4006k  166k|   0     0 | 198   767 |30-11 22:29:36
  2   1  96   0   0   1|   0     0 |4082k  178k|   0     0 | 189   770 |30-11 22:29:37
  0   3  96   0   0   1|   0     0 |4204k  167k|   0     0 | 178   742 |30-11 22:29:38
  2   3  93   2   0   1|   0    32k|4461k  183k|   0     0 | 177   734 |30-11 22:29:39
  2   0  97   0   0   2|   0     0 |1877k   76k|   0     0 | 107   435 |30-11 22:29:40
  0   1  99   0   0   0|   0    12k|6960B   13k|   0     0 |  51   224 |30-11 22:29:41
  0   0 100   0   0   0|   0     0 | 102B  192B|   0     0 |  23    61 |30-11 22:29:42
  0   0 100   0   0   0|   0     0 |5422B 2784B|   0     0 |  25    60 |30-11 22:29:43
  1   0 100   0   0   0|   0     0 |   0     0 |   0     0 |  36    74 |30-11 22:29:44
  0   0 100   0   0   0|   0     0 | 731B 1051B|   0     0 |  29    67 |30-11 22:29:45
  1   1  99   0   0   0|   0  4096B|6938B 4087B|   0     0 |  53   139 |30-11 22:29:46
  8   4  88   0   0   0|   0     0 |3621B 2761B|   0     0 | 181   527 |30-11 22:29:47
  2   2  95   0   0   1|   0     0 |3721k  180k|   0     0 | 145   645 |30-11 22:29:48
  2   2  95   0   0   1|   0     0 |4810k  200k|   0     0 | 190   770 |30-11 22:29:49
  1   2  95   0   0   2|   0     0 |3931k  177k|   0     0 | 187   769 |30-11 22:29:50
  2   3  94   0   0   1|   0  4096B|4443k  191k|   0     0 | 189   808 |30-11 22:29:51
  1   2  97   0   0   0|   0     0 |4073k  177k|   0     0 | 165   756 |30-11 22:29:52
  1   2  96   0   0   1|   0     0 |4416k  193k|   0     0 | 186   790 |30-11 22:29:53
  2   2  95   0   0   1|   0     0 |4096k  174k|   0     0 | 177   759 |30-11 22:29:54
  2   2  96   0   0   1|   0     0 |3921k  165k|   0     0 | 199   712 |30-11 22:29:55
  1   2  94   0   0   2|   0     0 |4247k  173k|   0     0 | 173   747 |30-11 22:29:56
  2   2  95   0   0   1|   0     0 |4259k  186k|   0     0 | 178   762 |30-11 22:29:57
  1   2  96   0   0   1|   0     0 |4114k  172k|   0     0 | 184   810 |30-11 22:29:58
  2   1  96   0   0   2|   0     0 |4102k  173k|   0     0 | 181   755 |30-11 22:29:59
  1   2  96   0   0   1|   0     0 |3906k  166k|   0     0 | 177   731 |30-11 22:30:00
  2   2  95   0   0   2|   0     0 |3959k  173k|   0     0 | 189   779 |30-11 22:30:01
  1   2  96   0   0   1|   0     0 |4069k  173k|   0     0 | 186   763 |30-11 22:30:02
  2   1  95   0   0   2|   0     0 |4699k  192k|   0     0 | 164   714 |30-11 22:30:03
  2   4  93   0   0   1|   0     0 |4025k  178k|   0     0 | 188   740 |30-11 22:30:04
  1   0  97   0   0   2|   0     0 |4454k  187k|   0     0 | 172   729 |30-11 22:30:05
  2   1  95   0   0   2|   0     0 |4172k  177k|   0     0 | 189   731 |30-11 22:30:06
  2   2  96   0   0   1|   0     0 |4263k  181k|   0     0 | 191   714 |30-11 22:30:07
  0   1  99   0   0   0|   0     0 | 846k   33k|   0     0 |  99   352 |30-11 22:30:08
  1   1  99   0   0   0|   0     0 |   0     0 |   0     0 |  35    94 |30-11 22:30:09
  1   0  99   0   0   0|   0    40k|8776B 3496B|   0     0 |  29    99 |30-11 22:30:10
  1   1  99   0   0   0|   0    24k|  12k   14k|   0     0 |  47   204 |30-11 22:30:11
  0   0 100   0   0   0|   0     0 |   0     0 |   0     0 |  19    28 |30-11 22:30:12
  0   0 100   0   0   0|   0     0 |5422B 2784B|   0     0 |  23    66 |30-11 22:30:13
  0   1 100   0   0   0|   0     0 |   0     0 |   0     0 |  36    79 |30-11 22:30:14
  0   0 100   0   0   0|   0     0 |   0     0 |   0     0 |  24    44 |30-11 22:30:15
  9   7  84   0   0   1|   0     0 | 782k   58k|   0     0 | 218   678 |30-11 22:30:16
  1   1  96   0   0   3|   0  8192B|4124k  171k|   0     0 | 118   664 |30-11 22:30:17
  1   2  96   0   0   2|   0     0 |4125k  173k|   0     0 | 153   714 |30-11 22:30:18
  1   3  95   0   0   1|   0     0 |5104k  213k|   0     0 | 204   815 |30-11 22:30:19
  1   2  95   0   0   2|   0     0 |4302k  178k|   0     0 | 167   755 |30-11 22:30:20
  1   2  96   0   0   1|   0     0 |4302k  183k|   0     0 | 175   769 |30-11 22:30:21
  2   3  94   0   0   1|   0  4096B|4472k  191k|   0     0 | 185   778 |30-11 22:30:22
  1   1  98   0   0   1|   0     0 |4374k  187k|   0     0 | 187   775 |30-11 22:30:23
  1   3  96   0   0   1|   0     0 |4343k  181k|   0     0 | 174   778 |30-11 22:30:24
  1   3  95   0   0   1|   0     0 |3981k  176k|   0     0 | 188   756 |30-11 22:30:25
  1   2  97   0   0   0|   0     0 |3988k  167k|   0     0 | 188   753 |30-11 22:30:26
  2   3  95   0   0   2|   0     0 |4996k  200k|   0     0 | 201   854 |30-11 22:30:27
  2   2  96   0   0   1|   0     0 |4048k  175k|   0     0 | 207   748 |30-11 22:30:28
  1   2  96   0   0   1|   0     0 |4619k  185k|   0     0 | 174   747 |30-11 22:30:29
  2   2  96   0   0   1|   0     0 |5306k  207k|   0     0 | 207   749 |30-11 22:30:30
  2   2  95   0   0   2|   0     0 |4325k  179k|   0     0 | 180   793 |30-11 22:30:31
  1   2  97   0   0   1|   0     0 |4140k  181k|   0     0 | 191   766 |30-11 22:30:32
  2   3  95   0   0   1|   0     0 |4340k  184k|   0     0 | 185   771 |30-11 22:30:33
  1   2  96   0   0   2|   0     0 |4343k  178k|   0     0 | 171   766 |30-11 22:30:34
  2   2  95   0   0   1|   0     0 |4125k  183k|   0     0 | 195   750 |30-11 22:30:35
  1   2  97   0   0   1|   0     0 |4138k  174k|   0     0 | 186   802 |30-11 22:30:36
  1   1  99   0   0   0|   0  4096B|  29k   14k|   0     0 |  54   248 |30-11 22:30:37
  1   0  99   0   0   0|   0     0 |5422B 2784B|   0     0 |  24    75 |30-11 22:30:38
  0   0 100   0   0   0|   0     0 |   0     0 |   0     0 |  37    94 |30-11 22:30:39
  0   0 100   0   0   0|   0    36k|   0     0 |   0     0 |  25    46 |30-11 22:30:40
  1   0  99   0   0   0|   0     0 |5422B 2784B|   0     0 |  21    69 |30-11 22:30:41
  1   0  99   0   0   0|   0     0 |1715B 1289B|   0     0 |  36   151 |30-11 22:30:42
  8   5  87   0   0   1|   0     0 |1611k   97k|   0     0 | 211   772 |30-11 22:30:43
  2   2  95   0   0   1|   0     0 |4132k  180k|   0     0 | 177   729 |30-11 22:30:44
  2   1  96   0   0   1|   0     0 |3652k  173k|   0     0 | 193   712 |30-11 22:30:45
  2   2  94   0   0   2|   0     0 |4101k  179k|   0     0 | 165   780 |30-11 22:30:46
  2   2  95   0   0   1|   0  4096B|3751k  187k|   0     0 | 208   840 |30-11 22:30:47
  1   2  95   0   0   2|   0     0 |3945k  188k|   0     0 | 187   781 |30-11 22:30:48
  2   3  95   0   0   1|   0     0 |4325k  193k|   0     0 | 200   839 |30-11 22:30:49
  2   2  95   0   0   2|   0     0 |4856k  213k|   0     0 | 184   840 |30-11 22:30:50
  1   3  96   0   0   1|   0     0 |4139k  197k|   0     0 | 190   767 |30-11 22:30:51
  1   3  95   0   0   2|   0  4096B|3779k  180k|   0     0 | 197   865 |30-11 22:30:52
  1   2  95   0   0   2|   0     0 |4142k  191k|   0     0 | 186   792 |30-11 22:30:53
  2   2  96   0   0   1|   0     0 |4117k  198k|   0     0 | 181   827 |30-11 22:30:54
  1   2  97   0   0   1|   0     0 |4069k  184k|   0     0 | 163   762 |30-11 22:30:55
  2   3  94   0   0   1|   0     0 |4635k  218k|   0     0 | 203   834 |30-11 22:30:56
  2   2  95   0   0   2|   0     0 |4134k  189k|   0     0 | 184   770 |30-11 22:30:57
  1   2  97   0   0   1|   0     0 |4384k  195k|   0     0 | 173   739 |30-11 22:30:58
  1   3  95   0   0   2|   0     0 |3714k  185k|   0     0 | 198   815 |30-11 22:30:59
  2   1  96   0   0   1|   0     0 |3258k  153k|   0     0 | 186   765 |30-11 22:31:00
  1   3  95   0   0   1|   0     0 |4402k  204k|   0     0 | 207   839 |30-11 22:31:01
  2   1  95   0   0   2|   0     0 |3744k  179k|   0     0 | 174   769 |30-11 22:31:02
  1   2  96   0   0   1|   0     0 |2869k  122k|   0     0 | 185   737 |30-11 22:31:03
  0   1 100   0   0   0|   0     0 |  17k  792B|   0     0 |  40    94 |30-11 22:31:04
  1   1  98   0   0   1|   0  8192B|  13k   19k|   0     0 |  61   238 |30-11 22:31:05
  0   0 100   0   0   0|   0     0 |   0     0 |   0     0 |  22    37 |30-11 22:31:06
  0   0 100   0   0   0|   0     0 |   0     0 |   0     0 |  24    35 |30-11 22:31:07
  1   0  99   0   0   0|   0  4096B|5422B 2784B|   0     0 |  30    70 |30-11 22:31:08
  0   1 100   0   0   0|   0     0 |   0     0 |   0     0 |  36    88 |30-11 22:31:09
  2   1  97   0   0   0|   0     0 |3311B 2695B|   0     0 | 102   289 |30-11 22:31:10
  8   8  84   1   0   1|   0    32k|4631k  220k|   0     0 | 208   782 |30-11 22:31:11
  1   1  96   0   0   2|   0     0 |4337k  190k|   0     0 | 149   680 |30-11 22:31:12
  2   2  96   0   0   1|   0    16k|3880k  175k|   0     0 | 174   751 |30-11 22:31:13
  2   3  96   0   0   0|   0     0 |4347k  182k|   0     0 | 171   734 |30-11 22:31:14
  1   2  96   0   0   2|   0     0 |3658k  171k|   0     0 | 200   722 |30-11 22:31:15
  0   3  96   0   0   1|   0     0 |4576k  204k|   0     0 | 190   765 |30-11 22:31:16
  2   2  94   0   0   2|   0     0 |4501k  194k|   0     0 | 173   782 |30-11 22:31:17
  1   2  96   0   0   1|   0     0 |3844k  171k|   0     0 | 165   747 |30-11 22:31:18
  1   2  95   0   0   2|   0     0 |3730k  169k|   0     0 | 177   729 |30-11 22:31:19
  3   2  94   0   0   1|   0     0 |4291k  186k|   0     0 | 198   785 |30-11 22:31:20
  1   1  97   0   0   1|   0     0 |4099k  182k|   0     0 | 193   762 |30-11 22:31:21
  2   2  95   0   0   1|   0     0 |3552k  160k|   0     0 | 167   737 |30-11 22:31:22
  2   2  95   0   0   1|   0  8192B|3932k  175k|   0     0 | 207   822 |30-11 22:31:23
  2   2  95   0   0   2|   0     0 |4616k  198k|   0     0 | 176   758 |30-11 22:31:24
  1   2  96   0   0   1|   0     0 |4163k  176k|   0     0 | 164   708 |30-11 22:31:25
  2   3  95   0   0   1|   0     0 |4395k  188k|   0     0 | 168   732 |30-11 22:31:26
  1   2  96   0   0   2|   0     0 |4403k  189k|   0     0 | 191   767 |30-11 22:31:27
  1   2  96   0   0   1|   0     0 |4665k  195k|   0     0 | 182   744 |30-11 22:31:28
  2   2  95   0   0   2|   0     0 |3975k  181k|   0     0 | 193   801 |30-11 22:31:29
  1   2  96   0   0   2|   0     0 |4533k  196k|   0     0 | 191   766 |30-11 22:31:30
  1   1  98   0   0   1|   0     0 |1982k   83k|   0     0 |  88   419 |30-11 22:31:31
  1   1  98   0   0   0|   0  4096B|  13k   19k|   0     0 |  53   253 |30-11 22:31:32
  0   0 100   0   0   0|   0     0 |   0     0 |   0     0 |  20    40 |30-11 22:31:33
  1   0 100   0   0   0|   0     0 |   0     0 |   0     0 |  35    76 |30-11 22:31:34
  0   0  99   0   0   0|   0     0 |5422B 2784B|   0     0 |  24    60 |30-11 22:31:35
  0   0 100   0   0   0|   0     0 |   0     0 |   0     0 |  27    58 |30-11 22:31:36
  7   3  90   0   0   0|   0     0 |3621B 2761B|   0     0 | 165   513 |30-11 22:31:37
  2   2  96   0   0   1|   0     0 |3550k  194k|   0     0 | 198   780 |30-11 22:31:38
  2   3  94   0   0   2|   0     0 |3890k  182k|   0     0 | 206   813 |30-11 22:31:39
  1   3  95   0   0   2|   0     0 |3858k  175k|   0     0 | 181   794 |30-11 22:31:40
  2   2  94   0   0   2|   0     0 |4455k  213k|   0     0 | 208   858 |30-11 22:31:41
  2   1  96   1   0   1|   0    36k|3906k  186k|   0     0 | 201   851 |30-11 22:31:42
  2   2  96   0   0   1|   0     0 |4191k  192k|   0     0 | 197   746 |30-11 22:31:43
  2   3  94   0   0   2|   0    12k|3891k  189k|   0     0 | 190   806 |30-11 22:31:44
  1   2  95   0   0   2|   0     0 |3953k  190k|   0     0 | 192   821 |30-11 22:31:45
  2   2  95   0   0   2|   0     0 |3855k  184k|   0     0 | 208   853 |30-11 22:31:46
  2   2  95   0   0   1|   0     0 |4186k  187k|   0     0 | 178   776 |30-11 22:31:47
  2   2  94   0   0   2|   0     0 |4131k  201k|   0     0 | 176   816 |30-11 22:31:48
  2   3  94   0   0   1|   0     0 |4261k  192k|   0     0 | 176   834 |30-11 22:31:49
  1   3  95   0   0   1|   0     0 |4531k  202k|   0     0 | 171   750 |30-11 22:31:50
  2   1  94   0   0   3|   0     0 |4364k  205k|   0     0 | 178   865 |30-11 22:31:51
  1   3  95   0   0   1|   0     0 |4373k  212k|   0     0 | 176   779 |30-11 22:31:52
  1   2  96   0   0   1|   0     0 |4164k  199k|   0     0 | 202   859 |30-11 22:31:53
  2   3  95   0   0   1|   0  8192B|3873k  181k|   0     0 | 193   817 |30-11 22:31:54
  1   2  97   0   0   1|   0     0 |3994k  186k|   0     0 | 181   787 |30-11 22:31:55
  1   2  95   0   0   2|   0     0 |4048k  191k|   0     0 | 176   795 |30-11 22:31:56
  2   2  95   0   0   2|   0     0 |4176k  188k|   0     0 | 205   812 |30-11 22:31:57
  0   1  99   0   0   1|   0     0 | 798k   37k|   0     0 |  84   342 |30-11 22:31:58
  1   2  98   0   0   0|   0  4096B|8280B   16k|   0     0 |  61   258 |30-11 22:31:59
  0   0 100   0   0   0|   0     0 |5422B 2784B|   0     0 |  26    61 |30-11 22:32:00
  0   0 100   0   0   0|   0     0 | 102B  192B|   0     0 |  21    42 |30-11 22:32:01
  0   0 100   0   0   0|   0     0 |   0     0 |   0     0 |  21    33 |30-11 22:32:02
  0   0 100   0   0   0|   0     0 |5422B 2784B|   0     0 |  20    57 |30-11 22:32:03
  8   7  84   0   0   1|   0     0 |1632k  124k|   0     0 | 229   718 |30-11 22:32:04
  1   1  96   0   0   3|   0     0 |5375k  264k|   0     0 | 169   787 |30-11 22:32:05
  2   2  95   0   0   2|   0     0 |4306k  217k|   0     0 | 215   868 |30-11 22:32:06
  1   3  95   0   0   2|   0     0 |4354k  229k|   0     0 | 216   900 |30-11 22:32:07
  1   3  95   0   0   2|   0     0 |4406k  224k|   0     0 | 211   827 |30-11 22:32:08
  4   2  92   0   0   3|   0     0 |5074k  251k|   0     0 | 210   896 |30-11 22:32:09
  0   2  96   0   0   2|   0     0 |4681k  245k|   0     0 | 225   875 |30-11 22:32:10
  2   3  93   0   0   3|   0     0 |5425k  269k|   0     0 | 214   841 |30-11 22:32:11
  2   2  88   7   0   2|   0     0 |4686k  239k|   0     0 | 211   835 |30-11 22:32:12
  2   2  74  21   0   2|   0    52k|4375k  221k|   0     0 | 200   839 |30-11 22:32:13
  1   3  94   0   0   2|   0    36k|4634k  233k|   0     0 | 212   812 |30-11 22:32:14
  1   3  94   0   0   2|   0     0 |4672k  239k|   0     0 | 202   803 |30-11 22:32:15
  2   1  95   0   0   2|   0     0 |4205k  224k|   0     0 | 215   876 |30-11 22:32:16
  2   3  94   0   0   2|   0     0 |4658k  238k|   0     0 | 201   845 |30-11 22:32:17
  2   3  94   0   0   1|   0     0 |4632k  225k|   0     0 | 226   855 |30-11 22:32:18
  1   3  93   0   0   3|   0     0 |4747k  234k|   0     0 | 225   910 |30-11 22:32:19
  1   1  97   0   0   1|   0     0 |4482k  227k|   0     0 | 194   803 |30-11 22:32:20
  1   1  96   0   0   2|   0     0 |4143k  213k|   0     0 | 205   841 |30-11 22:32:21
  1   3  95   0   0   1|   0     0 |4594k  228k|   0     0 | 194   818 |30-11 22:32:22
  1   2  95   0   0   3|   0     0 |4331k  217k|   0     0 | 203   847 |30-11 22:32:23
  2   2  94   0   0   2|   0     0 |3687k  185k|   0     0 | 216   928 |30-11 22:32:24
  0   0 100   0   0   0|   0  4096B| 190k 9095B|   0     0 |  79   308 |30-11 22:32:25
  1   2  98   0   0   0|   0  8192B|  31k   27k|   0     0 |  60   246 |30-11 22:32:26
  1   0 100   0   0   0|   0     0 |5422B 2784B|   0     0 |  32    71 |30-11 22:32:27
  0   0 100   0   0   0|   0     0 |   0     0 |   0     0 |  23    35 |30-11 22:32:28
  0   0 100   0   0   0|   0     0 |   0     0 |   0     0 |  34    82 |30-11 22:32:29
  1   0  99   0   0   0|   0  4096B|5422B 2784B|   0     0 |  31    70 |30-11 22:32:30
  0   0 100   0   0   0|   0     0 |   0     0 |   0     0 |  18    23 |30-11 22:32:31
  0   0 100   0   0   0|   0     0 | 247B  140B|   0     0 |  21    46 |30-11 22:32:32
  9   6  84   0   0   2|   0     0 |3158k  191k|   0     0 | 255   856 |30-11 22:32:33
  2   2  93   0   0   2|   0     0 |4756k  231k|   0     0 | 181   810 |30-11 22:32:34
  1   1  97   0   0   2|   0  4096B|3991k  181k|   0     0 | 186   766 |30-11 22:32:35
  2   3  94   0   0   1|   0     0 |3949k  196k|   0     0 | 212   877 |30-11 22:32:36
  1   2  96   0   0   1|   0     0 |4411k  204k|   0     0 | 195   771 |30-11 22:32:37
  2   2  96   0   0   1|   0     0 |4584k  214k|   0     0 | 204   840 |30-11 22:32:38
  1   2  96   0   0   2|   0     0 |4200k  206k|   0     0 | 204   819 |30-11 22:32:39
  1   3  94   0   0   1|   0     0 |3663k  183k|   0     0 | 194   835 |30-11 22:32:40
  2   3  95   0   0   2|   0     0 |3843k  198k|   0     0 | 185   787 |30-11 22:32:41
  2   2  94   0   0   2|   0     0 |4460k  210k|   0     0 | 196   774 |30-11 22:32:42
  1   2  95   2   0   2|   0    36k|4922k  226k|   0     0 | 188   823 |30-11 22:32:43
  2   2  94   0   0   3|   0     0 |4711k  225k|   0     0 | 205   871 |30-11 22:32:44
  1   4  94   0   0   2|   0     0 |3967k  198k|   0     0 | 231   898 |30-11 22:32:45
  2   4  94   0   0   1|   0     0 |4301k  216k|   0     0 | 210   897 |30-11 22:32:46
  1   1  96   0   0   2|   0     0 |4000k  193k|   0     0 | 199   769 |30-11 22:32:47
  2   3  95   0   0   1|   0     0 |3920k  191k|   0     0 | 209   799 |30-11 22:32:48
  2   2  94   0   0   2|   0     0 |4333k  206k|   0     0 | 212   799 |30-11 22:32:49
  1   3  95   0   0   2|   0     0 |4010k  206k|   0     0 | 189   774 |30-11 22:32:50
  2   2  95   0   0   1|   0     0 |4213k  208k|   0     0 | 196   793 |30-11 22:32:51
  2   2  94   0   0   2|   0     0 |4282k  208k|   0     0 | 177   761 |30-11 22:32:52
  1   2  96   0   0   2|   0     0 |3183k  149k|   0     0 | 176   746 |30-11 22:32:53
  1   0  99   0   0   0|   0     0 |  73k 5730B|   0     0 |  66   268 |30-11 22:32:54
  0   0 100   0   0   0|   0     0 |4328B  132B|   0     0 |  29    48 |30-11 22:32:55
  0   0 100   0   0   0|   0     0 |4328B  132B|   0     0 |  25    43 |30-11 22:32:56
  0   1  99   0   0   0|   0     0 |5422B 2784B|   0     0 |  26    64 |30-11 22:32:57
  0   0 100   0   0   0|   0     0 |   0     0 |   0     0 |  24    39 |30-11 22:32:58
  0   0 100   0   0   0|   0     0 |   0     0 |   0     0 |  29    70 |30-11 22:32:59
  1   0  99   0   0   1|   0    16k|  23k   29k|   0     0 |  41   121 |30-11 22:33:00
  1   1  98   0   0   0|   0     0 |2607B 6009B|   0     0 |  60   233 |30-11 22:33:01
 10   5  83   0   0   2|   0     0 |4372k  236k|   0     0 | 244   863 |30-11 22:33:02
  2   2  94   0   0   2|   0     0 |5652k  267k|   0     0 | 172   782 |30-11 22:33:03
  2   1  94   0   0   2|   0     0 |4235k  201k|   0     0 | 186   815 |30-11 22:33:04
  1   3  95   0   0   2|   0     0 |4196k  206k|   0     0 | 204   829 |30-11 22:33:05
  2   1  96   0   0   2|   0  4096B|4095k  199k|   0     0 | 206   840 |30-11 22:33:06
  2   2  94   0   0   2|   0     0 |4196k  206k|   0     0 | 197   803 |30-11 22:33:07
  1   2  96   0   0   1|   0     0 |3907k  188k|   0     0 | 194   816 |30-11 22:33:08
  2   2  95   0   0   2|   0     0 |4416k  211k|   0     0 | 208   849 |30-11 22:33:09
  2   3  95   0   0   1|   0     0 |4704k  223k|   0     0 | 192   788 |30-11 22:33:10
  2   3  94   0   0   1|   0     0 |4817k  227k|   0     0 | 201   778 |30-11 22:33:11
  1   2  95   0   0   2|   0     0 |4115k  203k|   0     0 | 166   754 |30-11 22:33:12
  2   1  96   0   0   1|   0     0 |4109k  200k|   0     0 | 192   769 |30-11 22:33:13
  1   3  93   3   0   1|   0    64k|4602k  212k|   0     0 | 206   813 |30-11 22:33:14
  1   2  95   0   0   2|   0     0 |4096k  193k|   0     0 | 180   787 |30-11 22:33:15
  2   1  95   0   0   2|   0    52k|4199k  208k|   0     0 | 205   786 |30-11 22:33:16
  1   2  95   0   0   2|   0     0 |4101k  203k|   0     0 | 198   787 |30-11 22:33:17
  2   2  95   0   0   2|   0     0 |4131k  216k|   0     0 | 198   808 |30-11 22:33:18
  3   3  92   0   0   2|   0     0 |4535k  213k|   0     0 | 212   849 |30-11 22:33:19
  3   2  95   0   0   1|   0     0 |4263k  207k|   0     0 | 207   773 |30-11 22:33:20
  2   2  94   0   0   2|   0    16k|4518k  208k|   0     0 | 216   876 |30-11 22:33:21
  1   1  98   0   0   1|   0     0 |2675k  125k|   0     0 | 187   744 |30-11 22:33:22
  0   0 100   0   0   1|   0     0 |  55k 2004B|   0     0 |  39   168 |30-11 22:33:23
  0   1  99   0   0   0|   0     0 |  15k 1382B|   0     0 |  64   188 |30-11 22:33:24
  2   1  97   0   0   0|   0  8192B|  19k   30k|   0     0 |  88   301 |30-11 22:33:25
  0   1 100   0   0   0|   0     0 | 534B  664B|   0     0 |  34    81 |30-11 22:33:26
  0   0 100   0   0   0|   0     0 | 840B  518B|   0     0 |  47   102 |30-11 22:33:27
  1   0 100   0   0   0|   0     0 |5422B 2784B|   0     0 |  27    59 |30-11 22:33:28
  1   0 100   0   0   0|   0     0 | 168B  102B|   0     0 |  39    90 |30-11 22:33:29
  8   3  90   0   0   0|   0     0 |3621B 3767B|   0     0 | 203   542 |30-11 22:33:30
