[7l----total-cpu-usage---- -dsk/total- -net/total- ---paging-- ---system-- ----system----
usr sys idl wai hiq siq| read  writ| recv  send|  in   out | int   csw |     time     
  5   4  90   0   0   1|  20k  175k|   0     0 |   0     0 |3031  8624 |02-12 20:05:05
  0   0 100   0   0   0|   0     0 |   0     0 |   0     0 |  18    40 |02-12 20:05:06
  0   0  99   0   0   0|   0     0 |3311B 2695B|   0     0 | 147   367 |02-12 20:05:07
  5   1  94   0   0   0|   0     0 |8876B 7617B|   0     0 | 430  1084 |02-12 20:05:08
  0   0 100   0   0   0|   0     0 |   0     0 |   0     0 |  31   122 |02-12 20:05:09
  0   0 100   0   0   0|   0     0 |   0     0 |   0     0 |  20    82 |02-12 20:05:10
  0   0 100   0   0   0|   0     0 |5478B 2805B|   0     0 |  23   120 |02-12 20:05:11
  0   0 100   0   0   0|   0     0 |   0     0 |   0     0 |  33    79 |02-12 20:05:12
 15   2  81   0   0   1|   0     0 |4309k   10M|   0     0 |1925  6014 |02-12 20:05:13
 22   4  72   0   0   2|   0     0 |  14M   37M|   0     0 |3913    16k|02-12 20:05:14
  3   0  97   0   0   0|   0     0 |1961k 5242k|   0     0 | 591  2153 |02-12 20:05:15
  3   2  95   0   0   0|   0     0 |6119k   16M|   0     0 |1733  6498 |02-12 20:05:16
  7   1  91   0   0   0|   0     0 |5494k   14M|   0     0 |1756  5884 |02-12 20:05:17
  9   2  89   0   0   0|   0   292k|8827k   23M|   0     0 |3227  9663 |02-12 20:05:18
  2   2  95   0   0   0|   0     0 |6770k   18M|   0     0 |2459  7262 |02-12 20:05:19
  2   1  96   0   0   0|   0     0 |7032k   18M|   0     0 |2460  7460 |02-12 20:05:20
  3   2  95   0   0   0|   0     0 |8587k   23M|   0     0 |3075  9212 |02-12 20:05:21
  3   1  96   0   0   0|   0     0 |7404k   19M|   0     0 |2643  7866 |02-12 20:05:22
  4   2  93   0   0   1|   0     0 |9194k   24M|   0     0 |3601  9763 |02-12 20:05:23
  5   4  91   0   0   0|   0     0 |  13M   36M|   0     0 |4992    15k|02-12 20:05:24
  1   2  97   0   0   0|   0     0 |5394k   14M|   0     0 |1705  5460 |02-12 20:05:25
  5   3  92   0   0   1|   0     0 |  13M   34M|   0     0 |4883    14k|02-12 20:05:26
  2   2  96   0   0   0|   0     0 |6027k   16M|   0     0 |2277  6384 |02-12 20:05:27
  2   1  97   0   0   0|   0     0 |5216k   14M|   0     0 |1990  5694 |02-12 20:05:28
  1   1  98   0   0   0|   0     0 |2987k 8062k|   0     0 |1207  3336 |02-12 20:05:29
  1   1  98   0   0   0|   0     0 |2450k 6612k|   0     0 | 951  2613 |02-12 20:05:30
  4   3  92   0   0   1|   0     0 |  13M   34M|   0     0 |5401    14k|02-12 20:05:31
  1   1  97   0   0   0|   0     0 |3653k 9830k|   0     0 |1454  3765 |02-12 20:05:32
  3   2  94   1   0   0|   0   164k|7572k   20M|   0     0 |3001  7979 |02-12 20:05:33
  4   3  92   0   0   1|   0     0 |  13M   35M|   0     0 |5383    15k|02-12 20:05:34
  5   4  91   0   0   1|   0     0 |  16M   43M|   0     0 |6502    17k|02-12 20:05:35
  1   1  98   0   0   0|   0     0 |2194k 5903k|   0     0 | 989  2492 |02-12 20:05:36
  1   1  98   0   0   0|   0     0 |3488k 9382k|   0     0 |1315  3645 |02-12 20:05:37
  0   0 100   0   0   0|   0    36k| 428k 1185k|   0     0 | 140   479 |02-12 20:05:38
  1   1  98   0   0   0|   0     0 |3094k 8339k|   0     0 | 836  3563 |02-12 20:05:39
  2   1  96   0   0   0|   0     0 |7078k   19M|   0     0 |2549  7459 |02-12 20:05:40
  4   3  93   0   0   0|   0     0 |  14M   37M|   0     0 |5522    15k|02-12 20:05:41
  5   4  91   0   0   1|   0     0 |  13M   35M|   0     0 |5412    14k|02-12 20:05:42
  4   3  92   0   0   0|   0     0 |  12M   31M|   0     0 |4961    12k|02-12 20:05:43
  2   1  97   0   0   0|   0     0 |5285k   14M|   0     0 |2026  5391 |02-12 20:05:44
 11   2  86   0   0   1|   0     0 |9342k   25M|   0     0 |3711    10k|02-12 20:05:45
  5   3  92   0   0   1|   0     0 |  10M   26M|   0     0 |3945    10k|02-12 20:05:46
  4   2  93   0   0   0|   0     0 |6515k   17M|   0     0 |2356  6619 |02-12 20:05:47
  1   0  99   0   0   0|   0     0 |1078k 2962k|   0     0 | 382  1189 |02-12 20:05:48
  6   4  89   0   0   1|   0     0 |  17M   44M|   0     0 |6898    18k|02-12 20:05:49
  3   2  95   0   0   1|   0     0 |8497k   22M|   0     0 |3500  8999 |02-12 20:05:50
  3   3  94   0   0   0|   0     0 |  10M   28M|   0     0 |4692    12k|02-12 20:05:51
  3   2  95   0   0   0|   0     0 |7436k   19M|   0     0 |3138  8215 |02-12 20:05:52
  3   2  94   0   0   0|   0     0 |7820k   21M|   0     0 |3505  8892 |02-12 20:05:53
  2   1  97   0   0   0|   0     0 |2499k 6802k|   0     0 |1180  2978 |02-12 20:05:54
  2   2  96   0   0   0|   0     0 |6252k   16M|   0     0 |2660  6571 |02-12 20:05:55
  2   2  96   0   0   1|   0     0 |8351k   22M|   0     0 |3532  8855 |02-12 20:05:56
  1   1  98   0   0   0|   0     0 |4350k   11M|   0     0 |1413  4364 |02-12 20:05:57
  7   5  87   0   0   0|   0     0 |  17M   46M|   0     0 |7611    20k|02-12 20:05:58
  1   1  99   0   0   0|   0     0 |1572k 4243k|   0     0 | 645  1806 |02-12 20:05:59
  2   2  96   0   0   0|   0     0 |5274k   14M|   0     0 |2208  5841 |02-12 20:06:00
  1   1  98   0   0   0|   0     0 |2704k 7431k|   0     0 |1056  3144 |02-12 20:06:01
  5   4  90   0   0   1|   0     0 |  14M   37M|   0     0 |6013    15k|02-12 20:06:02
  1   1  98   0   0   0|   0     0 |1950k 5287k|   0     0 | 770  2118 |02-12 20:06:03
  3   3  93   1   0   0|   0    44k|  12M   33M|   0     0 |5400    14k|02-12 20:06:04
  3   3  94   0   0   0|   0     0 |  11M   29M|   0     0 |4866    12k|02-12 20:06:05
  3   2  95   0   0   1|   0     0 |7785k   20M|   0     0 |3318  8629 |02-12 20:06:06
  0   0 100   0   0   0|   0     0 |  81k  249k|   0     0 |  87   261 |02-12 20:06:07
  3   3  93   0   0   0|   0     0 |  12M   33M|   0     0 |5261    14k|02-12 20:06:08
  3   2  94   0   0   0|   0    28k|8979k   23M|   0     0 |3777  9895 |02-12 20:06:09
  4   3  93   0   0   1|   0     0 |  13M   34M|   0     0 |5467    13k|02-12 20:06:10
  1   1  98   0   0   0|   0     0 |4038k   11M|   0     0 |1711  4499 |02-12 20:06:11
  1   0  99   0   0   0|   0     0 |1940k 5251k|   0     0 | 789  2146 |02-12 20:06:12
  1   1  98   0   0   0|   0     0 |2988k 8759k|   0     0 |1447  3647 |02-12 20:06:13
 11   4  86   0   0   0|   0     0 |  21k  319k|   0     0 | 151   324 |02-12 20:06:14
  6   6  88   0   0   0|   0     0 |5478B 2805B|   0     0 |  45   158 |02-12 20:06:15
  6   5  90   0   0   0|   0     0 |   0     0 |   0     0 |  62   171 |02-12 20:06:16
  6   5  89   0   0   0|   0     0 |   0     0 |   0     0 |  22    79 |02-12 20:06:17
  5   5  90   0   0   0|   0     0 |5478B 2805B|   0     0 |  31   120 |02-12 20:06:18
  5   6  89   0   0   0|   0     0 |1961B 1851B|   0     0 |  89   259 |02-12 20:06:19
 10   6  84   0   0   0|   0     0 |4634B 5838B|   0     0 | 650  1433 |02-12 20:06:20
  6   1  93   0   0   0|   0     0 |  12k 9463B|   0     0 | 438  1062 |02-12 20:06:21
  0   0 100   0   0   0|   0     0 |   0     0 |   0     0 |  18    25 |02-12 20:06:22
  0   0 100   0   0   0|   0     0 |   0     0 |   0     0 |  18    39 |02-12 20:06:23
  0   0 100   0   0   0|   0     0 |5478B 2805B|   0     0 |  31   104 |02-12 20:06:24
  0   0 100   0   0   0|   0     0 |   0     0 |   0     0 |  23    35 |02-12 20:06:25
  0   0 100   0   0   0|   0     0 |   0     0 |   0     0 |  18    25 |02-12 20:06:26
  0   0 100   0   0   0|   0     0 |5900B 3517B|   0     0 |  19    84 |02-12 20:06:27
  0   0 100   0   0   0|   0     0 |   0     0 |   0     0 |  23    41 |02-12 20:06:28
  0   0 100   0   0   0|   0     0 |   0     0 |   0     0 |  36    97 |02-12 20:06:29
  0   0 100   0   0   0|   0     0 |5478B 2805B|   0     0 |  21    71 |02-12 20:06:30
  0   0 100   0   0   0|   0     0 |   0     0 |   0     0 |  19    45 |02-12 20:06:31
  0   0 100   0   0   0|   0     0 |   0     0 |   0     0 |  18    27 |02-12 20:06:32
  0   0 100   0   0   0|   0     0 |5478B 2805B|   0     0 |  20    59 |02-12 20:06:33
  0   0 100   0   0   0|   0     0 |2043B 1917B|   0     0 |  42   116 |02-12 20:06:34
  2   1  97   0   0   0|   0    68k|1644B 1960B|   0     0 | 216   564 |02-12 20:06:35
  0   0 100   0   0   0|   0     0 |6934B 3449B|   0     0 |  94   277 |02-12 20:06:36
  0   0 100   0   0   0|   0     0 |   0     0 |   0     0 |  18    29 |02-12 20:06:37
  0   0 100   0   0   0|   0     0 |2043B 1917B|   0     0 |  31    80 |02-12 20:06:38
  4   1  96   0   0   0|   0     0 |8246B 5095B|   0     0 | 374   952 |02-12 20:06:39
  1   0  98   0   0   0|   0  8192B|2132B 3492B|   0     0 | 213   552 |02-12 20:06:40
  0   0 100   0   0   0|   0     0 |   0     0 |   0     0 |  18    77 |02-12 20:06:41
  0   0 100   0   0   0|   0     0 |   0     0 |   0     0 |  19    69 |02-12 20:06:42
  0   0 100   0   0   0|   0     0 |5478B 2805B|   0     0 |  19   111 |02-12 20:06:43
 11   1  88   0   0   0|   0     0 |2106k 4644k|   0     0 |1454  3828 |02-12 20:06:44
 26   6  66   0   0   2|   0     0 |  15M   41M|   0     0 |4130    17k|02-12 20:06:45
 20   6  72   0   0   2|   0     0 |  18M   47M|   0     0 |5766    19k|02-12 20:06:46
 12   5  82   0   0   1|   0     0 |  20M   53M|   0     0 |6295    20k|02-12 20:06:47
  6   5  88   0   0   1|   0     0 |  17M   46M|   0     0 |6636    19k|02-12 20:06:48
  7   5  87   0   0   1|   0     0 |  20M   53M|   0     0 |7746    21k|02-12 20:06:49
  7   5  86   0   0   1|   0     0 |  21M   57M|   0     0 |8358    22k|02-12 20:06:50
  6   5  88   0   0   1|   0     0 |  17M   47M|   0     0 |6758    18k|02-12 20:06:51
  7   5  88   0   0   1|   0     0 |  19M   51M|   0     0 |7789    20k|02-12 20:06:52
  5   6  89   0   0   1|   0     0 |  20M   54M|   0     0 |8446    21k|02-12 20:06:53
  5   5  89   0   0   1|   0     0 |  18M   48M|   0     0 |7643    19k|02-12 20:06:54
  5   5  89   0   0   1|   0    88k|  18M   49M|   0     0 |7886    20k|02-12 20:06:55
  5   5  89   0   0   1|   0     0 |  17M   44M|   0     0 |7043    17k|02-12 20:06:56
  6   6  88   0   0   1|   0     0 |  18M   49M|   0     0 |7552    19k|02-12 20:06:57
 13   4  82   0   0   1|   0     0 |  17M   45M|   0     0 |7315    18k|02-12 20:06:58
  8   5  86   0   0   1|   0     0 |  18M   49M|   0     0 |7853    20k|02-12 20:06:59
  8   5  86   0   0   1|   0     0 |  21M   55M|   0     0 |8921    22k|02-12 20:07:00
  6   4  90   0   0   1|   0     0 |  19M   50M|   0     0 |7980    20k|02-12 20:07:01
  4   3  93   0   0   0|   0     0 |  13M   34M|   0     0 |5478    13k|02-12 20:07:02
  3   2  95   0   0   0|   0     0 |8173k   21M|   0     0 |3634  8562 |02-12 20:07:03
  0   0 100   0   0   0|   0     0 |  43k  126k|   0     0 |  31   143 |02-12 20:07:04
  1   1  98   0   0   0|   0  4096B|2208k 5955k|   0     0 | 698  2193 |02-12 20:07:05
  4   3  93   0   0   1|   0    84k|  12M   34M|   0     0 |4961    13k|02-12 20:07:06
  6   5  89   0   0   1|   0     0 |  19M   51M|   0     0 |8025    20k|02-12 20:07:07
  6   5  89   0   0   1|   0     0 |  19M   50M|   0     0 |7848    20k|02-12 20:07:08
  4   6  90   0   0   0|   0     0 |  16M   44M|   0     0 |6971    17k|02-12 20:07:09
  3   3  94   0   0   0|   0    32k|7982k   21M|   0     0 |3377  8412 |02-12 20:07:10
  4   4  92   0   0   0|   0     0 |  14M   39M|   0     0 |6251    15k|02-12 20:07:11
  3   1  95   0   0   1|   0     0 |8974k   24M|   0     0 |3931  9496 |02-12 20:07:12
  2   2  95   0   0   1|   0     0 |8733k   23M|   0     0 |3854  9222 |02-12 20:07:13
  3   3  94   0   0   0|   0     0 |9573k   25M|   0     0 |4135  9941 |02-12 20:07:14
  4   3  92   0   0   1|   0  4096B|  11M   29M|   0     0 |4981    12k|02-12 20:07:15
  3   2  94   0   0   0|   0     0 |9222k   24M|   0     0 |3805  9145 |02-12 20:07:16
  7   5  87   0   0   1|   0     0 |  21M   55M|   0     0 |8619    21k|02-12 20:07:17
  5   5  90   0   0   0|   0     0 |  19M   50M|   0     0 |7736    19k|02-12 20:07:18
  6   5  88   0   0   1|   0     0 |  19M   50M|   0     0 |7947    20k|02-12 20:07:19
  6   6  87   0   0   1|   0     0 |  20M   52M|   0     0 |8202    20k|02-12 20:07:20
  4   5  91   0   0   0|   0     0 |  18M   49M|   0     0 |7740    19k|02-12 20:07:21
  4   4  92   0   0   0|   0     0 |  16M   43M|   0     0 |6792    17k|02-12 20:07:22
  7   5  87   0   0   1|   0     0 |  19M   52M|   0     0 |8067    20k|02-12 20:07:23
  7   6  86   0   0   1|   0     0 |  19M   51M|   0     0 |7907    20k|02-12 20:07:24
  7   5  88   0   0   1|   0     0 |  19M   50M|   0     0 |8025    20k|02-12 20:07:25
  6   6  88   0   0   0|   0     0 |  19M   51M|   0     0 |8487    21k|02-12 20:07:26
  6   4  90   0   0   1|   0     0 |  19M   51M|   0     0 |8057    20k|02-12 20:07:27
  4   4  90   0   0   1|   0     0 |  17M   46M|   0     0 |7586    19k|02-12 20:07:28
  7   4  89   0   0   1|   0     0 |  20M   52M|   0     0 |8577    20k|02-12 20:07:29
  6   5  89   0   0   1|   0     0 |  19M   52M|   0     0 |8200    20k|02-12 20:07:30
  6   4  89   0   0   0|   0     0 |  19M   51M|   0     0 |8357    21k|02-12 20:07:31
  6   6  88   0   0   0|   0     0 |  20M   53M|   0     0 |8370    21k|02-12 20:07:32
  5   4  91   0   0   0|   0     0 |  18M   49M|   0     0 |7682    19k|02-12 20:07:33
  5   4  90   0   0   1|   0     0 |  19M   50M|   0     0 |8318    20k|02-12 20:07:34
  6   5  89   0   0   0|   0     0 |  20M   53M|   0     0 |8433    21k|02-12 20:07:35
  7   5  88   0   0   0|   0    64k|  18M   49M|   0     0 |7636    19k|02-12 20:07:36
  5   4  90   0   0   1|   0    24k|  19M   52M|   0     0 |8403    20k|02-12 20:07:37
  5   5  90   0   0   1|   0     0 |  20M   52M|   0     0 |8249    20k|02-12 20:07:38
  6   6  88   0   0   1|   0     0 |  19M   52M|   0     0 |8279    20k|02-12 20:07:39
  6   6  88   0   0   1|   0     0 |  18M   49M|   0     0 |7788    19k|02-12 20:07:40
  6   4  89   0   0   1|   0    20k|  19M   52M|   0     0 |8631    21k|02-12 20:07:41
  6   5  89   0   0   1|   0     0 |  19M   50M|   0     0 |7803    19k|02-12 20:07:42
  6   3  90   0   0   1|   0     0 |  18M   49M|   0     0 |8206    20k|02-12 20:07:43
  6   4  89   0   0   1|   0     0 |  17M   47M|   0     0 |7634    18k|02-12 20:07:44
 16   7  76   0   0   0|   0     0 |4314B 6426B|   0     0 | 341   287 |02-12 20:07:45
 13   4  83   0   0   0|   0  8192B|   0     0 |   0     0 |  63    95 |02-12 20:07:46
  5   6  89   0   0   0|   0     0 |5478B 2805B|   0     0 |  73   223 |02-12 20:07:47
  5   5  89   0   0   0|   0     0 |   0     0 |   0     0 |  23    87 |02-12 20:07:48
  5   5  89   0   0   0|   0     0 |   0     0 |   0     0 |  49   136 |02-12 20:07:49
  5   5  89   0   0   0|   0     0 |5725B 3052B|   0     0 |  55   208 |02-12 20:07:50
  7   7  87   0   0   0|   0     0 |3440B 3630B|   0     0 | 285   675 |02-12 20:07:51
 11   3  86   0   0   0|   0     0 |  10k   11k|   0     0 | 855  1890 |02-12 20:07:52
  0   0 100   0   0   0|   0     0 |5478B 2805B|   0     0 |  21    68 |02-12 20:07:53
  0   0 100   0   0   0|   0     0 |   0     0 |   0     0 |  18    25 |02-12 20:07:54
  0   0 100   0   0   0|   0     0 |   0     0 |   0     0 |  29    89 |02-12 20:07:55
  0   0 100   0   0   0|   0     0 |5478B 2805B|   0     0 |  25    80 |02-12 20:07:56
  0   0 100   0   0   0|   0     0 |   0     0 |   0     0 |  23    43 |02-12 20:07:57
  0   0 100   0   0   0|   0     0 |   0     0 |   0     0 |  23    41 |02-12 20:07:58
  0   0 100   0   0   0|   0     0 |5478B 2805B|   0     0 |  22    79 |02-12 20:07:59
  0   0  99   0   0   0|   0     0 |2682B 5592B|   0     0 |  59   185 |02-12 20:08:00
  0   0 100   0   0   0|   0     0 |   0     0 |   0     0 |  23    42 |02-12 20:08:01
  2   1  98   0   0   0|   0     0 |8967B 6572B|   0     0 | 222   622 |02-12 20:08:02
  0   0 100   0   0   0|   0     0 |1390B  754B|   0     0 |  95   261 |02-12 20:08:03
  1   1  98   0   0   0|   0     0 |3311B 2695B|   0     0 | 159   401 |02-12 20:08:04
  4   1  95   0   0   0|   0     0 |8876B 7617B|   0     0 | 446  1141 |02-12 20:08:05
  0   0 100   0   0   0|   0     0 |   0     0 |   0     0 |  23   107 |02-12 20:08:06
  0   0 100   0   0   0|   0     0 |   0     0 |   0     0 |  24   123 |02-12 20:08:07
  0   0  99   0   0   0|   0    88k|5478B 2805B|   0     0 |  20   112 |02-12 20:08:08
  0   0 100   0   0   0|   0     0 |   0     0 |   0     0 |  19    71 |02-12 20:08:09
  0   0 100   0   0   0|   0     0 | 419k   13k|   0     0 |  52   169 |02-12 20:08:10
 30   5  64   0   0   2|   0     0 |  11M   28M|   0     0 |3828    13k|02-12 20:08:11
 25   7  66   0   0   2|   0     0 |  17M   46M|   0     0 |5322    18k|02-12 20:08:12
 14   4  80   0   0   1|   0     0 |  19M   51M|   0     0 |6623    20k|02-12 20:08:13
  6   4  89   0   0   1|   0     0 |  18M   48M|   0     0 |6665    19k|02-12 20:08:14
  8   6  85   0   0   1|   0     0 |  20M   53M|   0     0 |7656    21k|02-12 20:08:15
  6   5  88   0   0   1|   0     0 |  19M   51M|   0     0 |7768    20k|02-12 20:08:16
  7   6  86   0   0   1|   0  8192B|  19M   52M|   0     0 |7769    20k|02-12 20:08:17
  6   5  89   0   0   1|   0     0 |  19M   50M|   0     0 |7469    19k|02-12 20:08:18
  7   5  87   0   0   1|   0     0 |  20M   54M|   0     0 |8170    21k|02-12 20:08:19
  8   5  86   0   0   1|   0     0 |  19M   50M|   0     0 |8005    20k|02-12 20:08:20
  7   5  87   0   0   1|   0     0 |  19M   52M|   0     0 |8622    20k|02-12 20:08:21
  6   6  88   0   0   1|   0    92k|  20M   53M|   0     0 |8467    21k|02-12 20:08:22
  5   4  90   0   0   1|   0     0 |  17M   46M|   0     0 |7466    18k|02-12 20:08:23
 13   4  82   0   0   1|   0     0 |  19M   51M|   0     0 |7963    20k|02-12 20:08:24
 11   5  83   0   0   2|   0     0 |  18M   48M|   0     0 |7653    18k|02-12 20:08:25
  8   5  87   0   0   1|   0     0 |  19M   50M|   0     0 |8240    20k|02-12 20:08:26
  7   6  86   0   0   1|   0     0 |  19M   52M|   0     0 |8332    21k|02-12 20:08:27
  6   6  88   0   0   0|   0     0 |  19M   52M|   0     0 |8631    21k|02-12 20:08:28
  5   4  90   0   0   1|   0     0 |  19M   50M|   0     0 |8177    20k|02-12 20:08:29
  5   5  89   0   0   1|   0     0 |  18M   48M|   0     0 |7874    19k|02-12 20:08:30
  6   4  89   0   0   1|   0     0 |  20M   53M|   0     0 |8418    21k|02-12 20:08:31
  6   5  89   0   0   1|   0     0 |  18M   49M|   0     0 |7752    19k|02-12 20:08:32
  7   5  88   0   0   1|   0     0 |  19M   51M|   0     0 |8114    20k|02-12 20:08:33
  6   5  88   0   0   1|   0     0 |  20M   54M|   0     0 |8885    21k|02-12 20:08:34
  7   5  87   0   0   2|   0     0 |  18M   47M|   0     0 |7999    19k|02-12 20:08:35
  6   5  88   0   0   1|   0     0 |  18M   48M|   0     0 |8195    19k|02-12 20:08:36
  6   4  89   0   0   1|   0    32k|  19M   50M|   0     0 |8474    20k|02-12 20:08:37
  6   5  88   0   0   0|   0     0 |  19M   50M|   0     0 |8170    20k|02-12 20:08:38
  6   4  89   0   0   0|   0    48k|  20M   54M|   0     0 |8533    21k|02-12 20:08:39
  6   6  87   0   0   1|   0     0 |  20M   52M|   0     0 |8231    20k|02-12 20:08:40
  6   4  89   0   0   1|   0     0 |  18M   49M|   0     0 |8183    19k|02-12 20:08:41
  6   5  89   0   0   0|   0     0 |  19M   51M|   0     0 |8342    20k|02-12 20:08:42
  6   4  89   0   0   1|   0    84k|  19M   50M|   0     0 |8394    20k|02-12 20:08:43
  6   5  88   0   0   1|   0     0 |  19M   50M|   0     0 |8365    20k|02-12 20:08:44
  6   5  88   0   0   1|   0     0 |  20M   53M|   0     0 |8762    21k|02-12 20:08:45
  7   6  87   0   0   0|   0     0 |  19M   52M|   0     0 |8689    21k|02-12 20:08:46
  7   5  87   0   0   0|   0     0 |  20M   53M|   0     0 |8903    21k|02-12 20:08:47
  5   5  89   0   0   1|   0  4096B|  18M   49M|   0     0 |8196    19k|02-12 20:08:48
  6   5  88   0   0   0|   0     0 |  19M   51M|   0     0 |8522    20k|02-12 20:08:49
  6   5  88   0   0   1|   0     0 |  18M   49M|   0     0 |8202    20k|02-12 20:08:50
  6   4  90   0   0   1|   0     0 |  18M   47M|   0     0 |7915    18k|02-12 20:08:51
  6   5  88   0   0   1|   0     0 |  19M   51M|   0     0 |8441    21k|02-12 20:08:52
  6   4  89   0   0   1|   0     0 |  18M   47M|   0     0 |7977    19k|02-12 20:08:53
  7   5  87   0   0   1|   0     0 |  19M   50M|   0     0 |8368    20k|02-12 20:08:54
  6   5  89   0   0   1|   0     0 |  18M   47M|   0     0 |7983    19k|02-12 20:08:55
  6   5  89   0   0   1|   0     0 |  18M   49M|   0     0 |8222    19k|02-12 20:08:56
  5   4  90   0   0   0|   0     0 |  16M   42M|   0     0 |7075    17k|02-12 20:08:57
  6   5  88   0   0   1|   0     0 |  19M   50M|   0     0 |8622    20k|02-12 20:08:58
  6   5  88   0   0   1|   0     0 |  19M   52M|   0     0 |8847    21k|02-12 20:08:59
  7   5  86   0   0   1|   0     0 |  18M   49M|   0     0 |8407    20k|02-12 20:09:00
  6   4  89   0   0   1|   0     0 |  19M   51M|   0     0 |8584    20k|02-12 20:09:01
  6   5  88   0   0   0|   0     0 |  19M   52M|   0     0 |8794    21k|02-12 20:09:02
  6   6  87   0   0   1|   0     0 |  18M   48M|   0     0 |8051    19k|02-12 20:09:03
  8   6  86   0   0   1|   0     0 |  20M   55M|   0     0 |9360    23k|02-12 20:09:04
  8   6  85   0   0   1|   0     0 |  21M   55M|   0     0 |9131    22k|02-12 20:09:05
  7   4  89   0   0   0|   0     0 |  17M   47M|   0     0 |7325    18k|02-12 20:09:06
  6   5  88   0   0   1|   0     0 |  21M   55M|   0     0 |9195    22k|02-12 20:09:07
  6   4  89   0   0   1|   0    20k|  20M   54M|   0     0 |8920    22k|02-12 20:09:08
  6   4  89   0   0   0|   0     0 |  20M   52M|   0     0 |8378    20k|02-12 20:09:09
  5   5  90   0   0   1|   0    40k|  18M   50M|   0     0 |8030    20k|02-12 20:09:10
 11   6  83   0   0   0|   0     0 |  16k  103k|   0     0 | 111   209 |02-12 20:09:11
  6   5  89   0   0   0|   0     0 |5478B 7029B|   0     0 |  41   128 |02-12 20:09:12
  5   6  89   0   0   0|   0     0 |   0     0 |   0     0 |  27    80 |02-12 20:09:13
  5   5  90   0   0   0|   0     0 |   0     0 |   0     0 |  63   152 |02-12 20:09:14
  5   6  89   0   0   0|   0     0 |5478B 2805B|   0     0 |  46   174 |02-12 20:09:15
  5   5  90   0   0   0|   0     0 |   0     0 |   0     0 |  27    80 |02-12 20:09:16
  6   5  89   0   0   0|   0     0 |1911B 1917B|   0     0 |  48   149 |02-12 20:09:17
  9   6  85   0   0   0|   0     0 |9670B 8445B|   0     0 | 583  1299 |02-12 20:09:18
  8   2  90   0   0   0|   0     0 |6990B 6790B|   0     0 | 509  1217 |02-12 20:09:19
  0   0 100   0   0   0|   0     0 |   0     0 |   0     0 |  31    82 |02-12 20:09:20
  0   0 100   0   0   0|   0     0 |5478B 2805B|   0     0 |  20    63 |02-12 20:09:21
  0   0 100   0   0   0|   0     0 |   0     0 |   0     0 |  18    23 |02-12 20:09:22
  0   0 100   0   0   0|   0  8192B|   0     0 |   0     0 |  19    46 |02-12 20:09:23
  0   0 100   0   0   0|   0     0 |5478B 2805B|   0     0 |  25    79 |02-12 20:09:24
  0   0 100   0   0   0|   0     0 |   0     0 |   0     0 |  35    89 |02-12 20:09:25
  0   0 100   0   0   0|   0     0 |   0     0 |   0     0 |  26    53 |02-12 20:09:26
  0   0 100   0   0   0|   0     0 |5478B 2805B|   0     0 |  24    94 |02-12 20:09:27
  0   0 100   0   0   0|   0     0 |   0     0 |   0     0 |  19    25 |02-12 20:09:28
  0   0 100   0   0   0|   0     0 |   0     0 |   0     0 |  18    31 |02-12 20:09:29
  0   0 100   0   0   0|   0     0 |5900B 3517B|   0     0 |  35   118 |02-12 20:09:30
  0   0 100   0   0   0|   0     0 |   0     0 |   0     0 |  24    53 |02-12 20:09:31
  0   0 100   0   0   0|   0     0 |   0     0 |   0     0 |  22    43 |02-12 20:09:32
  0   0 100   0   0   0|   0     0 |7193B 4160B|   0     0 |  34   119 |02-12 20:09:33
  1   0  99   0   0   0|   0     0 |1596B 1340B|   0     0 | 145   346 |02-12 20:09:34
  2   1  98   0   0   0|   0     0 |1700B 1826B|   0     0 | 177   508 |02-12 20:09:35
  0   0 100   0   0   0|   0     0 |5478B 2805B|   0     0 |  20    70 |02-12 20:09:36
  0   0 100   0   0   0|   0     0 |1715B 1289B|   0     0 |  28    67 |02-12 20:09:37
  1   1  98   0   0   0|   0     0 |1774B 1406B|   0     0 | 153   354 |02-12 20:09:38
  4   1  95   0   0   0|   0     0 |  14k   17k|   0     0 | 667  1666 |02-12 20:09:39
  0   0 100   0   0   0|   0     0 |   0     0 |   0     0 |  38   157 |02-12 20:09:40
  0   0 100   0   0   0|   0     0 |   0     0 |   0     0 |  23    98 |02-12 20:09:41
  0   0  96   4   0   0|   0    76k|5478B 2805B|   0     0 |  26   120 |02-12 20:09:42
  0   0 100   0   0   0|   0     0 |   0     0 |   0     0 |  23   108 |02-12 20:09:43
 29   9  59   0   0   3|   0    80k|  10M   27M|   0     0 |2711  9724 |02-12 20:09:44
 34  11  49   0   0   5|   0     0 |  24M   64M|   0     0 |4792    19k|02-12 20:09:45
 14  10  73   0   0   3|   0     0 |  27M   73M|   0     0 |6818    24k|02-12 20:09:46
 16  10  70   0   0   3|   0     0 |  28M   74M|   0     0 |7267    23k|02-12 20:09:47
 12   7  79   0   0   2|   0     0 |  26M   68M|   0     0 |6499    20k|02-12 20:09:48
  9   9  80   0   0   2|   0    88k|  26M   70M|   0     0 |7714    23k|02-12 20:09:49
 10   8  80   0   0   2|   0     0 |  27M   73M|   0     0 |8005    24k|02-12 20:09:50
 11   7  80   0   0   3|   0     0 |  27M   71M|   0     0 |7871    23k|02-12 20:09:51
  9   8  81   0   0   3|   0     0 |  26M   71M|   0     0 |8501    24k|02-12 20:09:52
 10   7  81   0   0   2|   0     0 |  28M   76M|   0     0 |9001    26k|02-12 20:09:53
 12   8  76   0   0   3|   0  8192B|  27M   71M|   0     0 |7098    21k|02-12 20:09:54
 14   9  73   0   0   4|   0     0 |  26M   70M|   0     0 |8438    25k|02-12 20:09:55
 13   8  76   0   0   3|   0     0 |  27M   72M|   0     0 |8692    25k|02-12 20:09:56
  9   7  81   0   0   3|   0     0 |  27M   73M|   0     0 |8496    24k|02-12 20:09:57
  7   7  84   0   0   2|   0     0 |  27M   71M|   0     0 |8439    24k|02-12 20:09:58
  8   8  82   0   0   2|   0     0 |  27M   71M|   0     0 |8193    23k|02-12 20:09:59
  9   8  79   0   0   3|   0     0 |  27M   71M|   0     0 |8383    24k|02-12 20:10:00
  9   6  83   0   0   2|   0     0 |  27M   72M|   0     0 |8176    23k|02-12 20:10:01
 11   9  79   0   0   2|   0     0 |  28M   75M|   0     0 |8213    23k|02-12 20:10:02
 11   7  80   0   0   3|   0     0 |  27M   73M|   0     0 |8520    24k|02-12 20:10:03
  9   7  82   0   0   2|   0     0 |  27M   73M|   0     0 |7776    23k|02-12 20:10:04
  8   8  82   0   0   3|   0     0 |  28M   75M|   0     0 |8714    25k|02-12 20:10:05
 10   8  80   0   0   2|   0     0 |  27M   73M|   0     0 |8174    23k|02-12 20:10:06
  6   6  85   0   0   2|   0     0 |  27M   71M|   0     0 |8543    24k|02-12 20:10:07
  9   7  82   0   0   2|   0     0 |  29M   77M|   0     0 |8491    24k|02-12 20:10:08
  9   8  80   0   0   3|   0     0 |  28M   74M|   0     0 |7926    23k|02-12 20:10:09
  8   7  82   0   0   3|   0    32k|  26M   71M|   0     0 |8696    25k|02-12 20:10:10
  8   8  82   0   0   2|   0     0 |  29M   77M|   0     0 |9117    26k|02-12 20:10:11
  8   7  82   0   0   3|   0     0 |  27M   74M|   0     0 |8886    25k|02-12 20:10:12
  9   7  80   0   0   3|   0    56k|  26M   71M|   0     0 |8079    23k|02-12 20:10:13
  9   7  82   0   0   2|   0     0 |  27M   74M|   0     0 |7788    23k|02-12 20:10:14
 10   7  80   0   0   3|   0     0 |  28M   74M|   0     0 |9275    26k|02-12 20:10:15
 10   8  80   0   0   2|   0     0 |  26M   70M|   0     0 |7510    22k|02-12 20:10:16
  9   8  80   0   0   3|   0     0 |  28M   75M|   0     0 |8595    25k|02-12 20:10:17
  9   7  81   0   0   3|   0     0 |  28M   74M|   0     0 |8702    25k|02-12 20:10:18
  9   7  81   0   0   2|   0     0 |  27M   73M|   0     0 |8358    24k|02-12 20:10:19
  8   8  82   0   0   2|   0     0 |  27M   72M|   0     0 |9632    26k|02-12 20:10:20
  9   7  82   0   0   1|   0     0 |  27M   73M|   0     0 |8441    23k|02-12 20:10:21
  8   7  83   0   0   3|   0     0 |  27M   72M|   0     0 |8755    24k|02-12 20:10:22
 10   8  79   0   0   3|   0     0 |  27M   73M|   0     0 |8624    24k|02-12 20:10:23
  9   8  81   0   0   1|   0     0 |  28M   75M|   0     0 |8531    24k|02-12 20:10:24
  8   9  81   0   0   2|   0  4096B|  27M   72M|   0     0 |7956    23k|02-12 20:10:25
  9   7  81   0   0   3|   0     0 |  30M   80M|   0     0 |9092    27k|02-12 20:10:26
  9   7  82   0   0   2|   0     0 |  28M   76M|   0     0 |8634    25k|02-12 20:10:27
 10   9  78   0   0   2|   0     0 |  28M   74M|   0     0 |8620    25k|02-12 20:10:28
  9   8  80   0   0   3|   0     0 |  27M   73M|   0     0 |8620    25k|02-12 20:10:29
  9   8  80   0   0   3|   0     0 |  29M   77M|   0     0 |8794    26k|02-12 20:10:30
  8   8  81   0   0   2|   0     0 |  27M   71M|   0     0 |8409    24k|02-12 20:10:31
  8   7  83   0   0   3|   0     0 |  27M   73M|   0     0 |8183    23k|02-12 20:10:32
 10   7  80   0   0   3|   0     0 |  29M   77M|   0     0 |8604    25k|02-12 20:10:33
  9   8  81   0   0   2|   0     0 |  29M   77M|   0     0 |8561    25k|02-12 20:10:34
  8   7  83   0   0   3|   0     0 |  28M   75M|   0     0 |8705    25k|02-12 20:10:35
  8   8  82   0   0   2|   0     0 |  27M   72M|   0     0 |8751    25k|02-12 20:10:36
  8   8  81   0   0   2|   0     0 |  28M   75M|   0     0 |8980    26k|02-12 20:10:37
  8   7  82   0   0   3|   0     0 |  27M   72M|   0     0 |8986    25k|02-12 20:10:38
  9   7  83   0   0   1|   0     0 |  27M   72M|   0     0 |7542    22k|02-12 20:10:39
  8   8  81   0   0   3|   0    20k|  27M   72M|   0     0 |8189    24k|02-12 20:10:40
  9   7  81   0   0   2|   0     0 |  27M   71M|   0     0 |8628    24k|02-12 20:10:41
  8   7  82   0   0   2|   0     0 |  26M   71M|   0     0 |8662    24k|02-12 20:10:42
  9   8  80   0   0   3|   0     0 |  27M   72M|   0     0 |8204    23k|02-12 20:10:43
  2   2  94   0   0   1|   0    16k|6764k   18M|   0     0 |2148  6129 |02-12 20:10:44
 12   5  83   0   0   0|   0    40k|6336B 6336B|   0     0 | 135   215 |02-12 20:10:45
 10   6  85   0   0   0|   0     0 |5707B 3052B|   0     0 |  75   145 |02-12 20:10:46
  5   5  89   0   0   0|   0     0 |1386B 2500B|   0     0 |  38   144 |02-12 20:10:47
  4   6  89   0   0   0|   0     0 | 586B  392B|   0     0 |  53   176 |02-12 20:10:48
  5   5  89   0   0   0|   0     0 |5478B 2805B|   0     0 |  28   124 |02-12 20:10:49
  5   6  89   0   0   0|   0     0 |1715B 1355B|   0     0 |  61   211 |02-12 20:10:50
  7   6  86   0   0   0|   0     0 |1906B 2412B|   0     0 | 266   739 |02-12 20:10:51
 19   6  75   0   0   0|   0     0 |  17k   21k|   0     0 | 774  1837 |02-12 20:10:52
  0   0 100   0   0   0|   0     0 |2862B 1865B|   0     0 |  19    52 |02-12 20:10:53
  0   0 100   0   0   0|   0     0 |   0     0 |   0     0 |  18    25 |02-12 20:10:54
  0   0 100   0   0   0|   0     0 |   0     0 |   0     0 |  28    83 |02-12 20:10:55
  0   0 100   0   0   0|   0  8192B|5478B 2805B|   0     0 |  23    70 |02-12 20:10:56
  0   0 100   0   0   0|   0     0 |   0     0 |   0     0 |  19    32 |02-12 20:10:57
  0   0 100   0   0   0|   0     0 |   0     0 |   0     0 |  18    25 |02-12 20:10:58
  0   0 100   0   0   0|   0     0 |5478B 2805B|   0     0 |  21    75 |02-12 20:10:59
  0   0 100   0   0   0|   0     0 |2682B 5592B|   0     0 |  50   171 |02-12 20:11:00
  0   0 100   0   0   0|   0     0 |   0     0 |   0     0 |  24    43 |02-12 20:11:01
  0   0 100   0   0   0|   0     0 |5478B 2805B|   0     0 |  19    58 |02-12 20:11:02
  0   0 100   0   0   0|   0     0 |   0     0 |   0     0 |  18    41 |02-12 20:11:03
  0   0 100   0   0   0|   0     0 |   0     0 |   0     0 |  18    30 |02-12 20:11:04
  0   0 100   0   0   0|   0     0 |5478B 2805B|   0     0 |  32   108 |02-12 20:11:05
  0   0 100   0   0   0|   0     0 | 102B  192B|   0     0 |  20    37 |02-12 20:11:06
  0   0 100   0   0   0|   0     0 | 247B  247B|   0     0 |  28    85 |02-12 20:11:07
  1   0  98   0   0   0|   0     0 |8674B 5253B|   0     0 | 151   405 |02-12 20:11:08
  1   1  99   0   0   0|   0     0 |1568B 1826B|   0     0 | 159   432 |02-12 20:11:09
  0   0 100   0   0   0|   0     0 |   0     0 |   0     0 |  35   108 |02-12 20:11:10
  0   0 100   0   0   0|   0     0 |7193B 4160B|   0     0 |  28   111 |02-12 20:11:11
  1   0  98   0   0   0|   0     0 |1774B 2382B|   0     0 | 152   368 |02-12 20:11:12
  4   1  95   0   0   0|   0     0 |8548B   15k|   0     0 | 628  1603 |02-12 20:11:13
  0   0 100   0   0   0|   0     0 |5478B 2805B|   0     0 |  22   130 |02-12 20:11:14
  0   0 100   0   0   0|   0    84k|   0     0 |   0     0 |  34   146 |02-12 20:11:15
  0   0 100   0   0   0|   0     0 |   0     0 |   0     0 |  26    91 |02-12 20:11:16
  0   0 100   0   0   0|   0     0 |5478B 2805B|   0     0 |  26   127 |02-12 20:11:17
 22   8  67   0   0   3|   0     0 |8428k   21M|   0     0 |2413  7926 |02-12 20:11:18
 42  13  39   0   0   6|   0     0 |  23M   62M|   0     0 |4542    18k|02-12 20:11:19
 28   9  60   0   0   4|   0     0 |  23M   61M|   0     0 |5678    20k|02-12 20:11:20
 13   8  75   0   0   4|   0    12k|  27M   71M|   0     0 |8183    24k|02-12 20:11:21
 10   7  80   0   0   3|   0     0 |  28M   74M|   0     0 |8483    25k|02-12 20:11:22
  8   8  81   0   0   3|   0     0 |  27M   72M|   0     0 |7821    23k|02-12 20:11:23
  9   8  81   0   0   2|   0     0 |  27M   72M|   0     0 |8504    25k|02-12 20:11:24
  9   8  80   0   0   3|   0     0 |  28M   74M|   0     0 |8800    25k|02-12 20:11:25
 10   7  80   0   0   3|   0     0 |  27M   71M|   0     0 |8875    25k|02-12 20:11:26
  9   8  81   0   0   3|   0   284k|  28M   75M|   0     0 |9014    26k|02-12 20:11:27
 12   9  77   0   0   2|   0     0 |  27M   74M|   0     0 |8123    24k|02-12 20:11:28
 17   9  70   0   0   4|   0     0 |  25M   67M|   0     0 |7530    22k|02-12 20:11:29
 14   8  76   0   0   2|   0     0 |  28M   75M|   0     0 |8697    26k|02-12 20:11:30
 10   6  82   0   0   2|   0  8192B|  28M   74M|   0     0 |8764    26k|02-12 20:11:31
  9   9  79   0   0   2|   0     0 |  28M   74M|   0     0 |8673    25k|02-12 20:11:32
 10   8  80   0   0   3|   0     0 |  28M   75M|   0     0 |8313    25k|02-12 20:11:33
  8   9  81   0   0   3|   0     0 |  27M   73M|   0     0 |8455    25k|02-12 20:11:34
  8   8  81   0   0   2|   0     0 |  28M   76M|   0     0 |8618    25k|02-12 20:11:35
  9   9  80   0   0   2|   0     0 |  26M   70M|   0     0 |8529    24k|02-12 20:11:36
 10   8  79   0   0   3|   0     0 |  28M   74M|   0     0 |8880    26k|02-12 20:11:37
  9   8  80   0   0   3|   0     0 |  28M   76M|   0     0 |8605    25k|02-12 20:11:38
  8   8  82   0   0   2|   0     0 |  27M   71M|   0     0 |8440    24k|02-12 20:11:39
 10   9  79   0   0   3|   0     0 |  27M   72M|   0     0 |8589    24k|02-12 20:11:40
  8   8  81   0   0   3|   0     0 |  28M   75M|   0     0 |9018    26k|02-12 20:11:41
  8   8  82   0   0   2|   0     0 |  26M   69M|   0     0 |8568    24k|02-12 20:11:42
  9   8  79   0   0   3|   0     0 |  28M   75M|   0     0 |8993    25k|02-12 20:11:43
 10   8  78   0   0   4|   0     0 |  28M   76M|   0     0 |8909    26k|02-12 20:11:44
 10   8  82   0   0   1|   0     0 |  26M   70M|   0     0 |8136    23k|02-12 20:11:45
 11   7  80   0   0   3|   0    44k|  28M   74M|   0     0 |8942    26k|02-12 20:11:46
  9   9  80   0   0   3|   0   108k|  28M   76M|   0     0 |9056    26k|02-12 20:11:47
  6   8  84   0   0   2|   0     0 |  26M   70M|   0     0 |7695    22k|02-12 20:11:48
  7   7  84   0   0   2|   0     0 |  25M   67M|   0     0 |8914    25k|02-12 20:11:49
 10   7  81   0   0   2|   0     0 |  29M   77M|   0     0 |9336    26k|02-12 20:11:50
  9   8  81   0   0   3|   0     0 |  26M   70M|   0     0 |8161    23k|02-12 20:11:51
  9   7  81   0   0   3|   0     0 |  28M   76M|   0     0 |9377    26k|02-12 20:11:52
  9   8  81   0   0   2|   0     0 |  28M   75M|   0     0 |8703    25k|02-12 20:11:53
 10   6  82   0   0   3|   0     0 |  27M   72M|   0     0 |8330    24k|02-12 20:11:54
  9   7  82   0   0   2|   0     0 |  28M   74M|   0     0 |8886    25k|02-12 20:11:55
  9   8  81   0   0   2|   0     0 |  28M   74M|   0     0 |9301    26k|02-12 20:11:56
  9   8  81   0   0   2|   0     0 |  27M   72M|   0     0 |8523    24k|02-12 20:11:57
 10   7  80   0   0   3|   0     0 |  29M   77M|   0     0 |8564    25k|02-12 20:11:58
  9   8  80   0   0   3|   0     0 |  27M   73M|   0     0 |9087    26k|02-12 20:11:59
  9   8  80   0   0   3|   0     0 |  27M   74M|   0     0 |8821    25k|02-12 20:12:00
  9   8  79   0   0   4|   0     0 |  29M   77M|   0     0 |9865    28k|02-12 20:12:01
  9   7  82   0   0   2|   0  4096B|  28M   75M|   0     0 |8709    25k|02-12 20:12:02
  8   7  82   0   0   3|   0     0 |  27M   72M|   0     0 |8822    25k|02-12 20:12:03
 10   8  80   0   0   2|   0     0 |  28M   74M|   0     0 |9039    25k|02-12 20:12:04
 10   8  80   0   0   2|   0     0 |  28M   75M|   0     0 |9018    25k|02-12 20:12:05
  9   8  79   0   0   4|   0     0 |  27M   72M|   0     0 |8876    25k|02-12 20:12:06
  8   7  83   0   0   2|   0     0 |  27M   73M|   0     0 |8937    26k|02-12 20:12:07
  8   7  82   0   0   3|   0     0 |  28M   75M|   0     0 |9263    26k|02-12 20:12:08
 10   8  81   0   0   2|   0     0 |  27M   73M|   0     0 |9531    26k|02-12 20:12:09
  9   8  81   0   0   2|   0     0 |  27M   73M|   0     0 |8779    25k|02-12 20:12:10
  8   6  84   0   0   2|   0     0 |  28M   75M|   0     0 |8773    25k|02-12 20:12:11
  9   7  82   0   0   2|   0     0 |  28M   75M|   0     0 |9654    27k|02-12 20:12:12
 10   8  80   0   0   2|   0     0 |  27M   72M|   0     0 |9059    25k|02-12 20:12:13
 10   8  80   0   0   2|   0     0 |  28M   75M|   0     0 |9442    26k|02-12 20:12:14
 10   8  80   0   0   2|   0     0 |  27M   73M|   0     0 |8638    24k|02-12 20:12:15
  9   7  81   0   0   3|   0     0 |  28M   74M|   0     0 |9007    25k|02-12 20:12:16
  9   8  80   0   0   3|   0    44k|  29M   77M|   0     0 |8823    25k|02-12 20:12:17
  2   3  94   0   0   1|   0    20k|8977k   24M|   0     0 |2796  7939 |02-12 20:12:18
 11   3  86   0   0   0|   0     0 |6336B 6336B|   0     0 |  98   176 |02-12 20:12:19
  9   6  85   0   0   0|   0     0 |   0     0 |   0     0 |  51   105 |02-12 20:12:20
  5   6  89   0   0   0|   0     0 |5478B 2805B|   0     0 |  59   187 |02-12 20:12:21
  5   5  89   0   0   0|   0     0 |   0     0 |   0     0 |  19    72 |02-12 20:12:22
  5   5  90   0   0   0|   0     0 |   0     0 |   0     0 |  20    92 |02-12 20:12:23
  5   6  89   0   0   0|   0     0 |7259B 4160B|   0     0 |  78   254 |02-12 20:12:24
  7   6  87   0   0   0|   0     0 |1662B 1340B|   0     0 | 245   595 |02-12 20:12:25
 21   6  73   0   0   0|   0     0 |  15k   21k|   0     0 | 770  1811 |02-12 20:12:26
  0   0 100   0   0   0|   0     0 |5772B 2937B|   0     0 |  91   274 |02-12 20:12:27
  0   0 100   0   0   0|   0     0 |   0     0 |   0     0 |  21    31 |02-12 20:12:28
  0   0 100   0   0   0|   0     0 |   0     0 |   0     0 |  19    31 |02-12 20:12:29
  0   0 100   0   0   0|   0     0 |5478B 2805B|   0     0 |  21    68 |02-12 20:12:30
  0   0 100   0   0   0|   0     0 |   0     0 |   0     0 |  37   106 |02-12 20:12:31
  0   0 100   0   0   0|   0     0 |   0     0 |   0     0 |  24    47 |02-12 20:12:32
  0   0 100   0   0   0|   0  8192B|5900B 3517B|   0     0 |  22    86 |02-12 20:12:33
  0   0 100   0   0   0|   0     0 |   0     0 |   0     0 |  24    41 |02-12 20:12:34
  0   0 100   0   0   0|   0     0 |   0     0 |   0     0 |  23    57 |02-12 20:12:35
  0   0 100   0   0   0|   0     0 |5478B 2805B|   0     0 |  36   108 |02-12 20:12:36
  0   0 100   0   0   0|   0     0 |   0     0 |   0     0 |  20    29 |02-12 20:12:37
  0   0 100   0   0   0|   0     0 |   0     0 |   0     0 |  18    29 |02-12 20:12:38
  0   0 100   0   0   0|   0     0 |5552B 2879B|   0     0 |  22    94 |02-12 20:12:39
  0   0 100   0   0   0|   0     0 |2753B 2719B|   0     0 |  49   148 |02-12 20:12:40
  2   1  97   0   0   0|   0     0 |2220B 1788B|   0     0 | 285   711 |02-12 20:12:41
  0   0 100   0   0   0|   0     0 |5544B 2805B|   0     0 |  25    78 |02-12 20:12:42
  0   0 100   0   0   0|   0     0 |   0     0 |   0     0 |  23    65 |02-12 20:12:43
  0   0 100   0   0   0|   0     0 |2155B 2203B|   0     0 |  44   124 |02-12 20:12:44
  2   1  98   0   0   0|   0     0 |6878B 4413B|   0     0 | 217   582 |02-12 20:12:45
  4   1  95   0   0   0|   0     0 |8482B   13k|   0     0 | 574  1479 |02-12 20:12:46
  0   0 100   0   0   0|   0     0 |   0     0 |   0     0 |  21   106 |02-12 20:12:47
  0   0  99   1   0   0|   0   152k|5478B 2805B|   0     0 |  26   124 |02-12 20:12:48
  0   0 100   0   0   0|   0     0 |   0     0 |   0     0 |  25    90 |02-12 20:12:49
  0   0 100   0   0   0|   0     0 |   0     0 |   0     0 |  22    91 |02-12 20:12:50
 33  13  49   0   0   4|   0     0 |  12M   31M|   0     0 |3009    10k|02-12 20:12:51
 38  12  46   0   0   4|   0     0 |  24M   63M|   0     0 |4744    18k|02-12 20:12:52
 13   9  76   0   0   3|   0     0 |  28M   75M|   0     0 |7330    25k|02-12 20:12:53
 13   9  75   0   0   3|   0     0 |  27M   72M|   0     0 |8613    25k|02-12 20:12:54
 10   6  82   0   0   3|   0     0 |  27M   72M|   0     0 |8188    23k|02-12 20:12:55
 10   8  78   0   0   4|   0     0 |  27M   73M|   0     0 |8856    26k|02-12 20:12:56
 10   8  79   0   0   3|   0     0 |  28M   76M|   0     0 |9130    26k|02-12 20:12:57
  9   8  82   0   0   2|   0     0 |  26M   71M|   0     0 |8262    24k|02-12 20:12:58
  9   8  81   0   0   3|   0   288k|  29M   77M|   0     0 |9327    27k|02-12 20:12:59
  9   7  81   0   0   3|   0     0 |  28M   74M|   0     0 |8454    25k|02-12 20:13:00
 16  10  70   0   0   4|   0     0 |  26M   69M|   0     0 |8090    24k|02-12 20:13:01
 18   9  71   0   0   2|   0     0 |  27M   74M|   0     0 |7804    24k|02-12 20:13:02
 10   8  79   0   0   3|   0     0 |  28M   75M|   0     0 |8193    25k|02-12 20:13:03
  9   8  80   0   0   3|   0  8192B|  27M   73M|   0     0 |8310    25k|02-12 20:13:04
  9   8  80   0   0   3|   0     0 |  27M   74M|   0     0 |8012    23k|02-12 20:13:05
 10   8  80   0   0   3|   0     0 |  27M   73M|   0     0 |8508    25k|02-12 20:13:06
 10   6  81   0   0   3|   0     0 |  28M   74M|   0     0 |8610    25k|02-12 20:13:07
  9   8  81   0   0   2|   0     0 |  27M   74M|   0     0 |8399    24k|02-12 20:13:08
 10   8  78   0   0   3|   0     0 |  27M   73M|   0     0 |8867    25k|02-12 20:13:09
  8   9  81   0   0   2|   0     0 |  27M   72M|   0     0 |8584    25k|02-12 20:13:10
 11   9  77   0   0   3|   0     0 |  28M   74M|   0     0 |8515    25k|02-12 20:13:11
  9   9  80   0   0   2|   0     0 |  29M   78M|   0     0 |9071    26k|02-12 20:13:12
  9   8  81   0   0   2|   0     0 |  27M   73M|   0     0 |8552    25k|02-12 20:13:13
 10   7  80   0   0   3|   0     0 |  27M   72M|   0     0 |8565    25k|02-12 20:13:14
  8   8  82   0   0   2|   0     0 |  28M   75M|   0     0 |8209    24k|02-12 20:13:15
  8   8  82   0   0   2|   0     0 |  27M   73M|   0     0 |8763    25k|02-12 20:13:16
  8   7  83   0   0   2|   0     0 |  27M   73M|   0     0 |8975    26k|02-12 20:13:17
  9   8  82   0   0   2|   0     0 |  27M   73M|   0     0 |8374    24k|02-12 20:13:18
 10   7  81   0   0   2|   0    84k|  28M   76M|   0     0 |9062    26k|02-12 20:13:19
  9   8  82   0   0   2|   0     0 |  27M   72M|   0     0 |8598    25k|02-12 20:13:20
  9   8  80   0   0   3|   0     0 |  27M   71M|   0     0 |8856    25k|02-12 20:13:21
  8   8  82   0   0   2|   0     0 |  28M   75M|   0     0 |9251    26k|02-12 20:13:22
  8   7  83   0   0   2|   0     0 |  26M   69M|   0     0 |8381    24k|02-12 20:13:23
  9   8  80   0   0   3|   0     0 |  28M   76M|   0     0 |8585    25k|02-12 20:13:24
  9   7  81   0   0   3|   0     0 |  27M   73M|   0     0 |8519    24k|02-12 20:13:25
  7   8  83   0   0   2|   0     0 |  27M   71M|   0     0 |8378    24k|02-12 20:13:26
  8   7  82   0   0   3|   0     0 |  27M   71M|   0     0 |8775    25k|02-12 20:13:27
 11   8  78   0   0   4|   0     0 |  27M   72M|   0     0 |8550    24k|02-12 20:13:28
  9   8  81   0   0   2|   0     0 |  26M   71M|   0     0 |8457    24k|02-12 20:13:29
 10   9  78   0   0   3|   0     0 |  27M   73M|   0     0 |8776    25k|02-12 20:13:30
 10   8  80   0   0   2|   0     0 |  28M   74M|   0     0 |8315    24k|02-12 20:13:31
  9   7  81   0   0   3|   0     0 |  27M   72M|   0     0 |8511    24k|02-12 20:13:32
  9   8  80   0   0   3|   0     0 |  27M   72M|   0     0 |9055    25k|02-12 20:13:33
 10   7  80   0   0   3|   0     0 |  28M   74M|   0     0 |9189    26k|02-12 20:13:34
  9   7  81   0   0   3|   0     0 |  27M   72M|   0     0 |8895    25k|02-12 20:13:35
  8   9  81   0   0   2|   0     0 |  27M   71M|   0     0 |8416    24k|02-12 20:13:36
  9   7  81   0   0   2|   0     0 |  27M   73M|   0     0 |9421    26k|02-12 20:13:37
 10   8  80   0   0   3|   0     0 |  27M   73M|   0     0 |8341    24k|02-12 20:13:38
 11   7  80   0   0   3|   0  4096B|  26M   71M|   0     0 |9005    25k|02-12 20:13:39
 10   9  78   0   0   2|   0     0 |  27M   71M|   0     0 |8752    25k|02-12 20:13:40
  9   8  81   0   0   2|   0     0 |  27M   73M|   0     0 |8604    24k|02-12 20:13:41
  9   6  83   0   0   2|   0     0 |  27M   72M|   0     0 |8766    24k|02-12 20:13:42
  9   7  82   0   0   2|   0     0 |  27M   74M|   0     0 |8512    24k|02-12 20:13:43
  9   8  81   0   0   3|   0     0 |  28M   74M|   0     0 |8616    24k|02-12 20:13:44
 10   8  80   0   0   2|   0     0 |  28M   76M|   0     0 |9411    26k|02-12 20:13:45
 10   8  79   0   0   3|   0     0 |  28M   75M|   0     0 |9054    25k|02-12 20:13:46
  9   7  82   0   0   3|   0     0 |  27M   74M|   0     0 |8846    25k|02-12 20:13:47
 10   7  81   0   0   2|   0     0 |  25M   68M|   0     0 |8662    24k|02-12 20:13:48
  9   8  81   0   0   2|   0    24k|  27M   72M|   0     0 |9246    26k|02-12 20:13:49
  8   7  83   0   0   2|   0    64k|  27M   72M|   0     0 |9088    25k|02-12 20:13:50
 13   6  80   0   0   1|   0     0 |8915k   24M|   0     0 |2770  7447 |02-12 20:13:51
  5   6  89   0   0   0|   0     0 |4224B 4224B|   0     0 |  42   182 |02-12 20:13:52
  6   5  89   0   0   0|   0     0 |5478B 2805B|   0     0 |  30   111 |02-12 20:13:53
  5   5  90   0   0   0|   0     0 |   0     0 |   0     0 |  23    79 |02-12 20:13:54
  5   6  89   0   0   0|   0     0 |   0     0 |   0     0 |  55   174 |02-12 20:13:55
  6   5  89   0   0   0|   0     0 |5478B 2805B|   0     0 |  49   167 |02-12 20:13:56
  5   6  89   0   0   0|   0     0 |   0     0 |   0     0 |  17    71 |02-12 20:13:57
  5   6  89   0   0   0|   0     0 |   0     0 |   0     0 |  19    71 |02-12 20:13:58
  5   6  89   0   0   0|   0     0 |5478B 2805B|   0     0 |  33   151 |02-12 20:13:59
  5   6  89   0   0   0|   0     0 |   0     0 |   0     0 |  19    77 |02-12 20:14:00
  5   6  89   0   0   0|   0     0 |2682B 5592B|   0     0 |  73   253 |02-12 20:14:01
  5   6  89   0   0   0|   0     0 |5725B 3052B|   0     0 |  35   156 |02-12 20:14:02
  5   6  89   0   0   0|   0     0 |2040B 1956B|   0     0 |  45   175 |02-12 20:14:03
 15   7  78   0   0   0|   0     0 |9060B   15k|   0     0 | 686  1501 |02-12 20:14:04
  9   2  89   0   0   0|   0     0 |  12k 9463B|   0     0 | 354   983 |02-12 20:14:05
  0   0 100   0   0   0|   0     0 |   0     0 |   0     0 |  38    89 |02-12 20:14:06
  0   0 100   0   0   0|   0     0 |   0     0 |   0     0 |  19    51 |02-12 20:14:07
  0   0 100   0   0   0|   0     0 |5478B 2805B|   0     0 |  18    55 |02-12 20:14:08
  0   0 100   0   0   0|   0     0 |   0     0 |   0     0 |  19    27 |02-12 20:14:09
  0   0 100   0   0   0|   0  8192B|   0     0 |   0     0 |  20    47 |02-12 20:14:10
  0   0 100   0   0   0|   0     0 |5478B 2805B|   0     0 |  34   125 |02-12 20:14:11
  0   0 100   0   0   0|   0     0 |   0     0 |   0     0 |  21    31 |02-12 20:14:12
  0   0 100   0   0   0|   0     0 |   0     0 |   0     0 |  18    27 |02-12 20:14:13
  0   0 100   0   0   0|   0     0 |5478B 2805B|   0     0 |  21    54 |02-12 20:14:14
  0   0 100   0   0   0|   0     0 |   0     0 |   0     0 |  19    45 |02-12 20:14:15
  0   0 100   0   0   0|   0     0 |   0     0 |   0     0 |  30    72 |02-12 20:14:16
  0   0 100   0   0   0|   0     0 |5478B 2805B|   0     0 |  21    66 |02-12 20:14:17
  0   0 100   0   0   0|   0     0 |   0     0 |   0     0 |  23    47 |02-12 20:14:18
  0   0 100   0   0   0|   0     0 |   0     0 |   0     0 |  24    63 |02-12 20:14:19
  0   0  97   3   0   0|   0    76k|5478B 2805B|   0     0 |  25   101 |02-12 20:14:20
  0   0 100   0   0   0|   0     0 |   0     0 |   0     0 |  36    95 |02-12 20:14:21
  0   0 100   0   0   0|   0     0 |   0     0 |   0     0 |  27    51 |02-12 20:14:22
  0   0 100   0   0   0|   0     0 |5478B 2805B|   0     0 |  21    90 |02-12 20:14:23
  0   0 100   0   0   0|   0     0 |   0     0 |   0     0 |  19    25 |02-12 20:14:24
  0   0 100   0   0   0|   0     0 |   0     0 |   0     0 |  18    35 |02-12 20:14:25
  0   0 100   0   0   0|   0     0 |5478B 2805B|   0     0 |  35   104 |02-12 20:14:26
  0   0 100   0   0   0|   0     0 |   0     0 |   0     0 |  21    45 |02-12 20:14:27
  0   0 100   0   0   0|   0     0 |   0     0 |   0     0 |  18    25 |02-12 20:14:28
  0   0 100   0   0   0|   0     0 |5478B 2805B|   0     0 |  20    57 |02-12 20:14:29
  0   0 100   0   0   0|   0     0 |   0     0 |   0     0 |  21    51 |02-12 20:14:30
  0   0 100   0   0   0|   0     0 |   0     0 |   0     0 |  31    95 |02-12 20:14:31
  0   0 100   0   0   0|   0     0 |5478B 2805B|   0     0 |  22    90 |02-12 20:14:32
  0   0 100   0   0   0|   0     0 |   0     0 |   0     0 |  20    43 |02-12 20:14:33
  0   0 100   0   0   0|   0     0 |   0     0 |   0     0 |  25    93 |02-12 20:14:34
  0   0 100   0   0   0|   0     0 |5974B 3591B|   0     0 |  22   121 |02-12 20:14:35
  0   0  99   0   0   0|   0   296k|3369B 2621B|   0     0 | 167   473 |02-12 20:14:36
