[7l----total-cpu-usage---- -dsk/total- -net/total- ---paging-- ---system-- ----system----
usr sys idl wai hiq siq| read  writ| recv  send|  in   out | int   csw |     time     
  2   2  94   0   0   2|  15k   55k|   0     0 |   0     0 | 453  1734 |02-12 19:26:19
  1   0 100   0   0   0|   0     0 |5422B 2788B|   0     0 |  25    72 |02-12 19:26:20
  1   0  99   0   0   0|   0     0 |   0     0 |   0     0 |  32    78 |02-12 19:26:21
  0   0 100   0   0   0|   0     0 |   0     0 |   0     0 |  23    46 |02-12 19:26:22
  1   1  99   0   0   0|   0     0 |5422B 2788B|   0     0 |  28    69 |02-12 19:26:23
  0   0 100   0   0   0|   0     0 |   0     0 |   0     0 |  19    26 |02-12 19:26:24
  0   0 100   0   0   0|   0     0 |  74B   74B|   0     0 |  22    44 |02-12 19:26:25
  5   3  90   3   0   0|   0    52k|8825B 5663B|   0     0 | 155   456 |02-12 19:26:26
  7   8  79   0   0   6|   0    20k|8820k  325k|   0     0 |1298  5000 |02-12 19:26:27
  4   6  84   0   0   6|   0     0 |  12M  431k|   0     0 |1540  6398 |02-12 19:26:28
  4   6  84   0   0   5|   0     0 |  12M  432k|   0     0 |1612  6389 |02-12 19:26:29
  4   8  84   0   0   4|   0     0 |  12M  431k|   0     0 |1335  5809 |02-12 19:26:30
  4   6  84   0   0   5|   0     0 |  12M  429k|   0     0 |1431  5853 |02-12 19:26:31
  4   6  85   0   0   4|   0  4096B|  12M  432k|   0     0 |1459  5599 |02-12 19:26:32
  4   8  80   0   0   7|   0     0 |  12M  438k|   0     0 |1465  5974 |02-12 19:26:33
  4   8  82   0   0   6|   0     0 |  12M  428k|   0     0 |1414  5401 |02-12 19:26:34
  6   8  83   0   0   4|   0     0 |  12M  433k|   0     0 |1377  5151 |02-12 19:26:35
  6   8  81   0   0   5|   0     0 |  12M  429k|   0     0 |1343  5402 |02-12 19:26:36
  4   9  83   0   0   4|   0     0 |  12M  428k|   0     0 |1409  5550 |02-12 19:26:37
  5   8  82   0   0   5|   0  4096B|  12M  428k|   0     0 |1361  5863 |02-12 19:26:38
  4   8  83   0   0   6|   0     0 |  12M  433k|   0     0 |1319  5397 |02-12 19:26:39
  3   7  84   0   0   6|   0     0 |  12M  435k|   0     0 |1378  5535 |02-12 19:26:40
  4   6  82   0   0   8|   0     0 |  12M  426k|   0     0 |1197  5047 |02-12 19:26:41
  6   8  81   0   0   6|   0     0 |  12M  430k|   0     0 |1285  5386 |02-12 19:26:42
  5   9  82   0   0   5|   0     0 |  12M  428k|   0     0 |1285  5509 |02-12 19:26:43
  5   8  83   0   0   5|   0     0 |  12M  427k|   0     0 |1292  5178 |02-12 19:26:44
  6   8  80   0   0   6|   0     0 |  12M  431k|   0     0 |1412  5496 |02-12 19:26:45
  6   7  82   0   0   5|   0     0 |  12M  432k|   0     0 |1309  5073 |02-12 19:26:46
  4   9  83   0   0   4|   0     0 |  12M  431k|   0     0 |1306  5418 |02-12 19:26:47
  5   9  82   0   0   4|   0     0 |  12M  434k|   0     0 |1322  5535 |02-12 19:26:48
  6   6  83   0   0   5|   0     0 |  12M  437k|   0     0 |1332  5577 |02-12 19:26:49
  4   8  82   0   0   7|   0     0 |  12M  431k|   0     0 |1275  5513 |02-12 19:26:50
  4   9  81   0   0   5|   0     0 |  12M  433k|   0     0 |1398  5814 |02-12 19:26:51
  4   9  82   0   0   6|   0     0 |  12M  431k|   0     0 |1422  5653 |02-12 19:26:52
  5   9  82   0   0   5|   0  4096B|  12M  430k|   0     0 |1345  5440 |02-12 19:26:53
  6   5  85   0   0   4|   0     0 |  12M  438k|   0     0 |1302  5427 |02-12 19:26:54
  5   7  82   0   0   6|   0     0 |  12M  427k|   0     0 |1316  5275 |02-12 19:26:55
  4   8  82   0   0   6|   0     0 |  12M  429k|   0     0 |1288  5244 |02-12 19:26:56
  4   7  81   1   0   8|   0    60k|  12M  434k|   0     0 |1201  5355 |02-12 19:26:57
  4   6  85   0   0   6|   0    16k|  12M  432k|   0     0 |1346  5467 |02-12 19:26:58
  3   8  84   0   0   6|   0     0 |  12M  435k|   0     0 |1436  5634 |02-12 19:26:59
  5   7  83   0   0   6|   0     0 |  12M  431k|   0     0 |1288  5285 |02-12 19:27:00
  3   8  82   0   0   7|   0     0 |  12M  426k|   0     0 |1303  5722 |02-12 19:27:01
  4   8  82   0   0   6|   0     0 |  12M  428k|   0     0 |1255  5604 |02-12 19:27:02
  5   7  82   0   0   6|   0     0 |  12M  436k|   0     0 |1354  5440 |02-12 19:27:03
  6   6  83   0   0   5|   0     0 |  12M  433k|   0     0 |1358  5457 |02-12 19:27:04
  5   8  83   0   0   4|   0     0 |  12M  434k|   0     0 |1368  5323 |02-12 19:27:05
  6  11  77   0   0   6|   0     0 |  12M  433k|   0     0 |1363  5357 |02-12 19:27:06
  3   8  83   0   0   6|   0     0 |  12M  431k|   0     0 |1252  4897 |02-12 19:27:07
  7   8  83   0   0   3|   0     0 |  12M  430k|   0     0 |1253  4885 |02-12 19:27:08
  4   6  84   0   0   5|   0     0 |  12M  432k|   0     0 |1203  5080 |02-12 19:27:09
  4   9  80   0   0   7|   0     0 |  12M  429k|   0     0 |1398  5418 |02-12 19:27:10
  7   7  83   0   0   2|   0     0 |  12M  426k|   0     0 |1217  5102 |02-12 19:27:11
  6   7  82   0   0   5|   0     0 |  12M  433k|   0     0 |1151  5088 |02-12 19:27:12
  7  10  80   0   0   3|   0     0 |  12M  433k|   0     0 |1247  5352 |02-12 19:27:13
  4   8  82   0   0   6|   0     0 |  12M  430k|   0     0 |1321  5616 |02-12 19:27:14
  5   9  82   0   0   4|   0     0 |  12M  432k|   0     0 |1328  5432 |02-12 19:27:15
  6   8  81   0   0   5|   0     0 |  12M  429k|   0     0 |1424  5634 |02-12 19:27:16
  3   8  83   0   0   5|   0     0 |  12M  430k|   0     0 |1458  5781 |02-12 19:27:17
  7   8  82   0   0   4|   0     0 |  12M  431k|   0     0 |1334  5552 |02-12 19:27:18
  4   7  84   0   0   5|   0     0 |  12M  431k|   0     0 |1458  5480 |02-12 19:27:19
  6   8  81   0   0   5|   0     0 |  12M  428k|   0     0 |1365  5226 |02-12 19:27:20
  4   9  82   0   0   5|   0     0 |  12M  433k|   0     0 |1386  5221 |02-12 19:27:21
  4   8  82   0   0   7|   0     0 |  12M  425k|   0     0 |1148  4990 |02-12 19:27:22
  4   9  83   0   0   4|   0     0 |  12M  432k|   0     0 |1379  5405 |02-12 19:27:23
  6   8  82   0   0   4|   0  8192B|  12M  432k|   0     0 |1287  5148 |02-12 19:27:24
  4   9  81   0   0   6|   0     0 |  12M  428k|   0     0 |1197  5107 |02-12 19:27:25
  4   7  84   0   0   5|   0     0 |  12M  433k|   0     0 |1406  5314 |02-12 19:27:26
  3   9  82   1   0   5|   0    24k|  10M  348k|   0     0 | 330  1419 |02-12 19:27:27
  1   1  99   0   0   0|   0     0 |2472B 2486B|   0     0 |  46   214 |02-12 19:27:28
  0   0 100   0   0   0|   0    24k|   0     0 |   0     0 |  22    46 |02-12 19:27:29
  0   0 100   0   0   0|   0     0 |5422B 2788B|   0     0 |  20    68 |02-12 19:27:30
  1   1  99   0   0   0|   0     0 |   0     0 |   0     0 |  32    72 |02-12 19:27:31
  0   0 100   0   0   0|   0     0 |   0     0 |   0     0 |  22    31 |02-12 19:27:32
  1   0  99   0   0   0|   0     0 |5422B 2788B|   0     0 |  26    69 |02-12 19:27:33
  0   0 100   0   0   0|   0    28k|   0     0 |   0     0 |  23    45 |02-12 19:27:34
  1   0 100   0   0   0|   0     0 |2112B 2112B|   0     0 |  20    33 |02-12 19:27:35
  1   1  99   0   0   0|   0     0 |7534B 4900B|   0     0 |  38   116 |02-12 19:27:36
  0   0 100   0   0   0|   0     0 |   0     0 |   0     0 |  20    44 |02-12 19:27:37
  8   4  89   0   0   0|   0     0 |4945B 4521B|   0     0 | 224   712 |02-12 19:27:38
  0   0  99   0   0   0|   0     0 |5488B 2788B|   0     0 |  27    91 |02-12 19:27:39
  1   0  99   0   0   0|   0    12k|   0     0 |   0     0 |  27   176 |02-12 19:27:40
  1   1  99   0   0   0|   0     0 |   0     0 |   0     0 |  32    75 |02-12 19:27:41
  0   0 100   0   0   0|   0     0 |5422B 2788B|   0     0 |  24    72 |02-12 19:27:42
  0   0 100   0   0   0|   0     0 |   0     0 |   0     0 |  21    40 |02-12 19:27:43
  0   0 100   0   0   0|   0     0 |   0     0 |   0     0 |  24    35 |02-12 19:27:44
  1   0  99   0   0   0|   0     0 |5422B 2788B|   0     0 |  29    70 |02-12 19:27:45
  0   0  99   0   0   0|   0  4096B|   0     0 |   0     0 |  34    94 |02-12 19:27:46
  0   1 100   0   0   0|   0     0 |   0     0 |   0     0 |  23    44 |02-12 19:27:47
  0   0 100   0   0   0|   0     0 |2588B  610B|   0     0 |  25    55 |02-12 19:27:48
  1   0 100   0   0   0|   0     0 |2834B 2178B|   0     0 |  23    45 |02-12 19:27:49
  0   0 100   0   0   0|   0     0 |   0     0 |   0     0 |  22    43 |02-12 19:27:50
  1   2  97   0   0   0|   0     0 |2725B 2601B|   0     0 |  64   171 |02-12 19:27:51
 10   5  83   0   0   2|   0  8192B|2280k   99k|   0     0 | 410  1714 |02-12 19:27:52
  4   6  84   0   0   6|   0     0 |  13M  444k|   0     0 |1506  6272 |02-12 19:27:53
  7   5  83   0   0   5|   0     0 |  12M  430k|   0     0 |1496  6191 |02-12 19:27:54
  4   9  82   0   0   5|   0     0 |  12M  431k|   0     0 |1316  5989 |02-12 19:27:55
  5   7  83   0   0   5|   0     0 |  12M  431k|   0     0 |1420  5862 |02-12 19:27:56
  3   7  81   3   0   6|   0    68k|  12M  424k|   0     0 |1258  5503 |02-12 19:27:57
  4   8  84   0   0   4|   0     0 |  12M  431k|   0     0 |1305  5842 |02-12 19:27:58
  4   7  84   0   0   5|   0     0 |  12M  435k|   0     0 |1412  6012 |02-12 19:27:59
  5  10  82   0   0   4|   0     0 |  12M  431k|   0     0 |1437  5846 |02-12 19:28:00
  6   7  82   0   0   5|   0     0 |  12M  431k|   0     0 |1335  5799 |02-12 19:28:01
  4  10  81   0   0   6|   0     0 |  12M  426k|   0     0 |1395  5583 |02-12 19:28:02
  3   7  84   0   0   6|   0     0 |  12M  428k|   0     0 |1239  5664 |02-12 19:28:03
  5   8  81   0   0   6|   0     0 |  12M  430k|   0     0 |1387  5776 |02-12 19:28:04
  5   6  85   0   0   5|   0     0 |  12M  426k|   0     0 |1201  5279 |02-12 19:28:05
  5   8  82   0   0   5|   0     0 |  12M  430k|   0     0 |1338  5495 |02-12 19:28:06
  6   9  80   0   0   5|   0     0 |  12M  433k|   0     0 |1306  5913 |02-12 19:28:07
  5   7  81   0   0   8|   0     0 |  12M  427k|   0     0 |1417  5493 |02-12 19:28:08
  5   7  83   0   0   5|   0     0 |  12M  429k|   0     0 |1267  5408 |02-12 19:28:09
  7   7  82   0   0   5|   0     0 |  12M  430k|   0     0 |1311  5698 |02-12 19:28:10
  5  10  80   0   0   6|   0     0 |  12M  429k|   0     0 |1429  5614 |02-12 19:28:11
  6   9  80   0   0   5|   0     0 |  12M  426k|   0     0 |1374  5472 |02-12 19:28:12
  8   7  80   0   0   6|   0     0 |  12M  433k|   0     0 |1445  6271 |02-12 19:28:13
  5   5  84   0   0   5|   0     0 |  12M  430k|   0     0 |1345  5889 |02-12 19:28:14
  5   8  82   0   0   6|   0     0 |  12M  431k|   0     0 |1406  5892 |02-12 19:28:15
  7   9  80   0   0   4|   0     0 |  12M  433k|   0     0 |1292  5507 |02-12 19:28:16
  2   8  84   0   0   6|   0     0 |  12M  428k|   0     0 |1310  5557 |02-12 19:28:17
  5   8  81   0   0   7|   0     0 |  13M  439k|   0     0 |1422  5786 |02-12 19:28:18
  4   9  82   0   0   5|   0     0 |  12M  433k|   0     0 |1498  5916 |02-12 19:28:19
  6   6  84   0   0   5|   0     0 |  12M  429k|   0     0 |1374  5600 |02-12 19:28:20
  5   9  80   0   0   6|   0     0 |  12M  428k|   0     0 |1376  5548 |02-12 19:28:21
  5   6  85   0   0   4|   0    24k|  12M  438k|   0     0 |1462  5867 |02-12 19:28:22
  4   9  82   0   0   6|   0     0 |  12M  427k|   0     0 |1386  5481 |02-12 19:28:23
  5   8  82   0   0   5|   0     0 |  12M  432k|   0     0 |1430  5605 |02-12 19:28:24
  0   1  98   0   0   1|   0     0 | 649k   25k|   0     0 | 103   420 |02-12 19:28:25
  4   5  88   0   0   3|   0     0 |7679k  264k|   0     0 | 779  3290 |02-12 19:28:26
  1   2  93   3   0   1|   0    72k|1882k   71k|   0     0 | 283  1019 |02-12 19:28:27
  0   1  99   0   0   0|   0     0 | 402k   16k|   0     0 |  72   278 |02-12 19:28:28
  0   0 100   0   0   0|   0     0 |   0     0 |   0     0 |  23    49 |02-12 19:28:29
  1   2  96   0   0   1|   0     0 |2479k   84k|   0     0 | 308  1119 |02-12 19:28:30
  5   6  82   0   0   7|   0     0 |  12M  431k|   0     0 |1243  5167 |02-12 19:28:31
  4   8  83   0   0   5|   0     0 |  12M  423k|   0     0 |1056  4948 |02-12 19:28:32
  5   7  83   0   0   5|   0     0 |  12M  430k|   0     0 |1241  5118 |02-12 19:28:33
  4   7  82   0   0   7|   0     0 |  12M  436k|   0     0 |1399  5609 |02-12 19:28:34
  4   7  84   0   0   5|   0     0 |  12M  430k|   0     0 |1270  5208 |02-12 19:28:35
  4   8  82   0   0   6|   0     0 |  12M  436k|   0     0 |1351  5525 |02-12 19:28:36
  5  11  81   0   0   4|   0     0 |  12M  435k|   0     0 |1323  5403 |02-12 19:28:37
  6   7  83   0   0   4|   0     0 |  12M  432k|   0     0 |1314  5286 |02-12 19:28:38
  5   9  82   0   0   4|   0     0 |  12M  427k|   0     0 |1365  5429 |02-12 19:28:39
  4  10  80   0   0   6|   0     0 |  12M  431k|   0     0 |1360  5722 |02-12 19:28:40
  4   7  84   0   0   6|   0     0 |  12M  429k|   0     0 |1440  5520 |02-12 19:28:41
  3   9  82   0   0   5|   0     0 |  12M  428k|   0     0 |1357  5272 |02-12 19:28:42
  4   8  81   0   0   7|   0     0 |  12M  430k|   0     0 |1283  5245 |02-12 19:28:43
  3   6  84   0   0   7|   0     0 |  12M  431k|   0     0 |1355  5520 |02-12 19:28:44
  4   7  84   0   0   5|   0     0 |  12M  430k|   0     0 |1340  5332 |02-12 19:28:45
  6   7  82   0   0   5|   0     0 |  12M  431k|   0     0 |1234  5103 |02-12 19:28:46
  6  10  79   0   0   5|   0     0 |  12M  426k|   0     0 |1353  5330 |02-12 19:28:47
  4   8  84   0   0   4|   0     0 |  12M  429k|   0     0 |1244  5024 |02-12 19:28:48
  5   7  83   0   0   5|   0     0 |  12M  429k|   0     0 |1230  4993 |02-12 19:28:49
  5   8  81   0   0   7|   0     0 |  12M  431k|   0     0 |1348  5428 |02-12 19:28:50
  5   7  84   0   0   4|   0     0 |  13M  439k|   0     0 |1428  5620 |02-12 19:28:51
  3   4  91   0   0   3|   0     0 |6060k  206k|   0     0 | 724  2907 |02-12 19:28:52
  1   1  99   0   0   0|   0     0 |4584B 4598B|   0     0 |  51   221 |02-12 19:28:53
  0   0 100   0   0   0|   0     0 |   0     0 |   0     0 |  21    40 |02-12 19:28:54
  1   0  99   0   0   0|   0     0 |5422B 2788B|   0     0 |  27    66 |02-12 19:28:55
  0   0 100   0   0   0|   0     0 |   0     0 |   0     0 |  25    42 |02-12 19:28:56
  1   0 100   0   0   0|   0     0 |   0     0 |   0     0 |  33    73 |02-12 19:28:57
  1   1  94   5   0   0|   0    64k|5844B 3500B|   0     0 |  34    95 |02-12 19:28:58
  0   0 100   0   0   0|   0     0 |   0     0 |   0     0 |  20    34 |02-12 19:28:59
  0   0 100   0   0   0|   0     0 |2112B 2112B|   0     0 |  23    41 |02-12 19:29:00
  0   0 100   0   0   0|   0     0 |5168B 2722B|   0     0 |  29    57 |02-12 19:29:01
  0   1 100   0   0   0|   0     0 |2366B 2178B|   0     0 |  32    81 |02-12 19:29:02
  1   0 100   0   0   0|   0     0 |   0     0 |   0     0 |  25    48 |02-12 19:29:03
  0   0 100   0   0   0|   0     0 |   0     0 |   0     0 |  25    47 |02-12 19:29:04
  0   1 100   0   0   0|   0     0 |5422B 2788B|   0     0 |  25    72 |02-12 19:29:05
  1   0 100   0   0   0|   0     0 |1715B 1355B|   0     0 |  37    75 |02-12 19:29:06
  8   4  88   0   0   1|   0     0 |1774B 2412B|   0     0 | 193   546 |02-12 19:29:07
  2   1  98   0   0   0|   0    32k|6812B 3542B|   0     0 |  56   247 |02-12 19:29:08
  0   0 100   0   0   0|   0     0 |   0     0 |   0     0 |  18    35 |02-12 19:29:09
  0   0 100   0   0   0|   0     0 |   0     0 |   0     0 |  19    36 |02-12 19:29:10
  1   0  99   0   0   0|   0     0 |5422B 2788B|   0     0 |  24    57 |02-12 19:29:11
  0   1 100   0   0   0|   0     0 |   0     0 |   0     0 |  29    65 |02-12 19:29:12
  0   0 100   0   0   0|   0     0 |   0     0 |   0     0 |  20    34 |02-12 19:29:13
  1   0  99   0   0   0|   0     0 |5422B 2788B|   0     0 |  24    73 |02-12 19:29:14
  0   0 100   0   0   0|   0     0 |   0     0 |   0     0 |  18    25 |02-12 19:29:15
  0   0 100   0   0   0|   0     0 |   0     0 |   0     0 |  19    35 |02-12 19:29:16
  1   1  98   0   0   0|   0     0 |5422B 2788B|   0     0 |  44   133 |02-12 19:29:17
  0   0 100   0   0   0|   0     0 |   0     0 |   0     0 |  18    35 |02-12 19:29:18
  0   0 100   0   0   0|   0     0 |   0     0 |   0     0 |  20    33 |02-12 19:29:19
  1   0  99   0   0   0|   0     0 |5422B 2788B|   0     0 |  20    56 |02-12 19:29:20
  0   0 100   0   0   0|   0     0 |   0     0 |   0     0 |  26    52 |02-12 19:29:21
  1   1  99   0   0   0|   0     0 | 247B  247B|   0     0 |  42   101 |02-12 19:29:22
  5   2  93   0   0   0|   0     0 |8796B 5302B|   0     0 | 139   377 |02-12 19:29:23
  4   5  89   0   0   2|   0     0 |4298k  166k|   0     0 | 661  2592 |02-12 19:29:24
  4   7  83   0   0   6|   0     0 |  13M  442k|   0     0 |1698  6595 |02-12 19:29:25
  6   8  80   0   0   6|   0     0 |  12M  430k|   0     0 |1411  5912 |02-12 19:29:26
  6   9  78   0   0   8|   0     0 |  12M  434k|   0     0 |1416  5887 |02-12 19:29:27
  5   7  82   0   0   6|   0     0 |  12M  429k|   0     0 |1487  5961 |02-12 19:29:28
  5   9  75   6   0   6|   0   124k|  12M  436k|   0     0 |1429  5716 |02-12 19:29:29
  7   6  82   0   0   4|   0     0 |  12M  437k|   0     0 |1560  6169 |02-12 19:29:30
  5  10  79   0   0   6|   0     0 |  12M  431k|   0     0 |1449  5867 |02-12 19:29:31
  7   8  78   0   0   7|   0     0 |  12M  435k|   0     0 |1340  5688 |02-12 19:29:32
  3   7  84   0   0   5|   0     0 |  12M  432k|   0     0 |1339  5520 |02-12 19:29:33
  6   7  83   0   0   5|   0     0 |  13M  437k|   0     0 |1393  5717 |02-12 19:29:34
  5   7  82   0   0   6|   0     0 |  12M  435k|   0     0 |1325  5412 |02-12 19:29:35
  6   7  83   0   0   4|   0     0 |  12M  431k|   0     0 |1459  5988 |02-12 19:29:36
  5   7  82   0   0   6|   0     0 |  12M  427k|   0     0 |1325  5707 |02-12 19:29:37
  6   8  81   0   0   5|   0     0 |  12M  428k|   0     0 |1285  5459 |02-12 19:29:38
  5   6  83   0   0   5|   0     0 |  12M  429k|   0     0 |1433  5958 |02-12 19:29:39
  4   6  83   0   0   7|   0     0 |  12M  429k|   0     0 |1424  5903 |02-12 19:29:40
  4   7  84   0   0   5|   0     0 |  12M  437k|   0     0 |1434  5886 |02-12 19:29:41
  5   8  81   0   0   6|   0     0 |  12M  427k|   0     0 |1254  5442 |02-12 19:29:42
  4   9  83   0   0   4|   0     0 |  12M  432k|   0     0 |1379  5482 |02-12 19:29:43
  5   7  83   0   0   5|   0     0 |  12M  433k|   0     0 |1375  5712 |02-12 19:29:44
  6   9  82   0   0   4|   0     0 |  12M  433k|   0     0 |1387  5848 |02-12 19:29:45
  5   6  84   0   0   5|   0     0 |  12M  433k|   0     0 |1263  5297 |02-12 19:29:46
  3   4  90   0   0   3|   0     0 |5686k  196k|   0     0 | 635  2722 |02-12 19:29:47
  1   4  93   0   0   2|   0     0 |4076k  139k|   0     0 | 390  1624 |02-12 19:29:48
  2   2  94   0   0   3|   0     0 |5014k  171k|   0     0 | 583  2283 |02-12 19:29:49
  1   1  98   0   0   1|   0     0 |1117k   41k|   0     0 | 145   516 |02-12 19:29:50
  2   3  94   0   0   1|   0     0 |3344k  116k|   0     0 | 363  1520 |02-12 19:29:51
  4   8  84   0   0   4|   0     0 |  11M  382k|   0     0 |1170  4895 |02-12 19:29:52
  6   7  82   0   0   6|   0     0 |  12M  421k|   0     0 |1318  5467 |02-12 19:29:53
  3   7  85   0   0   5|   0     0 |  12M  431k|   0     0 |1485  5937 |02-12 19:29:54
  3   6  86   0   0   4|   0     0 |  12M  428k|   0     0 |1370  5731 |02-12 19:29:55
  5   6  82   0   0   7|   0     0 |  12M  428k|   0     0 |1399  5609 |02-12 19:29:56
  7   8  80   0   0   5|   0     0 |  12M  426k|   0     0 |1346  5267 |02-12 19:29:57
  4   6  83   0   0   7|   0     0 |  12M  433k|   0     0 |1354  5246 |02-12 19:29:58
  6   9  79   1   0   5|   0    52k|  12M  437k|   0     0 |1315  5277 |02-12 19:29:59
  5   7  83   0   0   5|   0    20k|  12M  431k|   0     0 |1314  5240 |02-12 19:30:00
  4   9  82   0   0   6|   0     0 |  12M  429k|   0     0 |1392  5596 |02-12 19:30:01
  4   7  84   0   0   5|   0     0 |  12M  428k|   0     0 |1165  4924 |02-12 19:30:02
  4   7  84   0   0   6|   0     0 |  12M  429k|   0     0 |1384  5427 |02-12 19:30:03
  4   9  83   0   0   5|   0     0 |  12M  425k|   0     0 |1243  5104 |02-12 19:30:04
  3   8  83   0   0   6|   0    24k|  12M  438k|   0     0 |1414  5582 |02-12 19:30:05
  4   7  82   0   0   7|   0     0 |  12M  435k|   0     0 |1308  5406 |02-12 19:30:06
  4   9  83   0   0   4|   0     0 |  12M  438k|   0     0 |1309  5262 |02-12 19:30:07
  5   6  83   0   0   5|   0     0 |  12M  435k|   0     0 |1273  5002 |02-12 19:30:08
  4   8  83   0   0   5|   0     0 |  12M  434k|   0     0 |1444  5634 |02-12 19:30:09
  4   6  85   0   0   5|   0     0 |  12M  430k|   0     0 |1420  5474 |02-12 19:30:10
  6   9  81   0   0   5|   0     0 |  12M  432k|   0     0 |1289  5177 |02-12 19:30:11
  5   8  83   0   0   4|   0     0 |  12M  430k|   0     0 |1282  5181 |02-12 19:30:12
  5   7  84   0   0   4|   0     0 |  12M  423k|   0     0 |1409  5618 |02-12 19:30:13
  5   9  82   0   0   3|   0     0 |  12M  436k|   0     0 |1414  5678 |02-12 19:30:14
  3   8  83   0   0   6|   0     0 |  12M  433k|   0     0 |1342  5571 |02-12 19:30:15
  5   7  80   0   0   7|   0     0 |  12M  429k|   0     0 |1288  5432 |02-12 19:30:16
  5   8  82   0   0   5|   0     0 |  12M  430k|   0     0 |1320  5638 |02-12 19:30:17
  4   7  82   0   0   7|   0     0 |  12M  431k|   0     0 |1212  5307 |02-12 19:30:18
  5   6  84   0   0   5|   0     0 |  12M  430k|   0     0 |1319  5547 |02-12 19:30:19
  2   6  86   0   0   6|   0     0 |  12M  428k|   0     0 |1218  5068 |02-12 19:30:20
  7   6  82   0   0   5|   0     0 |  12M  435k|   0     0 |1323  5371 |02-12 19:30:21
  5   8  83   0   0   5|   0     0 |  12M  432k|   0     0 |1365  5776 |02-12 19:30:22
  5   9  81   0   0   6|   0     0 |  12M  428k|   0     0 |1303  5270 |02-12 19:30:23
  2   3  94   0   0   1|   0     0 |4193k  143k|   0     0 | 449  1750 |02-12 19:30:24
  1   1  98   0   0   0|   0     0 |4584B 4598B|   0     0 |  50   221 |02-12 19:30:25
  0   0 100   0   0   0|   0     0 |   0     0 |   0     0 |  23    40 |02-12 19:30:26
  1   1  98   0   0   0|   0     0 |8277B 8602B|   0     0 |  76   208 |02-12 19:30:27
  0   0 100   0   0   0|   0     0 |   0     0 |   0     0 |  21    27 |02-12 19:30:28
  0   1 100   0   0   0|   0     0 | 300B  538B|   0     0 |  34    70 |02-12 19:30:29
  1   0  98   1   0   0|   0    60k|5422B 2788B|   0     0 |  30    88 |02-12 19:30:30
  0   0  95   6   0   0|   0    68k|2464B 2428B|   0     0 |  33    70 |02-12 19:30:31
  1   0  99   0   0   0|   0     0 |3080B 2798B|   0     0 | 135   326 |02-12 19:30:32
  0   1  99   0   0   0|   0     0 |9800B 6634B|   0     0 |  96   248 |02-12 19:30:33
  0   1 100   0   0   0|   0     0 |2068B 1734B|   0     0 |  91   213 |02-12 19:30:34
  0   1 100   0   0   0|   0     0 |4114B 3264B|   0     0 | 152   364 |02-12 19:30:35
  1   1  98   0   0   0|   0     0 |  10k 7271B|   0     0 | 128   313 |02-12 19:30:36
  8   5  87   0   0   1|   0     0 |3386B 2758B|   0     0 | 253   759 |02-12 19:30:37
  0   0 100   0   0   0|   0     0 | 504B  650B|   0     0 |  36    69 |02-12 19:30:38
  1   0  95   3   0   0|   0     0 |5758B 3120B|   0     0 |  39   123 |02-12 19:30:39
  1   1  78  20   0   0|4068k    0 |   0     0 |   0     0 | 330   795 |02-12 19:30:40
  0   3  72  26   0   0|  12M    0 |   0     0 |   0     0 | 242   608 |02-12 19:30:41
  1   2  63  35   0   0|9232k  700k|5422B 2788B|   0     0 | 119   345 |02-12 19:30:42
  0   0  67  32   0   0|9356k    0 |   0     0 |   0     0 |  59   232 |02-12 19:30:43
  1   3  50  47   0   1|7772k    0 |   0     0 |   0     0 |  36   374 |02-12 19:30:44
  1   1  50  48   0   0|9512k    0 |5422B 2788B|   0     0 |  48   359 |02-12 19:30:45
  0   1  50  49   0   0|9148k    0 |   0     0 |   0     0 |  38   290 |02-12 19:30:46
  1   1  39  60   0   0|7640k   15M|   0     0 |   0     0 |  47   252 |02-12 19:30:47
  1   1  43  56   0   0|5076k 4068k|5422B 2788B|   0     0 |  40   163 |02-12 19:30:48
  0   1  50  49   0   0|9704k    0 |   0     0 |   0     0 |  38   381 |02-12 19:30:49
  0   1  50  49   0   0|  10M    0 |   0     0 |   0     0 |  43   366 |02-12 19:30:50
  1   1  50  49   0   0|6020k    0 |5422B 2788B|   0     0 |  34   255 |02-12 19:30:51
  0   1  50  48   0   0|  10M    0 |   0     0 |   0     0 |  48   283 |02-12 19:30:52
  0   1  50  49   0   0|  10M    0 |   0     0 |   0     0 |  35   365 |02-12 19:30:53
  1   1  50  49   0   1|8568k    0 |5422B 2788B|   0     0 |  40   352 |02-12 19:30:54
  1   1  50  49   0   0|9824k    0 |   0     0 |   0     0 |  32   293 |02-12 19:30:55
  1   1  50  48   0   0|9892k    0 |1895B 1851B|   0     0 |  55   365 |02-12 19:30:56
  9   5  41  45   0   0|8128k    0 |7214B 4814B|   0     0 | 214   852 |02-12 19:30:57
  4   5  44  44   0   3|9700k    0 |5363k  200k|   0     0 | 681  2796 |02-12 19:30:58
  2   3  56  38   0   2|9644k    0 |3038k  103k|   0     0 | 326  1231 |02-12 19:30:59
  4   7  45  42   0   3|  12M    0 |7493k  259k|   0     0 | 675  2900 |02-12 19:31:00
  3   5  43  47   0   3|7724k 1440k|7149k  246k|   0     0 | 707  2882 |02-12 19:31:01
  2   3  57  37   0   1|7584k    0 |2247k   79k|   0     0 | 264  1003 |02-12 19:31:02
  5   6  52  35   0   3|8612k    0 |7985k  275k|   0     0 | 726  2930 |02-12 19:31:03
  4  10  43  38   0   4|  10M    0 |9341k  323k|   0     0 | 827  3267 |02-12 19:31:04
  4   5  51  38   0   3|7504k    0 |8017k  274k|   0     0 | 766  3007 |02-12 19:31:05
  4   5  42  42   0   7|  11M    0 |  10M  370k|   0     0 |1059  4567 |02-12 19:31:06
  3   5  50  38   0   5|9724k    0 |7034k  244k|   0     0 | 648  2637 |02-12 19:31:07
  3   6  54  34   0   4|9728k    0 |7094k  245k|   0     0 | 674  2606 |02-12 19:31:08
  3   6  48  40   0   3|  10M    0 |7332k  253k|   0     0 | 630  2539 |02-12 19:31:09
  4   8  43  42   0   4|7804k    0 |  10M  368k|   0     0 | 851  3584 |02-12 19:31:10
  3   5  46  44   0   3|  11M    0 |6059k  208k|   0     0 | 616  2714 |02-12 19:31:11
  4  10  43  39   0   5|9340k    0 |  11M  396k|   0     0 |1017  4003 |02-12 19:31:12
  2   6  44  44   0   4|7680k 9500k|6400k  221k|   0     0 | 482  2158 |02-12 19:31:13
  4   5  44  41   0   6| 512k 7416k|  11M  371k|   0     0 | 889  3634 |02-12 19:31:14
  6   8  42  40   0   4|8400k 1128k|  12M  432k|   0     0 |1084  4422 |02-12 19:31:15
  4   8  42  40   0   6|9156k    0 |  12M  419k|   0     0 | 990  4264 |02-12 19:31:16
  5   9  10  72   0   5|4116k 1112k|  12M  429k|   0     0 |1051  4179 |02-12 19:31:17
  4   8  66  17   0   6| 712k 2620k|  12M  428k|   0     0 | 989  3852 |02-12 19:31:18
  6   8  83   0   0   4|   0     0 |  12M  430k|   0     0 |1068  4213 |02-12 19:31:19
  5   7  83   0   0   6|   0     0 |  12M  429k|   0     0 |1035  4081 |02-12 19:31:20
  6   7  82   0   0   5|   0     0 |  12M  428k|   0     0 | 921  3628 |02-12 19:31:21
  5   5  85   0   0   5|   0     0 |  12M  431k|   0     0 | 869  3637 |02-12 19:31:22
  4   8  61  21   0   6|4096B   15M|  12M  429k|   0     0 | 837  3359 |02-12 19:31:23
  5  11  41  38   0   5|   0    21M|  12M  422k|   0     0 | 793  3150 |02-12 19:31:24
  4   8  41  41   0   6|   0    23M|  12M  426k|   0     0 | 861  3426 |02-12 19:31:25
  6   6  40  42   0   6|   0    11M|  12M  430k|   0     0 | 816  3345 |02-12 19:31:26
  6   9  39  40   0   6|   0    21M|  12M  434k|   0     0 | 825  3379 |02-12 19:31:27
  1   1  48  48   0   2|   0    14M|2612k   89k|   0     0 | 203   827 |02-12 19:31:28
  4   4  46  45   0   2|   0  9720k|5740k  196k|   0     0 | 356  1591 |02-12 19:31:29
  4   8  41  42   0   4|   0    32M|  11M  388k|   0     0 | 816  3419 |02-12 19:31:30
  2   3  20  74   0   2|   0    12M|5028k  174k|   0     0 | 358  1393 |02-12 19:31:31
  3   4   0  90   0   4|   0    78M|  37M 1309k|   0     0 |2847    11k|02-12 19:31:36 missed 5 ticks
  2   4  83  10   0   1|   0    28M|2790k   96k|   0     0 | 178   729 |02-12 19:31:37
  3   5  87   0   0   6|   0    31M|7959k  274k|   0     0 | 559  2210 |02-12 19:31:38
  4   5  85   0   0   5|   0  1596k|  11M  403k|   0     0 | 777  3204 |02-12 19:31:39
  3   5  90   0   0   2|   0   284k|7382k  254k|   0     0 | 488  1995 |02-12 19:31:40
  3   6  89   0   0   3|   0     0 |8618k  294k|   0     0 | 594  2289 |02-12 19:31:41
  3   5  89   0   0   3|   0     0 |8754k  299k|   0     0 | 667  2583 |02-12 19:31:42
  2   1  95   0   0   2|   0     0 |2860k  100k|   0     0 | 202   806 |02-12 19:31:43
  3   8  84   0   0   5|   0     0 |  11M  394k|   0     0 | 816  3468 |02-12 19:31:44
  4   7  83   0   0   6|   0     0 |  12M  422k|   0     0 | 908  3622 |02-12 19:31:45
  3   6  85   0   0   5|   0     0 |  12M  437k|   0     0 | 931  3692 |02-12 19:31:46
  5   7  83   0   0   5|   0     0 |  12M  426k|   0     0 | 909  3586 |02-12 19:31:47
  4  10  82   0   0   4|   0     0 |  12M  433k|   0     0 | 975  3874 |02-12 19:31:48
  4   8  83   0   0   6|   0     0 |  12M  428k|   0     0 | 960  4234 |02-12 19:31:49
  4   9  83   0   0   4|   0     0 |  12M  423k|   0     0 | 950  4126 |02-12 19:31:50
  3   7  85   0   0   5|   0     0 |  12M  426k|   0     0 |1041  4277 |02-12 19:31:51
  5   7  81   0   0   7|   0  1804k|  12M  434k|   0     0 | 995  3974 |02-12 19:31:52
  5   7  83   0   0   5|   0     0 |  12M  430k|   0     0 |1052  3968 |02-12 19:31:53
  6   8  84   0   0   3|   0     0 |  12M  433k|   0     0 | 936  3933 |02-12 19:31:54
  5   8  82   0   0   6|   0     0 |  12M  433k|   0     0 | 939  3687 |02-12 19:31:55
  5   8  82   0   0   5|   0     0 |  12M  426k|   0     0 |1003  3781 |02-12 19:31:56
  6   7  82   0   0   6|   0    16k|  12M  424k|   0     0 | 895  3587 |02-12 19:31:57
  2   0  97   0   0   1|   0     0 |1525k   53k|   0     0 | 157   554 |02-12 19:31:58
  1   0  99   0   0   0|   0     0 |4584B 4598B|   0     0 |  55   219 |02-12 19:31:59
  0   0 100   0   0   0|   0     0 |   0     0 |   0     0 |  19    27 |02-12 19:32:00
  1   1  99   0   0   0|   0     0 |5844B 3500B|   0     0 |  25    70 |02-12 19:32:01
  1   1  97   2   0   0|   0   248k|   0     0 |   0     0 |  32    85 |02-12 19:32:02
  0   0 100   0   0   0|   0     0 |   0     0 |   0     0 |  19    27 |02-12 19:32:03
  1   1  99   0   0   0|   0     0 |5422B 2788B|   0     0 |  22    61 |02-12 19:32:04
  0   0 100   0   0   0|   0     0 |   0     0 |   0     0 |  23    37 |02-12 19:32:05
  0   0 100   0   0   0|   0     0 |2112B 2112B|   0     0 |  23    46 |02-12 19:32:06
  0   0 100   0   0   0|   0     0 |5422B 2788B|   0     0 |  37   101 |02-12 19:32:07
  0   1  95   5   0   0|   0  1452k|2112B 2112B|   0     0 |  25    60 |02-12 19:32:08
  0   0 100   0   0   0|   0     0 |   0     0 |   0     0 |  24    45 |02-12 19:32:09
  1   0  99   0   0   0|   0     0 |7137B 4143B|   0     0 |  36   105 |02-12 19:32:10
  9   3  88   0   0   0|   0     0 |2936B 3034B|   0     0 | 193   532 |02-12 19:32:11
  0   2  99   0   0   0|   0     0 | 360B  132B|   0     0 |  56   208 |02-12 19:32:12
  0   0 100   0   0   0|   0     0 |5422B 2788B|   0     0 |  27    62 |02-12 19:32:13
  0   0 100   0   0   0|   0     0 |   0     0 |   0     0 |  23    45 |02-12 19:32:14
  0   0 100   0   0   0|   0     0 |   0     0 |   0     0 |  24    51 |02-12 19:32:15
  1   1  99   0   0   0|   0     0 |5422B 2788B|   0     0 |  23    58 |02-12 19:32:16
  0   0  99   0   0   0|   0     0 |   0     0 |   0     0 |  33    76 |02-12 19:32:17
  0   0 100   0   0   0|   0     0 |  90B   90B|   0     0 |  43    47 |02-12 19:32:18
  1   0 100   0   0   0|   0     0 |5422B 2788B|   0     0 |  20    53 |02-12 19:32:19
  0   0 100   0   0   0|   0     0 | 102B  192B|   0     0 |  19    37 |02-12 19:32:20
  0   0 100   0   0   0|   0     0 |   0     0 |   0     0 |  19    28 |02-12 19:32:21
  1   1  99   0   0   0|   0     0 |5422B 2788B|   0     0 |  34   115 |02-12 19:32:22
  0   0 100   0   0   0|   0     0 |   0     0 |   0     0 |  19    34 |02-12 19:32:23
  0   0 100   0   0   0|   0     0 |   0     0 |   0     0 |  18    25 |02-12 19:32:24
  9   4  87   0   0   1|   0     0 |8865B 5483B|   0     0 | 193   571 |02-12 19:32:25
  1   2  95   0   0   2|   0     0 |3591k  141k|   0     0 | 522  2076 |02-12 19:32:26
  6  10  79   0   0   6|   0     0 |  12M  441k|   0     0 |1272  5054 |02-12 19:32:27
  4  10  80   0   0   5|   0    12k|  12M  430k|   0     0 |1204  4863 |02-12 19:32:28
  4   6  82   0   0   8|   0     0 |  12M  427k|   0     0 |1222  4765 |02-12 19:32:29
  5   7  82   0   0   6|   0     0 |  12M  426k|   0     0 |1026  4200 |02-12 19:32:30
  5   8  81   0   0   7|   0     0 |  12M  435k|   0     0 |1009  4102 |02-12 19:32:31
  6   8  80   0   0   7|   0     0 |  12M  432k|   0     0 |1105  4576 |02-12 19:32:32
  5   8  79   4   0   4|   0    84k|  12M  430k|   0     0 |1052  4404 |02-12 19:32:33
  6   6  81   0   0   7|   0     0 |  12M  433k|   0     0 |1190  4950 |02-12 19:32:34
  4   8  82   0   0   6|   0     0 |  12M  426k|   0     0 |1130  4475 |02-12 19:32:35
  5   7  83   0   0   4|   0     0 |  12M  429k|   0     0 | 999  4294 |02-12 19:32:36
  4   9  82   0   0   5|   0     0 |  12M  433k|   0     0 |1007  4384 |02-12 19:32:37
  4   6  85   0   0   6|   0     0 |  12M  426k|   0     0 |1003  3993 |02-12 19:32:38
  3   7  84   0   0   6|   0     0 |  12M  429k|   0     0 | 971  3904 |02-12 19:32:39
  5   9  80   0   0   6|   0     0 |  12M  430k|   0     0 | 922  3946 |02-12 19:32:40
  3   7  84   0   0   5|   0     0 |  12M  429k|   0     0 |1074  4286 |02-12 19:32:41
  5   9  81   0   0   6|   0     0 |  12M  429k|   0     0 |1133  4360 |02-12 19:32:42
  4  10  79   0   0   6|   0    12k|  12M  431k|   0     0 | 984  4053 |02-12 19:32:43
  4   7  81   0   0   8|   0     0 |  12M  432k|   0     0 |1035  4200 |02-12 19:32:44
  4   8  84   0   0   4|   0     0 |  12M  427k|   0     0 | 957  3854 |02-12 19:32:45
  6   6  83   0   0   4|   0     0 |  12M  433k|   0     0 | 823  3575 |02-12 19:32:46
  5   8  83   0   0   4|   0     0 |  12M  432k|   0     0 | 994  3967 |02-12 19:32:47
  5   7  84   0   0   4|   0     0 |  12M  422k|   0     0 | 966  3663 |02-12 19:32:48
  4   8  85   0   0   4|   0     0 |  12M  426k|   0     0 | 995  3749 |02-12 19:32:49
  4   6  84   0   0   6|   0     0 |  12M  433k|   0     0 | 952  3660 |02-12 19:32:50
  4   7  84   0   0   5|   0     0 |  12M  427k|   0     0 |1020  4003 |02-12 19:32:51
  6   6  82   0   0   6|   0     0 |  12M  427k|   0     0 | 967  3722 |02-12 19:32:52
  6   8  82   0   0   5|   0     0 |  12M  424k|   0     0 | 942  3806 |02-12 19:32:53
  4   8  82   0   0   6|   0     0 |  12M  429k|   0     0 |1057  4149 |02-12 19:32:54
  4   5  87   0   0   3|   0     0 |  12M  421k|   0     0 | 999  3829 |02-12 19:32:55
  5   8  82   0   0   5|   0     0 |  12M  429k|   0     0 | 932  3615 |02-12 19:32:56
  4   9  83   0   0   4|   0     0 |  12M  431k|   0     0 | 907  3490 |02-12 19:32:57
  3   8  84   0   0   5|   0     0 |  12M  429k|   0     0 | 874  3414 |02-12 19:32:58
  6   6  84   0   0   5|   0    16k|  12M  426k|   0     0 | 882  3339 |02-12 19:32:59
  5   7  84   0   0   5|   0     0 |  12M  425k|   0     0 | 885  3451 |02-12 19:33:00
  3   7  86   0   0   4|   0     0 |  12M  425k|   0     0 | 894  3458 |02-12 19:33:01
  5   7  83   0   0   6|   0     0 |  12M  431k|   0     0 | 847  3477 |02-12 19:33:02
  4   9  82   2   0   3|   0    48k|  12M  432k|   0     0 | 900  3528 |02-12 19:33:03
  4   9  83   0   0   4|   0    76k|  12M  432k|   0     0 | 960  3770 |02-12 19:33:04
  6   7  82   0   0   6|   0     0 |  12M  429k|   0     0 | 934  3722 |02-12 19:33:05
  3   6  85   0   0   6|   0     0 |  12M  435k|   0     0 | 962  3800 |02-12 19:33:06
  3   8  84   0   0   5|   0     0 |  12M  429k|   0     0 | 998  3968 |02-12 19:33:07
  4   9  83   0   0   4|   0     0 |  12M  437k|   0     0 | 835  3598 |02-12 19:33:08
  3   8  84   0   0   6|   0     0 |  12M  426k|   0     0 | 864  3589 |02-12 19:33:09
  4   8  83   0   0   5|   0     0 |  12M  428k|   0     0 | 977  3888 |02-12 19:33:10
  5   8  80   0   0   8|   0     0 |  13M  442k|   0     0 | 964  4134 |02-12 19:33:11
  4   8  82   0   0   6|   0     0 |  13M  442k|   0     0 | 955  4024 |02-12 19:33:12
  6   8  82   0   0   5|   0     0 |  12M  433k|   0     0 |1004  4114 |02-12 19:33:13
  5   7  83   0   0   5|   0  4096B|  12M  437k|   0     0 | 952  3997 |02-12 19:33:14
  5   7  83   0   0   6|   0     0 |  12M  429k|   0     0 | 966  4154 |02-12 19:33:15
  5   7  84   0   0   5|   0     0 |  12M  433k|   0     0 | 852  3714 |02-12 19:33:16
  6   6  84   0   0   4|   0     0 |  12M  423k|   0     0 | 824  3564 |02-12 19:33:17
  5   8  79   0   0   7|   0     0 |  12M  426k|   0     0 | 886  3690 |02-12 19:33:18
  4   8  84   0   0   5|   0  8192B|  12M  436k|   0     0 | 875  3658 |02-12 19:33:19
  3   8  84   0   0   5|   0     0 |  12M  435k|   0     0 | 921  3761 |02-12 19:33:20
  6   7  83   0   0   5|   0     0 |  12M  431k|   0     0 |1035  4216 |02-12 19:33:21
  4   6  86   0   0   4|   0     0 |  12M  419k|   0     0 | 908  3722 |02-12 19:33:22
  6   6  82   0   0   6|   0     0 |  12M  429k|   0     0 | 904  3788 |02-12 19:33:23
  4   7  85   0   0   4|   0     0 |  12M  425k|   0     0 | 901  3808 |02-12 19:33:24
  5   8  83   0   0   5|   0     0 |  12M  431k|   0     0 | 952  3992 |02-12 19:33:25
  4   4  89   0   0   3|   0     0 |7465k  254k|   0     0 | 409  1698 |02-12 19:33:26
  1   1  99   0   0   0|   0     0 |4584B 4598B|   0     0 |  47   235 |02-12 19:33:27
  1   2  98   0   0   0|   0     0 |2679B 5566B|   0     0 |  56   176 |02-12 19:33:28
  1   0  99   0   0   0|   0    16k|5422B 2788B|   0     0 |  27    66 |02-12 19:33:29
  0   0 100   0   0   0|   0     0 |   0     0 |   0     0 |  21    46 |02-12 19:33:30
  0   0 100   0   0   0|   0     0 |   0     0 |   0     0 |  21    30 |02-12 19:33:31
  0   0 100   0   0   0|   0     0 |5422B 2788B|   0     0 |  20    58 |02-12 19:33:32
  0   1  95   5   0   0|   0    48k|   0     0 |   0     0 |  32    84 |02-12 19:33:33
  0   1 100   0   0   0|   0     0 |   0     0 |   0     0 |  24    47 |02-12 19:33:34
  0   0 100   0   0   0|   0     0 |5422B 2788B|   0     0 |  27    72 |02-12 19:33:35
  0   0 100   0   0   0|   0     0 |   0     0 |   0     0 |  20    31 |02-12 19:33:36
  0   0 100   0   0   0|   0     0 |   0     0 |   0     0 |  23    53 |02-12 19:33:37
  1   0  99   0   0   0|   0     0 |5422B 2788B|   0     0 |  35   116 |02-12 19:33:38
  1   0 100   0   0   0|   0     0 |2112B 2112B|   0     0 |  22    30 |02-12 19:33:39
  0   0 100   0   0   0|   0     0 |   0     0 |   0     0 |  29    89 |02-12 19:33:40
  1   0 100   0   0   0|   0     0 |7534B 4900B|   0     0 |  21    67 |02-12 19:33:41
  0   0 100   0   0   0|   0     0 |   0     0 |   0     0 |  20    35 |02-12 19:33:42
  1   1  99   0   0   0|   0     0 |   0     0 |   0     0 |  34    80 |02-12 19:33:43
  2   1  98   0   0   0|   0     0 |7575B 4881B|   0     0 |  42   125 |02-12 19:33:44
  9   3  88   0   0   0|   0  8192B|2792B 2428B|   0     0 | 205   692 |02-12 19:33:45
  0   0 100   0   0   0|   0     0 |  66B    0 |   0     0 |  23    53 |02-12 19:33:46
  1   0  99   0   0   0|   0     0 |5422B 2788B|   0     0 |  23    80 |02-12 19:33:47
  0   1 100   0   0   0|   0     0 |   0     0 |   0     0 |  34    70 |02-12 19:33:48
  0   0 100   0   0   0|   0     0 |   0     0 |   0     0 |  25    53 |02-12 19:33:49
  1   0  99   0   0   0|   0     0 |5422B 2788B|   0     0 |  21    64 |02-12 19:33:50
  0   0 100   0   0   0|   0     0 |   0     0 |   0     0 |  23    37 |02-12 19:33:51
  0   0 100   0   0   0|   0     0 |   0     0 |   0     0 |  23    43 |02-12 19:33:52
  1   1  99   0   0   0|   0     0 |5422B 2788B|   0     0 |  34   113 |02-12 19:33:53
  0   0 100   0   0   0|   0     0 |   0     0 |   0     0 |  24    53 |02-12 19:33:54
  0   0 100   0   0   0|   0     0 |   0     0 |   0     0 |  23    52 |02-12 19:33:55
  1   0 100   0   0   0|   0     0 |5422B 2788B|   0     0 |  23    60 |02-12 19:33:56
  1   0 100   0   0   0|   0     0 |   0     0 |   0     0 |  23    48 |02-12 19:33:57
  0   1  99   0   0   0|   0     0 |   0     0 |   0     0 |  33    70 |02-12 19:33:58
  1   0  99   0   0   0|   0     0 |5422B 2788B|   0     0 |  25    72 |02-12 19:33:59
  1   1  99   0   0   0|   0  4096B|2287B 2203B|   0     0 |  44   108 |02-12 19:34:00
  8   3  89   0   0   0|   0     0 | 197k   24k|   0     0 | 189   665 |02-12 19:34:01
  4   8  81   0   0   7|   0     0 |  13M  444k|   0     0 |1315  5398 |02-12 19:34:02
  7   5  82   0   0   6|   0     0 |  12M  431k|   0     0 |1015  4161 |02-12 19:34:03
  5   7  80   2   0   7|   0    48k|  13M  439k|   0     0 |1267  5121 |02-12 19:34:04
  5   8  83   0   0   5|   0    56k|  12M  430k|   0     0 | 823  3423 |02-12 19:34:05
  6   8  82   0   0   5|   0     0 |  12M  423k|   0     0 | 825  3482 |02-12 19:34:06
  5   7  84   0   0   5|   0     0 |  12M  427k|   0     0 | 937  3839 |02-12 19:34:07
  4   8  84   0   0   5|   0     0 |  12M  424k|   0     0 | 877  3869 |02-12 19:34:08
  7   8  81   0   0   5|   0     0 |  12M  433k|   0     0 | 999  4100 |02-12 19:34:09
  5   7  83   0   0   5|   0     0 |  12M  420k|   0     0 | 994  4118 |02-12 19:34:10
  4   9  83   0   0   4|   0     0 |  12M  420k|   0     0 | 959  3855 |02-12 19:34:11
  4   8  83   0   0   5|   0     0 |  12M  422k|   0     0 | 892  3721 |02-12 19:34:12
  6   9  81   0   0   5|   0     0 |  12M  429k|   0     0 |1119  4351 |02-12 19:34:13
  4   9  83   0   0   5|   0     0 |  12M  424k|   0     0 | 936  3740 |02-12 19:34:14
  6   6  83   0   0   5|   0     0 |  12M  422k|   0     0 | 937  3639 |02-12 19:34:15
  7   6  83   0   0   5|   0    12k|  12M  424k|   0     0 | 931  3754 |02-12 19:34:16
  4   6  83   0   0   7|   0     0 |  12M  421k|   0     0 | 910  3646 |02-12 19:34:17
  9   7  79   0   0   5|   0     0 |  12M  428k|   0     0 | 867  3383 |02-12 19:34:18
  4   8  83   0   0   5|   0     0 |  12M  421k|   0     0 | 822  3157 |02-12 19:34:19
  4   8  84   0   0   4|   0     0 |  12M  424k|   0     0 | 820  3210 |02-12 19:34:20
  5   7  83   0   0   6|   0     0 |  12M  425k|   0     0 | 822  3426 |02-12 19:34:21
  4   7  84   0   0   6|   0     0 |  12M  419k|   0     0 | 832  3520 |02-12 19:34:22
  5   8  81   0   0   7|   0     0 |  13M  443k|   0     0 | 837  3362 |02-12 19:34:23
  7   7  81   0   0   5|   0     0 |  12M  427k|   0     0 | 779  3309 |02-12 19:34:24
  3   8  83   0   0   6|   0     0 |  12M  422k|   0     0 | 834  3164 |02-12 19:34:25
  5   8  83   0   0   5|   0     0 |  12M  429k|   0     0 |1008  4154 |02-12 19:34:26
  4   6  84   0   0   6|   0     0 |  12M  428k|   0     0 | 933  3885 |02-12 19:34:27
  6   9  79   0   0   7|   0     0 |  12M  428k|   0     0 |1009  3771 |02-12 19:34:28
  6   6  83   0   0   6|   0     0 |  12M  425k|   0     0 |1052  3962 |02-12 19:34:29
  6   9  81   0   0   5|   0     0 |  12M  430k|   0     0 |1041  4044 |02-12 19:34:30
  5   8  83   0   0   5|   0  4096B|  12M  423k|   0     0 |1017  4063 |02-12 19:34:31
  4   9  81   0   0   7|   0     0 |  12M  428k|   0     0 | 985  4017 |02-12 19:34:32
  5  11  81   0   0   4|   0     0 |  12M  431k|   0     0 | 953  3809 |02-12 19:34:33
  3   6  83   3   0   5|   0    48k|  12M  428k|   0     0 | 984  3901 |02-12 19:34:34
  5   6  84   0   0   6|   0     0 |  12M  424k|   0     0 | 958  3914 |02-12 19:34:35
  6   6  83   0   0   5|   0    16k|  12M  426k|   0     0 | 992  4101 |02-12 19:34:36
  3   9  83   0   0   6|   0     0 |  12M  430k|   0     0 |1020  4240 |02-12 19:34:37
  4   8  81   0   0   7|   0     0 |  12M  427k|   0     0 | 990  4073 |02-12 19:34:38
  4   7  82   0   0   8|   0     0 |  12M  429k|   0     0 | 943  3938 |02-12 19:34:39
  4   7  83   0   0   7|   0     0 |  12M  435k|   0     0 |1045  4204 |02-12 19:34:40
  4   9  82   0   0   5|   0     0 |  12M  435k|   0     0 | 998  4057 |02-12 19:34:41
  4   8  81   0   0   6|   0     0 |  12M  430k|   0     0 | 903  3778 |02-12 19:34:42
  3  10  81   0   0   7|   0     0 |  12M  426k|   0     0 | 904  3616 |02-12 19:34:43
  3   6  87   0   0   4|   0     0 |  12M  429k|   0     0 | 915  3701 |02-12 19:34:44
  6   9  82   0   0   4|   0     0 |  12M  433k|   0     0 | 897  3626 |02-12 19:34:45
  4   9  82   0   0   6|   0     0 |  12M  421k|   0     0 | 870  3848 |02-12 19:34:46
  5   7  82   0   0   6|   0     0 |  12M  431k|   0     0 |1073  4387 |02-12 19:34:47
  5   8  81   0   0   7|   0     0 |  12M  429k|   0     0 | 912  3709 |02-12 19:34:48
  5   9  82   0   0   5|   0     0 |  12M  434k|   0     0 | 940  3993 |02-12 19:34:49
  3  10  81   0   0   5|   0     0 |  12M  433k|   0     0 | 998  4126 |02-12 19:34:50
  6   8  81   0   0   5|   0  4096B|  12M  429k|   0     0 | 939  3978 |02-12 19:34:51
  4   7  83   0   0   7|   0     0 |  12M  428k|   0     0 | 974  4134 |02-12 19:34:52
  6   6  83   0   0   5|   0     0 |  12M  430k|   0     0 | 906  3836 |02-12 19:34:53
  6  11  77   0   0   7|   0     0 |  12M  431k|   0     0 | 909  3714 |02-12 19:34:54
  5   4  85   0   0   5|   0     0 |  12M  429k|   0     0 | 977  3974 |02-12 19:34:55
  6   7  84   0   0   3|   0     0 |  12M  431k|   0     0 | 981  3947 |02-12 19:34:56
  5   8  81   0   0   6|   0     0 |  12M  420k|   0     0 | 859  3584 |02-12 19:34:57
  3   9  83   0   0   5|   0     0 |  12M  428k|   0     0 | 998  4167 |02-12 19:34:58
  5   8  81   0   0   6|   0     0 |  12M  421k|   0     0 |1013  3939 |02-12 19:34:59
  3   8  83   0   0   6|   0     0 |  12M  427k|   0     0 |1013  3964 |02-12 19:35:00
  4   4  88   0   0   4|   0     0 |8161k  277k|   0     0 | 699  2745 |02-12 19:35:01
  1   0  99   0   0   0|   0     0 |4584B 4598B|   0     0 |  47   243 |02-12 19:35:02
  2   1  98   0   0   0|   0     0 |5844B 3500B|   0     0 |  34   104 |02-12 19:35:03
  0   0 100   0   0   0|   0     0 |   0     0 |   0     0 |  25    30 |02-12 19:35:04
  0   0  98   2   0   0|   0    52k|   0     0 |   0     0 |  24    49 |02-12 19:35:05
  0   1 100   0   0   0|   0     0 |5422B 2788B|   0     0 |  29    70 |02-12 19:35:06
  0   0 100   0   0   0|   0    80k|   0     0 |   0     0 |  26    67 |02-12 19:35:07
  1   0 100   0   0   0|   0     0 |   0     0 |   0     0 |  34    76 |02-12 19:35:08
  0   0  99   0   0   0|   0     0 |5422B 2788B|   0     0 |  25    86 |02-12 19:35:09
  0   0 100   0   0   0|   0     0 |2112B 2112B|   0     0 |  23    51 |02-12 19:35:10
  0   0 100   0   0   0|   0     0 |2112B 2112B|   0     0 |  24    43 |02-12 19:35:11
  1   0  99   0   0   0|   0     0 |5422B 2788B|   0     0 |  28    67 |02-12 19:35:12
  0   0  99   0   0   0|   0     0 |   0     0 |   0     0 |  32    69 |02-12 19:35:13
  0   0 100   0   0   0|   0     0 |   0     0 |   0     0 |  20    33 |02-12 19:35:14
  2   1  98   0   0   0|   0     0 |7443B 4881B|   0     0 |  38   113 |02-12 19:35:15
  7   4  89   0   0   0|   0     0 |2498B 2296B|   0     0 | 182   544 |02-12 19:35:16
  1   1  99   0   0   0|   0     0 | 360B  132B|   0     0 |  47   204 |02-12 19:35:17
  1   1  99   0   0   0|   0     0 |5422B 2788B|   0     0 |  35   113 |02-12 19:35:18
  0   0 100   0   0   0|   0     0 |   0     0 |   0     0 |  23    48 |02-12 19:35:19
  0   0 100   0   0   0|   0     0 |   0     0 |   0     0 |  23    44 |02-12 19:35:20
  1   0 100   0   0   0|   0     0 |5422B 2788B|   0     0 |  26    69 |02-12 19:35:21
  0   0 100   0   0   0|   0  8192B|   0     0 |   0     0 |  21    55 |02-12 19:35:22
  0   1  99   0   0   0|   0     0 |   0     0 |   0     0 |  32    69 |02-12 19:35:23
  1   0  99   0   0   0|   0     0 |4962B  940B|   0     0 |  24    53 |02-12 19:35:24
  0   0  99   0   0   0|   0     0 | 460B 1848B|   0     0 |  25    62 |02-12 19:35:25
  0   1 100   0   0   0|   0     0 |1715B 1355B|   0     0 |  34    82 |02-12 19:35:26
  8   3  90   0   0   0|   0     0 |1906B 2412B|   0     0 | 197   544 |02-12 19:35:27
