[7l----total-cpu-usage---- -dsk/total- -net/total- ---paging-- ---system-- ----system----
usr sys idl wai hiq siq| read  writ| recv  send|  in   out | int   csw |     time     
  2   2  94   0   0   2|  15k   56k|   0     0 |   0     0 | 458  1751 |02-12 19:17:13
  1   0  99   0   0   0|   0     0 |5422B 2854B|   0     0 |  25    76 |02-12 19:17:14
  0   0  97   2   0   0|   0    64k|   0     0 |   0     0 |  34    85 |02-12 19:17:15
  0   0 100   0   0   0|   0     0 |   0     0 |   0     0 |  22    41 |02-12 19:17:16
  0   0 100   0   0   0|   0    60k|5422B 2788B|   0     0 |  31    73 |02-12 19:17:17
  0   0 100   0   0   0|   0     0 |   0     0 |   0     0 |  20    39 |02-12 19:17:18
  0   0 100   0   0   0|   0     0 |   0     0 |   0     0 |  22    40 |02-12 19:17:19
  0   0 100   0   0   0|   0     0 |   0     0 |   0     0 |  33    87 |02-12 19:17:20
  1   1  98   0   0   0|   0     0 |7333B 4705B|   0     0 |  40   115 |02-12 19:17:21
  8   4  88   0   0   0|   0     0 |  12k   16k|   0     0 | 191   565 |02-12 19:17:22
  1   3  95   0   0   2|   0    20k|3809k  132k|   0     0 | 340  1769 |02-12 19:17:23
  3   4  92   0   0   2|   0     0 |4225k  144k|   0     0 | 462  2026 |02-12 19:17:24
  1   3  93   0   0   3|   0     0 |4338k  146k|   0     0 | 446  2005 |02-12 19:17:25
  2   3  94   0   0   2|   0     0 |4215k  145k|   0     0 | 411  1887 |02-12 19:17:26
  3   3  94   0   0   1|   0     0 |4330k  148k|   0     0 | 398  1867 |02-12 19:17:27
  2   4  92   0   0   2|   0     0 |4242k  142k|   0     0 | 405  1844 |02-12 19:17:28
  1   3  95   0   0   1|   0     0 |4226k  143k|   0     0 | 389  1708 |02-12 19:17:29
  3   3  92   0   0   2|   0     0 |4295k  148k|   0     0 | 398  1829 |02-12 19:17:30
  2   3  93   0   0   2|   0     0 |4321k  145k|   0     0 | 434  2020 |02-12 19:17:31
  2   2  94   0   0   3|   0     0 |4316k  144k|   0     0 | 418  1860 |02-12 19:17:32
  1   5  91   0   0   2|   0     0 |4217k  145k|   0     0 | 381  1810 |02-12 19:17:33
  1   3  94   0   0   3|   0     0 |4404k  148k|   0     0 | 456  2023 |02-12 19:17:34
  1   4  93   0   0   3|   0     0 |4298k  144k|   0     0 | 421  1911 |02-12 19:17:35
  1   4  93   0   0   2|   0     0 |4274k  146k|   0     0 | 366  1837 |02-12 19:17:36
  2   3  93   0   0   3|   0     0 |4294k  144k|   0     0 | 443  1940 |02-12 19:17:37
  2   1  93   0   0   4|   0     0 |4351k  146k|   0     0 | 437  1977 |02-12 19:17:38
  2   2  94   0   0   2|   0     0 |4247k  145k|   0     0 | 428  1930 |02-12 19:17:39
  1   2  94   0   0   3|   0     0 |4212k  141k|   0     0 | 455  1937 |02-12 19:17:40
  2   3  93   0   0   3|   0     0 |4264k  146k|   0     0 | 422  1963 |02-12 19:17:41
  3   4  92   0   0   2|   0     0 |4260k  146k|   0     0 | 412  1865 |02-12 19:17:42
  2   4  93   0   0   3|   0     0 |4194k  144k|   0     0 | 418  1905 |02-12 19:17:43
  2   2  96   0   0   1|   0     0 |4269k  144k|   0     0 | 367  1733 |02-12 19:17:44
  3   3  92   0   0   3|   0     0 |4212k  144k|   0     0 | 440  1926 |02-12 19:17:45
  2   2  93   2   0   2|   0    48k|4255k  143k|   0     0 | 414  1814 |02-12 19:17:46
  2   2  94   0   0   2|   0     0 |4233k  142k|   0     0 | 431  1894 |02-12 19:17:47
  3   2  92   0   0   3|   0     0 |4260k  146k|   0     0 | 433  1917 |02-12 19:17:48
  2   2  94   0   0   3|   0     0 |4325k  146k|   0     0 | 423  1866 |02-12 19:17:49
  2   3  93   0   0   2|   0     0 |4260k  144k|   0     0 | 426  1841 |02-12 19:17:50
  2   2  94   0   0   2|   0     0 |4204k  144k|   0     0 | 428  1954 |02-12 19:17:51
  2   1  94   0   0   3|   0     0 |4281k  144k|   0     0 | 441  1972 |02-12 19:17:52
  1   3  93   0   0   4|   0     0 |4247k  143k|   0     0 | 403  1841 |02-12 19:17:53
  3   3  93   0   0   2|   0    20k|4230k  144k|   0     0 | 428  1891 |02-12 19:17:54
  2   3  92   0   0   3|   0     0 |4303k  145k|   0     0 | 468  2037 |02-12 19:17:55
  2   3  92   0   0   3|   0     0 |4268k  143k|   0     0 | 426  1843 |02-12 19:17:56
  2   3  92   0   0   3|   0     0 |4239k  145k|   0     0 | 404  1842 |02-12 19:17:57
  1   3  94   0   0   2|   0     0 |4190k  141k|   0     0 | 438  1926 |02-12 19:17:58
  2   4  93   0   0   2|   0     0 |4290k  143k|   0     0 | 390  1822 |02-12 19:17:59
  2   2  95   0   0   2|   0     0 |4252k  146k|   0     0 | 478  1982 |02-12 19:18:00
  2   4  93   0   0   2|   0     0 |4486k  151k|   0     0 | 490  2099 |02-12 19:18:01
  1   1  95   0   0   3|   0     0 |4203k  141k|   0     0 | 393  1842 |02-12 19:18:02
  2   3  92   0   0   4|   0     0 |4417k  151k|   0     0 | 415  1827 |02-12 19:18:03
  3   3  93   0   0   2|   0     0 |4303k  145k|   0     0 | 414  1894 |02-12 19:18:04
  2   3  93   0   0   2|   0     0 |4312k  145k|   0     0 | 441  1917 |02-12 19:18:05
  2   3  95   0   0   1|   0     0 |4252k  145k|   0     0 | 447  2018 |02-12 19:18:06
  2   3  93   0   0   3|   0     0 |4238k  143k|   0     0 | 424  1866 |02-12 19:18:07
  2   3  93   0   0   3|   0     0 |4289k  144k|   0     0 | 384  1723 |02-12 19:18:08
  3   3  93   0   0   2|   0     0 |4248k  146k|   0     0 | 436  1922 |02-12 19:18:09
  3   2  92   0   0   3|   0     0 |4273k  143k|   0     0 | 400  1835 |02-12 19:18:10
  2   2  94   0   0   2|   0     0 |4200k  142k|   0     0 | 420  1828 |02-12 19:18:11
  3   4  92   0   0   2|   0     0 |4291k  146k|   0     0 | 395  1749 |02-12 19:18:12
  2   2  94   0   0   2|   0     0 |4238k  142k|   0     0 | 421  1930 |02-12 19:18:13
  2   3  94   0   0   2|   0     0 |4255k  143k|   0     0 | 437  1800 |02-12 19:18:14
  4   3  92   0   0   2|   0     0 |4239k  145k|   0     0 | 506  1994 |02-12 19:18:15
  2   2  85   9   0   3|   0    20k|4382k  148k|   0     0 | 501  1976 |02-12 19:18:16
  1   2  94   0   0   3|   0     0 |4295k  144k|   0     0 | 490  1915 |02-12 19:18:17
  2   2  94   0   0   2|   0     0 |4265k  146k|   0     0 | 432  1738 |02-12 19:18:18
  1   3  93   0   0   4|   0     0 |4264k  143k|   0     0 | 486  1843 |02-12 19:18:19
  2   2  95   0   0   1|   0    40k|4256k  142k|   0     0 | 465  1829 |02-12 19:18:20
  2   2  95   0   0   2|   0     0 |4218k  147k|   0     0 | 498  1881 |02-12 19:18:21
  2   2  93   0   0   3|   0     0 |4100k  136k|   0     0 | 453  1805 |02-12 19:18:22
  0   0 100   0   0   0|   0     0 |4224B 4466B|   0     0 |  25    68 |02-12 19:18:23
  1   1  99   0   0   0|   0     0 |5782B 2920B|   0     0 |  40   205 |02-12 19:18:24
  1   1  99   0   0   0|   0    24k|   0     0 |   0     0 |  36    75 |02-12 19:18:25
  1   0  99   0   0   0|   0     0 |2246B 2354B|   0     0 |  48   121 |02-12 19:18:26
  1   0  99   0   0   0|   0     0 |5422B 2788B|   0     0 |  29    73 |02-12 19:18:27
  0   0 100   0   0   0|   0     0 |   0     0 |   0     0 |  23    33 |02-12 19:18:28
  0   0 100   0   0   0|   0     0 |   0     0 |   0     0 |  26    52 |02-12 19:18:29
  1   0  99   0   0   0|   0     0 |5422B 2788B|   0     0 |  43   130 |02-12 19:18:30
  0   0 100   0   0   0|   0     0 |2112B 2112B|   0     0 |  24    42 |02-12 19:18:31
  0   0 100   0   0   0|   0     0 |2112B 2112B|   0     0 |  25    43 |02-12 19:18:32
  1   0  99   0   0   0|   0     0 |5422B 2788B|   0     0 |  25    71 |02-12 19:18:33
  0   0 100   0   0   0|   0     0 |   0     0 |   0     0 |  26    47 |02-12 19:18:34
  0   0  99   0   0   0|   0     0 |   0     0 |   0     0 |  38    76 |02-12 19:18:35
  2   0  98   0   0   0|   0     0 |8147B 5389B|   0     0 |  49   167 |02-12 19:18:36
  9   4  88   0   0   0|   0     0 |2388B 2112B|   0     0 | 196   641 |02-12 19:18:37
  0   0 100   0   0   0|   0     0 |   0     0 |   0     0 |  23    42 |02-12 19:18:38
  0   0  99   0   0   0|   0     0 |5422B 2788B|   0     0 |  28    64 |02-12 19:18:39
  0   1 100   0   0   0|   0     0 |   0     0 |   0     0 |  32    69 |02-12 19:18:40
  1   0 100   0   0   0|   0     0 |   0     0 |   0     0 |  26    64 |02-12 19:18:41
  1   0 100   0   0   0|   0     0 |5422B 2788B|   0     0 |  28    66 |02-12 19:18:42
  0   0 100   0   0   0|   0     0 |   0     0 |   0     0 |  25    41 |02-12 19:18:43
  0   0 100   0   0   0|   0     0 |   0     0 |   0     0 |  25    47 |02-12 19:18:44
  1   1  99   0   0   0|   0     0 |5168B 2722B|   0     0 |  39   107 |02-12 19:18:45
  0   0 100   0   0   0|   0     0 | 254B   66B|   0     0 |  25    60 |02-12 19:18:46
  0   0  99   1   0   0|   0    28k|   0     0 |   0     0 |  27    66 |02-12 19:18:47
  0   0 100   0   0   0|   0     0 |   0     0 |   0     0 |  26    47 |02-12 19:18:48
  1   0 100   0   0   0|   0     0 |5422B 2788B|   0     0 |  28    75 |02-12 19:18:49
  1   1  99   0   0   0|   0     0 |   0     0 |   0     0 |  40    81 |02-12 19:18:50
  1   0 100   0   0   0|   0     0 | 247B  140B|   0     0 |  31    53 |02-12 19:18:51
  8   2  90   0   0   0|   0     0 |9086B 6055B|   0     0 | 140   417 |02-12 19:18:52
  2   3  94   0   0   1|   0     0 |1952k   85k|   0     0 | 364  1447 |02-12 19:18:53
  2   2  94   0   0   3|   0     0 |4234k  143k|   0     0 | 459  1933 |02-12 19:18:54
  3   3  92   0   0   3|   0     0 |4256k  146k|   0     0 | 565  2076 |02-12 19:18:55
  2   2  94   0   0   2|   0    12k|4242k  143k|   0     0 | 468  1900 |02-12 19:18:56
  2   1  94   0   0   3|   0     0 |4217k  142k|   0     0 | 462  1879 |02-12 19:18:57
  1   3  95   0   0   2|   0     0 |4247k  145k|   0     0 | 507  1993 |02-12 19:18:58
  2   3  93   0   0   3|   0     0 |4238k  142k|   0     0 | 503  1881 |02-12 19:18:59
  2   3  94   0   0   2|   0     0 |4238k  142k|   0     0 | 461  1846 |02-12 19:19:00
  2   4  93   0   0   2|   0     0 |4260k  146k|   0     0 | 474  1964 |02-12 19:19:01
  1   2  96   0   0   1|   0     0 |4264k  143k|   0     0 | 478  1964 |02-12 19:19:02
  2   3  94   0   0   2|   0     0 |4208k  142k|   0     0 | 463  1861 |02-12 19:19:03
  2   2  95   0   0   2|   0     0 |4243k  145k|   0     0 | 458  1840 |02-12 19:19:04
  3   3  92   0   0   2|   0     0 |4238k  142k|   0     0 | 433  1801 |02-12 19:19:05
  1   3  94   0   0   3|   0     0 |4213k  144k|   0     0 | 519  1817 |02-12 19:19:06
  3   4  92   0   0   2|   0     0 |4304k  147k|   0     0 | 506  1930 |02-12 19:19:07
  2   3  93   0   0   2|   0     0 |4260k  143k|   0     0 | 489  1894 |02-12 19:19:08
  2   3  95   0   0   1|   0     0 |4208k  142k|   0     0 | 464  1795 |02-12 19:19:09
  2   2  95   0   0   2|   0     0 |4282k  146k|   0     0 | 492  1905 |02-12 19:19:10
  2   2  93   0   0   3|   0  4096B|4201k  143k|   0     0 | 450  1850 |02-12 19:19:11
  3   2  92   0   0   3|   0     0 |4262k  144k|   0     0 | 507  1915 |02-12 19:19:12
  3   4  91   0   0   3|   0     0 |4239k  145k|   0     0 | 476  1817 |02-12 19:19:13
  3   3  94   0   0   1|   0     0 |4255k  146k|   0     0 | 459  1824 |02-12 19:19:14
  1   2  94   0   0   4|   0     0 |4212k  142k|   0     0 | 499  1830 |02-12 19:19:15
  1   3  94   0   0   3|   0     0 |4321k  148k|   0     0 | 467  1812 |02-12 19:19:16
  2   2  94   0   0   2|   0     0 |4238k  142k|   0     0 | 465  1859 |02-12 19:19:17
  3   3  92   1   0   2|   0    40k|4234k  142k|   0     0 | 482  1810 |02-12 19:19:18
  3   2  93   0   0   2|   0     0 |4217k  144k|   0     0 | 460  1764 |02-12 19:19:19
  2   4  91   0   0   3|   0     0 |4264k  143k|   0     0 | 455  1850 |02-12 19:19:20
  1   3  94   0   0   3|   0    28k|4299k  145k|   0     0 | 452  1816 |02-12 19:19:21
  1   3  94   0   0   3|   0     0 |4265k  146k|   0     0 | 484  1837 |02-12 19:19:22
  2   2  95   0   0   1|   0     0 |4238k  142k|   0     0 | 465  1728 |02-12 19:19:23
  2   4  93   0   0   2|   0     0 |4203k  141k|   0     0 | 467  1927 |02-12 19:19:24
  2   4  91   0   0   3|   0     0 |4330k  148k|   0     0 | 441  1916 |02-12 19:19:25
  3   3  93   0   0   1|   0    16k|4232k  148k|   0     0 | 477  1956 |02-12 19:19:26
  2   3  92   0   0   4|   0     0 |4316k  145k|   0     0 | 429  2007 |02-12 19:19:27
  2   4  92   0   0   2|   0     0 |4226k  145k|   0     0 | 439  1914 |02-12 19:19:28
  2   2  94   0   0   2|   0     0 |4238k  142k|   0     0 | 402  1884 |02-12 19:19:29
  2   4  92   0   0   2|   0     0 |4247k  143k|   0     0 | 431  1900 |02-12 19:19:30
  2   3  92   0   0   3|   0     0 |4243k  145k|   0     0 | 418  1941 |02-12 19:19:31
  1   3  92   0   0   4|   0  4096B|4255k  143k|   0     0 | 396  1802 |02-12 19:19:32
  2   3  92   0   0   3|   0     0 |4208k  142k|   0     0 | 399  1817 |02-12 19:19:33
  2   2  93   0   0   3|   0     0 |4243k  145k|   0     0 | 422  1921 |02-12 19:19:34
  2   2  95   0   0   1|   0     0 |4312k  145k|   0     0 | 417  1942 |02-12 19:19:35
  3   2  94   0   0   2|   0     0 |4273k  144k|   0     0 | 391  1860 |02-12 19:19:36
  3   3  94   0   0   1|   0     0 |4252k  145k|   0     0 | 429  1940 |02-12 19:19:37
  1   3  94   0   0   2|   0     0 |4233k  142k|   0     0 | 419  1832 |02-12 19:19:38
  1   2  94   0   0   4|   0     0 |4225k  142k|   0     0 | 408  1814 |02-12 19:19:39
  3   3  92   0   0   2|   0     0 |4269k  146k|   0     0 | 437  1902 |02-12 19:19:40
  1   2  94   0   0   3|   0     0 |4229k  142k|   0     0 | 451  1947 |02-12 19:19:41
  2   3  93   0   0   2|   0     0 |4217k  142k|   0     0 | 409  1900 |02-12 19:19:42
  2   4  92   0   0   2|   0     0 |4247k  145k|   0     0 | 396  1796 |02-12 19:19:43
  2   3  92   0   0   3|   0     0 |4216k  142k|   0     0 | 410  1810 |02-12 19:19:44
  2   3  93   0   0   2|   0     0 |4260k  143k|   0     0 | 466  1957 |02-12 19:19:45
  2   3  93   0   0   2|   0     0 |4243k  145k|   0     0 | 425  1866 |02-12 19:19:46
  2   2  94   0   0   2|   0     0 |4233k  142k|   0     0 | 475  1820 |02-12 19:19:47
  2   4  90   1   0   2|   0    40k|4229k  142k|   0     0 | 423  1899 |02-12 19:19:48
  2   3  92   0   0   4|   0     0 |4230k  145k|   0     0 | 472  1924 |02-12 19:19:49
  2   4  93   0   0   2|   0     0 |4242k  143k|   0     0 | 466  1816 |02-12 19:19:50
  1   3  93   0   0   3|   0     0 |4251k  143k|   0     0 | 448  1852 |02-12 19:19:51
  3   3  92   0   0   2|   0     0 |4235k  146k|   0     0 | 482  1873 |02-12 19:19:52
  0   1  97   0   0   2|   0     0 |1718k   56k|   0     0 | 219   710 |02-12 19:19:53
  1   1  98   0   0   0|   0     0 |4584B 4598B|   0     0 |  57   229 |02-12 19:19:54
  1   0  99   0   0   0|   0     0 |5422B 2788B|   0     0 |  40   107 |02-12 19:19:55
  0   0 100   0   0   0|   0     0 |   0     0 |   0     0 |  24    41 |02-12 19:19:56
  1   0 100   0   0   0|   0    16k|   0     0 |   0     0 |  26    59 |02-12 19:19:57
  0   0  99   0   0   0|   0     0 |5422B 2788B|   0     0 |  26    94 |02-12 19:19:58
  0   0 100   0   0   0|   0     0 |   0     0 |   0     0 |  23    37 |02-12 19:19:59
  1   0 100   0   0   0|   0     0 |   0     0 |   0     0 |  37    76 |02-12 19:20:00
  1   0  99   0   0   0|   0     0 |7534B 4900B|   0     0 |  28    79 |02-12 19:20:01
  0   0 100   0   0   0|   0     0 |   0     0 |   0     0 |  23    44 |02-12 19:20:02
  0   0 100   0   0   0|   0     0 |   0     0 |   0     0 |  22    33 |02-12 19:20:03
  1   0  99   0   0   0|   0     0 |7534B 4900B|   0     0 |  26    71 |02-12 19:20:04
  1   1  99   0   0   0|   0     0 |   0     0 |   0     0 |  34    78 |02-12 19:20:05
  0   0 100   0   0   0|   0     0 |   0     0 |   0     0 |  25    52 |02-12 19:20:06
  1   0  99   0   0   0|   0  8192B|5422B 2788B|   0     0 |  27    84 |02-12 19:20:07
  0   0 100   0   0   0|   0     0 |   0     0 |   0     0 |  23    44 |02-12 19:20:08
  1   1  99   0   0   0|   0     0 |1715B 1355B|   0     0 |  37    86 |02-12 19:20:09
  7   4  89   0   0   0|   0     0 |7262B 5310B|   0     0 | 197   574 |02-12 19:20:10
  2   1  98   0   0   0|   0     0 |1324B  644B|   0     0 |  54   214 |02-12 19:20:11
  0   0 100   0   0   0|   0     0 |   0     0 |   0     0 |  23    39 |02-12 19:20:12
  0   0 100   0   0   0|   0     0 |   0     0 |   0     0 |  24    44 |02-12 19:20:13
  1   1  99   0   0   0|   0     0 |5422B 2788B|   0     0 |  29    75 |02-12 19:20:14
  1   0 100   0   0   0|   0     0 |   0     0 |   0     0 |  37    76 |02-12 19:20:15
  0   0 100   0   0   0|   0     0 |   0     0 |   0     0 |  25    37 |02-12 19:20:16
  1   0  99   0   0   0|   0     0 |5422B 2788B|   0     0 |  31    88 |02-12 19:20:17
  0   0  99   1   0   0|   0    28k|   0     0 |   0     0 |  25    65 |02-12 19:20:18
  1   0  99   0   0   0|   0     0 |1105B 1355B|   0     0 |  32    70 |02-12 19:20:19
  2   1  98   0   0   0|   0     0 |6194B 4376B|   0     0 |  44   129 |02-12 19:20:20
  0   1 100   0   0   0|   0     0 | 472B  196B|   0     0 |  40   121 |02-12 19:20:21
  0   0 100   0   0   0|   0     0 |   0     0 |   0     0 |  23    40 |02-12 19:20:22
  0   0 100   0   0   0|   0    56k|5422B 2788B|   0     0 |  26    68 |02-12 19:20:23
  0   0 100   0   0   0|   0     0 |   0     0 |   0     0 |  21    34 |02-12 19:20:24
  1   1  99   0   0   0|   0     0 | 247B  247B|   0     0 |  46   102 |02-12 19:20:25
  7   4  90   0   0   0|   0     0 |8796B 5302B|   0     0 | 142   404 |02-12 19:20:26
  3   4  93   0   0   1|   0     0 |1593k   78k|   0     0 | 314  1250 |02-12 19:20:27
  2   2  94   0   0   3|   0     0 |4229k  142k|   0     0 | 477  1904 |02-12 19:20:28
  2   2  94   0   0   2|   0     0 |4261k  146k|   0     0 | 545  2098 |02-12 19:20:29
  2   3  93   0   0   2|   0     0 |4251k  143k|   0     0 | 494  1893 |02-12 19:20:30
  2   2  94   0   0   2|   0     0 |4229k  142k|   0     0 | 504  1944 |02-12 19:20:31
  2   3  92   0   0   4|   0     0 |4252k  145k|   0     0 | 484  1870 |02-12 19:20:32
  2   3  94   0   0   1|   0     0 |4251k  143k|   0     0 | 526  1881 |02-12 19:20:33
  3   1  95   0   0   2|   0     0 |4251k  143k|   0     0 | 437  1820 |02-12 19:20:34
  2   3  93   0   0   2|   0     0 |4252k  145k|   0     0 | 461  1913 |02-12 19:20:35
  2   3  94   0   0   2|   0     0 |4233k  142k|   0     0 | 459  1861 |02-12 19:20:36
  1   2  95   0   0   2|   0     0 |4234k  144k|   0     0 | 447  1808 |02-12 19:20:37
  2   2  94   0   0   2|   0     0 |4261k  146k|   0     0 | 483  1858 |02-12 19:20:38
  1   0  97   0   0   2|   0     0 |4264k  143k|   0     0 | 428  1840 |02-12 19:20:39
  2   3  93   0   0   2|   0     0 |4269k  144k|   0     0 | 464  1791 |02-12 19:20:40
  3   3  93   0   0   2|   0     0 |4326k  148k|   0     0 | 496  1909 |02-12 19:20:41
  2   2  93   0   0   3|   0     0 |4220k  142k|   0     0 | 478  1874 |02-12 19:20:42
  2   3  93   0   0   2|   0     0 |4251k  143k|   0     0 | 481  1863 |02-12 19:20:43
  2   2  94   0   0   2|   0     0 |4230k  145k|   0     0 | 468  1952 |02-12 19:20:44
  2   4  94   0   0   1|   0     0 |4302k  145k|   0     0 | 442  1933 |02-12 19:20:45
  2   3  95   0   0   1|   0     0 |4230k  145k|   0     0 | 377  1758 |02-12 19:20:46
  2   2  95   0   0   1|   0     0 |4352k  149k|   0     0 | 411  1894 |02-12 19:20:47
  1   2  94   0   0   3|   0     0 |4241k  145k|   0     0 | 390  1774 |02-12 19:20:48
  2   3  92   2   0   2|   0    76k|4229k  142k|   0     0 | 362  1694 |02-12 19:20:49
  2   5  92   0   0   2|   0     0 |4252k  146k|   0     0 | 462  1858 |02-12 19:20:50
  2   3  93   0   0   2|   0     0 |4238k  142k|   0     0 | 396  1708 |02-12 19:20:51
  2   3  93   0   0   2|   0     0 |4294k  144k|   0     0 | 398  1781 |02-12 19:20:52
  3   3  92   0   0   2|   0     0 |4257k  146k|   0     0 | 399  1750 |02-12 19:20:53
  1   3  94   0   0   2|   0  4096B|4316k  145k|   0     0 | 351  1731 |02-12 19:20:54
  2   4  93   0   0   1|   0     0 |4225k  142k|   0     0 | 384  1771 |02-12 19:20:55
  2   2  94   0   0   2|   0     0 |4269k  146k|   0     0 | 372  1754 |02-12 19:20:56
  2   2  94   0   0   2|   0     0 |4229k  142k|   0     0 | 406  1756 |02-12 19:20:57
  1   2  94   0   0   3|   0     0 |4247k  143k|   0     0 | 438  1939 |02-12 19:20:58
  2   3  93   0   0   3|   0    24k|4261k  146k|   0     0 | 438  1971 |02-12 19:20:59
  2   3  93   0   0   2|   0     0 |4247k  143k|   0     0 | 429  1866 |02-12 19:21:00
  2   4  92   0   0   3|   0     0 |4229k  142k|   0     0 | 401  1842 |02-12 19:21:01
  3   3  92   0   0   3|   0     0 |4253k  147k|   0     0 | 421  1856 |02-12 19:21:02
  2   2  94   0   0   3|   0     0 |4260k  143k|   0     0 | 391  1750 |02-12 19:21:03
  1   2  94   0   0   3|   0     0 |4256k  143k|   0     0 | 427  1756 |02-12 19:21:04
  3   4  92   0   0   2|   0     0 |4247k  145k|   0     0 | 479  1848 |02-12 19:21:05
  1   2  94   0   0   3|   0     0 |4316k  145k|   0     0 | 470  1841 |02-12 19:21:06
  2   3  93   0   0   2|   0     0 |4247k  143k|   0     0 | 469  1821 |02-12 19:21:07
  2   3  92   0   0   3|   0     0 |4247k  145k|   0     0 | 444  1666 |02-12 19:21:08
  2   3  93   0   0   3|   0     0 |4251k  143k|   0     0 | 444  1744 |02-12 19:21:09
  1   2  94   0   0   3|   0     0 |4242k  143k|   0     0 | 466  1910 |02-12 19:21:10
  2   2  94   0   0   3|   0     0 |4247k  145k|   0     0 | 425  1731 |02-12 19:21:11
  1   2  95   0   0   2|   0     0 |4238k  142k|   0     0 | 439  1773 |02-12 19:21:12
  1   3  94   0   0   2|   0     0 |4243k  143k|   0     0 | 435  1685 |02-12 19:21:13
  2   3  94   0   0   2|   0     0 |4239k  145k|   0     0 | 413  1635 |02-12 19:21:14
  3   3  93   0   0   2|   0     0 |4255k  143k|   0     0 | 480  1806 |02-12 19:21:15
  2   2  95   0   0   1|   0     0 |4208k  142k|   0     0 | 433  1730 |02-12 19:21:16
  2   2  94   0   0   3|   0     0 |4265k  146k|   0     0 | 434  1770 |02-12 19:21:17
  1   3  94   0   0   2|   0     0 |4303k  145k|   0     0 | 441  1781 |02-12 19:21:18
  1   3  94   1   0   2|   0    24k|4207k  140k|   0     0 | 426  1679 |02-12 19:21:19
  2   2  94   0   0   2|   0    60k|4331k  150k|   0     0 | 418  1723 |02-12 19:21:20
  3   2  94   0   0   1|   0     0 |4251k  143k|   0     0 | 449  1791 |02-12 19:21:21
  2   2  94   0   0   2|   0     0 |4316k  145k|   0     0 | 468  1762 |02-12 19:21:22
  2   3  92   0   0   3|   0     0 |4200k  144k|   0     0 | 410  1598 |02-12 19:21:23
  2   3  94   0   0   2|   0     0 |4264k  143k|   0     0 | 453  1740 |02-12 19:21:24
  1   2  96   0   0   2|   0  8192B|4259k  143k|   0     0 | 488  1840 |02-12 19:21:25
  3   5  90   0   0   2|   0     0 |4287k  147k|   0     0 | 401  1651 |02-12 19:21:26
  3   2  96   0   0   0|   0     0 |1745k   61k|   0     0 | 195   775 |02-12 19:21:27
  1   1  99   0   0   0|   0     0 |4584B 4598B|   0     0 |  55   222 |02-12 19:21:28
  1   0 100   0   0   0|   0     0 |5422B 2788B|   0     0 |  25    75 |02-12 19:21:29
  0   0 100   0   0   0|   0    16k|   0     0 |   0     0 |  26    53 |02-12 19:21:30
  1   0  99   0   0   0|   0     0 |   0     0 |   0     0 |  38    79 |02-12 19:21:31
  1   0 100   0   0   0|   0     0 |5422B 2788B|   0     0 |  29    68 |02-12 19:21:32
  0   0 100   0   0   0|   0     0 |   0     0 |   0     0 |  23    45 |02-12 19:21:33
  0   0 100   0   0   0|   0     0 |   0     0 |   0     0 |  24    39 |02-12 19:21:34
  1   0  99   0   0   0|   0     0 |7280B 4834B|   0     0 |  24    53 |02-12 19:21:35
  1   1  99   0   0   0|   0     0 | 254B   66B|   0     0 |  33    82 |02-12 19:21:36
  0   0 100   0   0   0|   0     0 |   0     0 |   0     0 |  23    43 |02-12 19:21:37
  0   0 100   0   0   0|   0     0 |2112B 2112B|   0     0 |  23    36 |02-12 19:21:38
  1   0  99   0   0   0|   0     0 |5422B 2788B|   0     0 |  25    71 |02-12 19:21:39
  0   0 100   0   0   0|   0     0 |   0     0 |   0     0 |  23    46 |02-12 19:21:40
  1   1  99   0   0   0|   0     0 | 247B  247B|   0     0 |  47   108 |02-12 19:21:41
  7   3  90   0   0   0|   0     0 |8664B 6308B|   0     0 | 192   541 |02-12 19:21:42
  1   1  99   0   0   0|   0     0 |1390B  754B|   0     0 |  54   204 |02-12 19:21:43
  0   0 100   0   0   0|   0     0 |   0     0 |   0     0 |  23    41 |02-12 19:21:44
  1   0 100   0   0   0|   0     0 |5422B 2788B|   0     0 |  24    67 |02-12 19:21:45
  0   0  99   0   0   0|   0     0 |   0     0 |   0     0 |  34    85 |02-12 19:21:46
  0   0 100   0   0   0|   0     0 |   0     0 |   0     0 |  22    42 |02-12 19:21:47
  1   0  99   0   0   0|   0     0 |5422B 2788B|   0     0 |  26    66 |02-12 19:21:48
  0   0 100   0   0   0|   0     0 |   0     0 |   0     0 |  23    42 |02-12 19:21:49
  0   0  98   2   0   0|   0    64k|   0     0 |   0     0 |  21    62 |02-12 19:21:50
  1   1  99   0   0   0|   0     0 |5422B 2788B|   0     0 |  40   102 |02-12 19:21:51
  0   0 100   0   0   0|   0     0 |   0     0 |   0     0 |  23    35 |02-12 19:21:52
  0   0 100   0   0   0|   0     0 |  74B   74B|   0     0 |  23    50 |02-12 19:21:53
  1   0  99   0   0   0|   0     0 |6965B 5193B|   0     0 |  43   118 |02-12 19:21:54
  1   0 100   0   0   0|   0     0 | 338B 1828B|   0     0 |  26    47 |02-12 19:21:55
  1   1  99   0   0   0|   0  8192B| 746B  470B|   0     0 |  47   155 |02-12 19:21:56
  1   1  99   0   0   0|   0     0 |8213B 5389B|   0     0 |  65   190 |02-12 19:21:57
 10   3  87   0   0   1|   0     0 |1115k   57k|   0     0 | 335  1107 |02-12 19:21:58
  2   1  96   0   0   2|   0     0 |4270k  144k|   0     0 | 304  1134 |02-12 19:21:59
  3   4  92   0   0   2|   0     0 |4330k  148k|   0     0 | 321  1272 |02-12 19:22:00
  1   4  93   0   0   2|   0  4096B|4255k  143k|   0     0 | 298  1113 |02-12 19:22:01
  3   2  95   0   0   1|   0     0 |4286k  144k|   0     0 | 298  1072 |02-12 19:22:02
  2   3  94   0   0   2|   0     0 |4186k  143k|   0     0 | 265  1047 |02-12 19:22:03
  3   2  94   0   0   1|   0     0 |4238k  143k|   0     0 | 256   992 |02-12 19:22:04
  2   3  94   0   0   1|   0     0 |4207k  141k|   0     0 | 254   991 |02-12 19:22:05
  3   3  93   0   0   2|   0     0 |4230k  145k|   0     0 | 258  1052 |02-12 19:22:06
  2   2  94   0   0   2|   0     0 |4290k  144k|   0     0 | 253  1026 |02-12 19:22:07
  1   3  93   0   0   2|   0     0 |4155k  140k|   0     0 | 268   982 |02-12 19:22:08
  2   2  95   0   0   2|   0     0 |4234k  145k|   0     0 | 261  1033 |02-12 19:22:09
  2   2  95   0   0   1|   0     0 |4164k  141k|   0     0 | 229  1022 |02-12 19:22:10
  2   3  94   0   0   2|   0     0 |4334k  146k|   0     0 | 249  1005 |02-12 19:22:11
  2   3  94   0   0   1|   0     0 |4208k  144k|   0     0 | 257  1017 |02-12 19:22:12
  0   3  95   0   0   2|   0     0 |4229k  142k|   0     0 | 212  1016 |02-12 19:22:13
  1   4  92   0   0   2|   0     0 |4255k  143k|   0     0 | 207  1034 |02-12 19:22:14
  2   4  93   0   0   2|   0     0 |4230k  145k|   0     0 | 221   996 |02-12 19:22:15
  2   3  93   0   0   2|   0  4096B|4251k  143k|   0     0 | 193  1019 |02-12 19:22:16
  2   3  94   0   0   1|   0     0 |4220k  144k|   0     0 | 188  1023 |02-12 19:22:17
  2   2  93   0   0   3|   0     0 |4243k  145k|   0     0 | 202   991 |02-12 19:22:18
  1   3  95   0   0   2|   0     0 |4146k  142k|   0     0 | 220  1020 |02-12 19:22:19
  2   3  93   0   0   2|   0     0 |4216k  142k|   0     0 | 197  1045 |02-12 19:22:20
  2   2  93   2   0   1|   0   120k|4256k  146k|   0     0 | 201  1024 |02-12 19:22:21
  1   3  94   0   0   2|   0     0 |4181k  140k|   0     0 | 202   976 |02-12 19:22:22
  2   2  96   0   0   1|   0     0 |4164k  140k|   0     0 | 208  1049 |02-12 19:22:23
  2   4  93   0   0   1|   0     0 |4199k  144k|   0     0 | 238  1058 |02-12 19:22:24
  2   4  94   0   0   1|   0     0 |4255k  143k|   0     0 | 256  1037 |02-12 19:22:25
  2   2  92   0   0   4|   0  8192B|4255k  143k|   0     0 | 242  1016 |02-12 19:22:26
  3   5  91   0   0   2|   0     0 |4215k  150k|   0     0 | 231  1011 |02-12 19:22:27
  2   2  94   0   0   2|   0     0 |4168k  140k|   0     0 | 179   910 |02-12 19:22:28
  1   2  96   0   0   1|   0     0 |4112k  138k|   0     0 | 194   989 |02-12 19:22:29
  1   2  96   0   0   1|   0     0 |4169k  143k|   0     0 | 177   943 |02-12 19:22:30
  2   3  94   0   0   2|   0    20k|4194k  141k|   0     0 | 205   989 |02-12 19:22:31
  1   2  97   0   0   1|   0     0 |4256k  143k|   0     0 | 209  1021 |02-12 19:22:32
  2   2  95   0   0   1|   0     0 |4335k  148k|   0     0 | 190   988 |02-12 19:22:33
  1   2  95   0   0   3|   0     0 |4307k  145k|   0     0 | 210   998 |02-12 19:22:34
  2   3  94   0   0   2|   0     0 |4173k  140k|   0     0 | 203   994 |02-12 19:22:35
  3   3  94   0   0   1|   0     0 |4186k  143k|   0     0 | 201   993 |02-12 19:22:36
  1   2  95   0   0   2|   0     0 |4212k  142k|   0     0 | 174   981 |02-12 19:22:37
  2   3  94   0   0   2|   0     0 |4155k  140k|   0     0 | 189   982 |02-12 19:22:38
  3   3  94   0   0   1|   0     0 |4152k  142k|   0     0 | 159   940 |02-12 19:22:39
  2   3  95   0   0   1|   0     0 |4207k  141k|   0     0 | 181   946 |02-12 19:22:40
  2   3  93   0   0   3|   0     0 |4164k  140k|   0     0 | 223  1143 |02-12 19:22:41
  2   3  93   0   0   2|   0     0 |4234k  145k|   0     0 | 185   915 |02-12 19:22:42
  1   4  94   0   0   2|   0     0 |4190k  141k|   0     0 | 185  1041 |02-12 19:22:43
  2   2  95   0   0   2|   0     0 |4255k  143k|   0     0 | 192   954 |02-12 19:22:44
  2   2  95   0   0   2|   0     0 |4191k  143k|   0     0 | 201   989 |02-12 19:22:45
  1   3  95   0   0   2|   0     0 |4186k  141k|   0     0 | 195  1009 |02-12 19:22:46
  2   3  95   0   0   1|   0     0 |4203k  138k|   0     0 | 195  1023 |02-12 19:22:47
  2   3  94   0   0   1|   0     0 |4204k  147k|   0     0 | 193   925 |02-12 19:22:48
  3   3  93   0   0   3|   0     0 |4307k  145k|   0     0 | 186   992 |02-12 19:22:49
  2   3  93   0   0   2|   0     0 |4286k  144k|   0     0 | 187   927 |02-12 19:22:50
  2   2  93   2   0   2|   0    56k|4217k  144k|   0     0 | 209  1062 |02-12 19:22:51
  1   2  96   0   0   2|   0     0 |4247k  143k|   0     0 | 187  1049 |02-12 19:22:52
  1   3  94   0   0   3|   0     0 |4207k  141k|   0     0 | 191   957 |02-12 19:22:53
  2   3  93   0   0   2|   0     0 |4196k  144k|   0     0 | 205   974 |02-12 19:22:54
  2   2  95   0   0   2|   0     0 |4316k  145k|   0     0 | 215  1001 |02-12 19:22:55
  2   3  93   0   0   2|   0     0 |4168k  140k|   0     0 | 182  1009 |02-12 19:22:56
  2   3  94   0   0   1|   0     0 |4248k  146k|   0     0 | 176   983 |02-12 19:22:57
  1   1  98   0   0   1|   0     0 |2635k   86k|   0     0 | 144   647 |02-12 19:22:58
  1   1  99   0   0   0|   0     0 |4584B 4598B|   0     0 |  53   215 |02-12 19:22:59
  1   0 100   0   0   0|   0     0 |5356B 2722B|   0     0 |  25    67 |02-12 19:23:00
  1   1  99   0   0   0|   0     0 |  66B   66B|   0     0 |  34    81 |02-12 19:23:01
  0   0  99   0   0   0|   0    24k|   0     0 |   0     0 |  23    51 |02-12 19:23:02
  0   0 100   0   0   0|   0     0 |   0     0 |   0     0 |  23    47 |02-12 19:23:03
  1   0  99   0   0   0|   0     0 |5422B 2788B|   0     0 |  29    65 |02-12 19:23:04
  0   0 100   0   0   0|   0     0 |   0     0 |   0     0 |  21    39 |02-12 19:23:05
  1   0  99   0   0   0|   0     0 |2112B 2112B|   0     0 |  35    86 |02-12 19:23:06
  0   0  99   0   0   0|   0     0 |5422B 2788B|   0     0 |  27    75 |02-12 19:23:07
  0   0 100   0   0   0|   0     0 |2112B 2112B|   0     0 |  23    43 |02-12 19:23:08
  0   0 100   0   0   0|   0     0 |   0     0 |   0     0 |  23    43 |02-12 19:23:09
  0   1 100   0   0   0|   0     0 |5422B 2788B|   0     0 |  23    68 |02-12 19:23:10
  1   0  99   0   0   0|   0     0 |   0     0 |   0     0 |  34    70 |02-12 19:23:11
  0   0 100   0   0   0|   0     0 | 140B  181B|   0     0 |  30    73 |02-12 19:23:12
  2   1  98   0   0   0|   0     0 |7569B 4810B|   0     0 |  41   136 |02-12 19:23:13
  8   4  88   0   0   1|   0     0 |2958B 2510B|   0     0 | 208   679 |02-12 19:23:14
  0   0 100   0   0   0|   0     0 |   0     0 |   0     0 |  21    37 |02-12 19:23:15
  1   1  99   0   0   0|   0     0 |5422B 2788B|   0     0 |  34   103 |02-12 19:23:16
  0   0 100   0   0   0|   0     0 |   0     0 |   0     0 |  23    57 |02-12 19:23:17
  0   0 100   0   0   0|   0     0 |   0     0 |   0     0 |  23    47 |02-12 19:23:18
  0   1  99   0   0   0|   0     0 |5422B 2788B|   0     0 |  30    69 |02-12 19:23:19
  0   0 100   0   0   0|   0     0 |   0     0 |   0     0 |  23    34 |02-12 19:23:20
  1   0 100   0   0   0|   0     0 |   0     0 |   0     0 |  33    66 |02-12 19:23:21
  0   1  98   1   0   0|   0    36k|5422B 2788B|   0     0 |  24    80 |02-12 19:23:22
  0   0 100   0   0   0|   0    68k|   0     0 |   0     0 |  25    62 |02-12 19:23:23
  0   0 100   0   0   0|   0     0 |   0     0 |   0     0 |  19    30 |02-12 19:23:24
  0   0 100   0   0   0|   0     0 |5422B 2788B|   0     0 |  25    69 |02-12 19:23:25
  0   1  99   0   0   0|   0     0 |   0     0 |   0     0 |  35    81 |02-12 19:23:26
  1   1  99   0   0   0|   0     0 |2679B 5566B|   0     0 |  41   131 |02-12 19:23:27
  2   0  98   0   0   0|   0     0 |8147B 5389B|   0     0 |  56   165 |02-12 19:23:28
  8   4  87   0   0   1|   0     0 |1120k   57k|   0     0 | 317  1116 |02-12 19:23:29
  1   2  95   0   0   3|   0     0 |4178k  141k|   0     0 | 247  1231 |02-12 19:23:30
  3   2  91   0   0   4|   0     0 |4178k  143k|   0     0 | 294  1311 |02-12 19:23:31
  2   2  95   0   0   2|   0     0 |4181k  141k|   0     0 | 205   980 |02-12 19:23:32
  2   2  94   0   0   2|   0     0 |4247k  143k|   0     0 | 202  1035 |02-12 19:23:33
  3   2  94   0   0   1|   0     0 |4133k  142k|   0     0 | 199  1013 |02-12 19:23:34
  2   3  94   0   0   2|   0     0 |4252k  143k|   0     0 | 195   969 |02-12 19:23:35
  2   3  94   0   0   2|   0     0 |4181k  140k|   0     0 | 179   968 |02-12 19:23:36
  2   2  94   0   0   2|   0     0 |4300k  147k|   0     0 | 213  1017 |02-12 19:23:37
  1   3  95   0   0   1|   0     0 |4177k  140k|   0     0 | 215  1046 |02-12 19:23:38
  2   3  94   0   0   1|   0     0 |4133k  139k|   0     0 | 202  1056 |02-12 19:23:39
  1   4  93   0   0   2|   0     0 |4256k  146k|   0     0 | 197  1026 |02-12 19:23:40
  2   3  93   0   0   2|   0     0 |4203k  141k|   0     0 | 216  1052 |02-12 19:23:41
  2   2  94   0   0   2|   0     0 |4199k  141k|   0     0 | 188   941 |02-12 19:23:42
  1   3  94   0   0   2|   0     0 |4178k  143k|   0     0 | 235  1128 |02-12 19:23:43
  2   2  93   0   0   3|   0     0 |4255k  143k|   0     0 | 205   997 |02-12 19:23:44
  1   3  94   0   0   2|   0     0 |4217k  142k|   0     0 | 210  1014 |02-12 19:23:45
  2   2  95   0   0   1|   0     0 |4138k  142k|   0     0 | 232  1106 |02-12 19:23:46
  2   2  94   0   0   2|   0     0 |4216k  142k|   0     0 | 201  1056 |02-12 19:23:47
  2   3  94   0   0   2|   0     0 |4180k  142k|   0     0 | 220  1089 |02-12 19:23:48
  3   3  93   0   0   1|   0     0 |4240k  146k|   0     0 | 217  1055 |02-12 19:23:49
  1   2  95   0   0   3|   0     0 |4076k  139k|   0     0 | 237  1148 |02-12 19:23:50
  1   2  95   0   0   2|   0     0 |4186k  141k|   0     0 | 218  1051 |02-12 19:23:51
  2   2  93   0   0   3|   0     0 |4217k  144k|   0     0 | 194  1038 |02-12 19:23:52
  1   4  91   1   0   3|   0    60k|4168k  140k|   0     0 | 216  1051 |02-12 19:23:53
  1   3  94   0   0   2|   0  8192B|4255k  143k|   0     0 | 177   933 |02-12 19:23:54
  2   2  93   0   0   3|   0     0 |4173k  143k|   0     0 | 189   975 |02-12 19:23:55
  1   3  94   0   0   2|   0     0 |4182k  141k|   0     0 | 217  1065 |02-12 19:23:56
  1   3  94   0   0   2|   0     0 |4233k  142k|   0     0 | 204  1008 |02-12 19:23:57
  2   1  96   0   0   1|   0     0 |4196k  144k|   0     0 | 183   969 |02-12 19:23:58
  2   2  95   0   0   1|   0    24k|4294k  144k|   0     0 | 184   961 |02-12 19:23:59
  2   2  96   0   0   1|   0     0 |4151k  140k|   0     0 | 182   929 |02-12 19:24:00
  2   3  94   0   0   2|   0     0 |4182k  143k|   0     0 | 196   969 |02-12 19:24:01
  2   2  95   0   0   1|   0     0 |4204k  142k|   0     0 | 228  1063 |02-12 19:24:02
  2   2  93   0   0   4|   0     0 |4234k  142k|   0     0 | 181   969 |02-12 19:24:03
  3   3  94   0   0   1|   0     0 |4199k  143k|   0     0 | 185   964 |02-12 19:24:04
  1   3  94   0   0   2|   0     0 |4221k  143k|   0     0 | 196   956 |02-12 19:24:05
  2   5  93   0   0   1|   0     0 |4150k  140k|   0     0 | 206   998 |02-12 19:24:06
  2   3  94   0   0   1|   0     0 |4208k  144k|   0     0 | 171   887 |02-12 19:24:07
  2   3  94   0   0   2|   0     0 |4199k  141k|   0     0 | 186   974 |02-12 19:24:08
  1   2  95   0   0   2|   0     0 |4254k  141k|   0     0 | 193   980 |02-12 19:24:09
  4   3  93   0   0   1|   0     0 |4175k  144k|   0     0 | 205   986 |02-12 19:24:10
  2   4  93   0   0   2|   0     0 |4259k  143k|   0     0 | 219   983 |02-12 19:24:11
  2   3  94   0   0   1|   0     0 |4239k  143k|   0     0 | 181   996 |02-12 19:24:12
  3   3  93   0   0   2|   0     0 |4200k  144k|   0     0 | 193   946 |02-12 19:24:13
  2   3  93   0   0   2|   0     0 |4272k  143k|   0     0 | 182   944 |02-12 19:24:14
  1   2  95   0   0   2|   0     0 |4129k  139k|   0     0 | 196   985 |02-12 19:24:15
  3   3  92   0   0   2|   0     0 |4181k  142k|   0     0 | 190   984 |02-12 19:24:16
  2   3  94   0   0   1|   0     0 |4168k  141k|   0     0 | 179   938 |02-12 19:24:17
  2   3  94   0   0   2|   0     0 |4077k  137k|   0     0 | 176   931 |02-12 19:24:18
  2   3  94   0   0   1|   0     0 |4204k  142k|   0     0 | 175   906 |02-12 19:24:19
  2   3  94   0   0   1|   0     0 |4247k  144k|   0     0 | 215  1002 |02-12 19:24:20
  2   2  95   0   0   2|   0     0 |4182k  141k|   0     0 | 219   989 |02-12 19:24:21
  2   2  95   0   0   1|   0     0 |4234k  144k|   0     0 | 199   944 |02-12 19:24:22
  1   2  88   8   0   1|   0    28k|4125k  140k|   0     0 | 182   926 |02-12 19:24:23
  3   3  93   0   0   2|   0     0 |4282k  142k|   0     0 | 213  1016 |02-12 19:24:24
  2   3  93   0   0   3|   0    60k|4239k  146k|   0     0 | 193  1001 |02-12 19:24:25
  1   3  95   0   0   2|   0     0 |4277k  144k|   0     0 | 190   997 |02-12 19:24:26
  2   3  93   0   0   3|   0     0 |4248k  147k|   0     0 | 213  1057 |02-12 19:24:27
  2   3  93   0   0   2|   0     0 |4157k  143k|   0     0 | 194   944 |02-12 19:24:28
  2   3  95   0   0   1|   0     0 |3008k  100k|   0     0 | 166   807 |02-12 19:24:29
  0   0  99   0   0   0|   0     0 |2112B 2112B|   0     0 |  31   118 |02-12 19:24:30
  1   0  99   0   0   0|   0     0 |2514B  536B|   0     0 |  35    77 |02-12 19:24:31
  0   0  99   0   0   0|   0     0 |2908B 2252B|   0     0 |  27    59 |02-12 19:24:32
  0   0 100   0   0   0|   0     0 |   0     0 |   0     0 |  24    44 |02-12 19:24:33
  0   0 100   0   0   0|   0     0 |   0     0 |   0     0 |  23    55 |02-12 19:24:34
  1   0  99   0   0   0|   0    16k|5422B 2788B|   0     0 |  29    67 |02-12 19:24:35
  0   1 100   0   0   0|   0     0 |2112B 2112B|   0     0 |  31    86 |02-12 19:24:36
  1   0 100   0   0   0|   0     0 |   0   126B|   0     0 |  23    60 |02-12 19:24:37
  0   0 100   0   0   0|   0     0 |7636B 4966B|   0     0 |  28    77 |02-12 19:24:38
  0   0 100   0   0   0|   0     0 |   0     0 |   0     0 |  23    47 |02-12 19:24:39
  1   0  99   0   0   0|   0     0 |2043B 1917B|   0     0 |  33    84 |02-12 19:24:40
  9   4  87   0   0   0|   0     0 |8390B 5392B|   0     0 | 217   753 |02-12 19:24:41
  0   0 100   0   0   0|   0     0 |   0     0 |   0     0 |  19    37 |02-12 19:24:42
  0   0 100   0   0   0|   0     0 |   0     0 |   0     0 |  25    37 |02-12 19:24:43
  1   0  99   0   0   0|   0     0 |5422B 2788B|   0     0 |  27    67 |02-12 19:24:44
  0   0 100   0   0   0|   0     0 |   0     0 |   0     0 |  23    47 |02-12 19:24:45
  1   0 100   0   0   0|   0     0 |   0     0 |   0     0 |  33    83 |02-12 19:24:46
  1   0  99   0   0   0|   0     0 |5422B 2788B|   0     0 |  23    77 |02-12 19:24:47
  0   0 100   0   0   0|   0     0 |   0     0 |   0     0 |  24    47 |02-12 19:24:48
  0   0 100   0   0   0|   0     0 |   0     0 |   0     0 |  19    30 |02-12 19:24:49
  1   0 100   0   0   0|   0     0 |5422B 2788B|   0     0 |  23    73 |02-12 19:24:50
  0   1  99   0   0   0|   0     0 |   0     0 |   0     0 |  31    69 |02-12 19:24:51
  0   0 100   0   0   0|   0     0 |   0     0 |   0     0 |  22    38 |02-12 19:24:52
  1   0  99   0   0   0|   0     0 |5422B 2788B|   0     0 |  25    63 |02-12 19:24:53
  0   0  98   1   0   0|   0    56k|1715B 1355B|   0     0 |  32    88 |02-12 19:24:54
  9   4  86   0   0   1|   0     0 |  12k   17k|   0     0 | 195   574 |02-12 19:24:55
  2   3  93   0   0   2|   0  4096B|3765k  133k|   0     0 | 342  1674 |02-12 19:24:56
  2   3  94   0   0   2|   0     0 |4160k  141k|   0     0 | 273  1256 |02-12 19:24:57
  1   3  94   0   0   2|   0     0 |4272k  143k|   0     0 | 189  1219 |02-12 19:24:58
  3   2  93   0   0   3|   0     0 |4156k  142k|   0     0 | 229  1068 |02-12 19:24:59
  2   2  94   0   0   3|   0     0 |4112k  139k|   0     0 | 186  1041 |02-12 19:25:00
  2   3  93   0   0   2|   0  8192B|4219k  140k|   0     0 | 297  1230 |02-12 19:25:01
  2   2  93   0   0   3|   0     0 |4070k  142k|   0     0 | 186  1034 |02-12 19:25:02
  2   2  95   0   0   2|   0     0 |4299k  144k|   0     0 | 194  1040 |02-12 19:25:03
  2   3  94   0   0   2|   0     0 |4138k  139k|   0     0 | 181  1077 |02-12 19:25:04
  3   2  94   0   0   1|   0     0 |4143k  142k|   0     0 | 205  1052 |02-12 19:25:05
  2   3  93   0   0   3|   0     0 |4264k  143k|   0     0 | 197  1032 |02-12 19:25:06
  1   3  93   0   0   3|   0     0 |4190k  141k|   0     0 | 203   997 |02-12 19:25:07
  1   4  94   0   0   1|   0     0 |4117k  141k|   0     0 | 185  1003 |02-12 19:25:08
  1   3  94   0   0   3|   0     0 |4281k  144k|   0     0 | 195  1088 |02-12 19:25:09
  2   4  94   0   0   1|   0     0 |4251k  143k|   0     0 | 190  1051 |02-12 19:25:10
  3   2  93   0   0   2|   0  4096B|4191k  143k|   0     0 | 238  1124 |02-12 19:25:11
  2   4  93   0   0   1|   0     0 |4255k  143k|   0     0 | 213  1044 |02-12 19:25:12
  2   2  95   0   0   2|   0     0 |4264k  143k|   0     0 | 213  1131 |02-12 19:25:13
  3   4  93   0   0   1|   0     0 |4284k  148k|   0     0 | 228  1197 |02-12 19:25:14
  2   3  93   0   0   2|   0     0 |4257k  144k|   0     0 | 195  1044 |02-12 19:25:15
  2   3  94   0   0   2|   0     0 |4213k  142k|   0     0 | 241  1189 |02-12 19:25:16
  3   3  92   0   0   3|   0     0 |4242k  147k|   0     0 | 273  1221 |02-12 19:25:17
  2   2  93   0   0   3|   0     0 |4159k  140k|   0     0 | 217  1089 |02-12 19:25:18
  1   2  95   0   0   2|   0     0 |4251k  143k|   0     0 | 229  1060 |02-12 19:25:19
  3   3  92   0   0   2|   0     0 |4204k  144k|   0     0 | 207   945 |02-12 19:25:20
  3   4  92   0   0   2|   0     0 |4164k  140k|   0     0 | 250  1058 |02-12 19:25:21
  2   3  94   0   0   2|   0     0 |4181k  141k|   0     0 | 198  1007 |02-12 19:25:22
  2   3  93   0   0   2|   0     0 |4147k  142k|   0     0 | 232  1034 |02-12 19:25:23
  1   3  95   0   0   2|   0     0 |4173k  141k|   0     0 | 261  1178 |02-12 19:25:24
  2   3  93   2   0   1|   0    48k|4155k  140k|   0     0 | 230  1119 |02-12 19:25:25
  2   3  92   0   0   4|   0    76k|4213k  144k|   0     0 | 219  1138 |02-12 19:25:26
  2   4  92   0   0   3|   0     0 |4219k  147k|   0     0 | 236  1093 |02-12 19:25:27
  3   3  92   0   0   2|   0     0 |4190k  141k|   0     0 | 178  1012 |02-12 19:25:28
  2   3  93   0   0   3|   0     0 |4139k  142k|   0     0 | 213  1024 |02-12 19:25:29
  2   3  94   0   0   2|   0     0 |4225k  142k|   0     0 | 202   950 |02-12 19:25:30
  3   4  93   0   0   1|   0  8192B|4159k  140k|   0     0 | 229  1071 |02-12 19:25:31
  2   3  94   0   0   1|   0     0 |4269k  146k|   0     0 | 247  1139 |02-12 19:25:32
  2   3  92   0   0   2|   0     0 |4342k  146k|   0     0 | 185  1050 |02-12 19:25:33
  3   3  94   0   0   1|   0     0 |4294k  144k|   0     0 | 186  1056 |02-12 19:25:34
  3   2  93   0   0   2|   0     0 |4130k  141k|   0     0 | 196   965 |02-12 19:25:35
  2   4  93   0   0   2|   0     0 |4181k  141k|   0     0 | 227  1046 |02-12 19:25:36
  2   3  94   0   0   2|   0     0 |4181k  140k|   0     0 | 217  1056 |02-12 19:25:37
  3   4  93   0   0   2|   0     0 |4173k  143k|   0     0 | 223  1003 |02-12 19:25:38
  2   4  93   0   0   2|   0     0 |4142k  139k|   0     0 | 210   956 |02-12 19:25:39
  1   4  94   0   0   1|   0     0 |4168k  140k|   0     0 | 194   970 |02-12 19:25:40
  3   4  92   0   0   2|   0     0 |4134k  141k|   0     0 | 206  1099 |02-12 19:25:41
  2   2  94   0   0   2|   0     0 |4142k  139k|   0     0 | 199   968 |02-12 19:25:42
  2   2  96   0   0   1|   0     0 |4159k  140k|   0     0 | 242  1043 |02-12 19:25:43
  2   3  94   0   0   2|   0     0 |4165k  143k|   0     0 | 184   979 |02-12 19:25:44
  2   2  94   0   0   2|   0     0 |4251k  143k|   0     0 | 194  1018 |02-12 19:25:45
  2   4  92   0   0   2|   0     0 |4220k  142k|   0     0 | 204  1067 |02-12 19:25:46
  2   3  94   0   0   1|   0     0 |4191k  143k|   0     0 | 193   982 |02-12 19:25:47
  3   2  94   0   0   2|   0     0 |4199k  141k|   0     0 | 162   905 |02-12 19:25:48
  1   3  94   0   0   2|   0     0 |4286k  144k|   0     0 | 197  1071 |02-12 19:25:49
  2   3  94   0   0   1|   0     0 |4390k  148k|   0     0 | 211  1127 |02-12 19:25:50
  3   2  93   0   0   2|   0     0 |4217k  144k|   0     0 | 191   997 |02-12 19:25:51
  2   3  94   0   0   2|   0     0 |4286k  144k|   0     0 | 189   982 |02-12 19:25:52
  2   2  94   0   0   2|   0     0 |4190k  141k|   0     0 | 184  1007 |02-12 19:25:53
  3   2  94   0   0   2|   0     0 |4243k  145k|   0     0 | 189   995 |02-12 19:25:54
  2   4  93   1   0   0|   0    52k|4198k  139k|   0     0 | 202   982 |02-12 19:25:55
  1   0  99   0   0   0|   0     0 | 120k 8492B|   0     0 |  51   181 |02-12 19:25:56
  1   1  99   0   0   0|   0    16k|  10k 3632B|   0     0 |  42   213 |02-12 19:25:57
  0   0 100   0   0   0|   0     0 |   0     0 |   0     0 |  22    36 |02-12 19:25:58
  0   0 100   0   0   0|   0     0 |   0     0 |   0     0 |  18    25 |02-12 19:25:59
  1   0 100   0   0   0|   0     0 |5422B 2788B|   0     0 |  23    53 |02-12 19:26:00
  0   1 100   0   0   0|   0     0 |   0     0 |   0     0 |  30    76 |02-12 19:26:01
  1   0 100   0   0   0|   0  8192B|   0     0 |   0     0 |  25    45 |02-12 19:26:02
  1   0 100   0   0   0|   0     0 |7534B 4900B|   0     0 |  27    66 |02-12 19:26:03
  0   0 100   0   0   0|   0     0 |2112B 2112B|   0     0 |  21    37 |02-12 19:26:04
  0   0 100   0   0   0|   0     0 |   0     0 |   0     0 |  20    32 |02-12 19:26:05
  1   1  99   0   0   0|   0     0 |5422B 2788B|   0     0 |  32   114 |02-12 19:26:06
  6   3  91   0   0   0|   0     0 |3621B 2761B|   0     0 | 137   400 |02-12 19:26:07
  1   2  97   0   0   0|   0     0 |1390B 1760B|   0     0 | 102   377 |02-12 19:26:08
  0   1  99   0   0   0|   0     0 |5422B 2788B|   0     0 |  25    71 |02-12 19:26:09
  0   0 100   0   0   0|   0     0 |   0     0 |   0     0 |  23    45 |02-12 19:26:10
  0   1 100   0   0   0|   0     0 |   0     0 |   0     0 |  34    85 |02-12 19:26:11
  1   0  99   0   0   0|   0     0 |5422B 2788B|   0     0 |  22    60 |02-12 19:26:12
  0   0 100   0   0   0|   0     0 |   0     0 |   0     0 |  22    34 |02-12 19:26:13
  0   0 100   0   0   0|   0     0 |   0     0 |   0     0 |  23    41 |02-12 19:26:14
  0   0 100   0   0   0|   0     0 |5422B 2788B|   0     0 |  22    75 |02-12 19:26:15
