[7l----total-cpu-usage---- -dsk/total- -net/total- ---paging-- ---system-- ----system----
usr sys idl wai hiq siq| read  writ| recv  send|  in   out | int   csw |     time     
  2   2  94   0   0   2|  15k   58k|   0     0 |   0     0 | 447  1704 |02-12 19:08:19
  1   0  99   0   0   0|   0     0 |6430B 3508B|   0     0 |  46   134 |02-12 19:08:20
  0   0 100   0   0   0|   0     0 | 774B  510B|   0     0 |  45    94 |02-12 19:08:21
  0   0 100   0   0   0|   0     0 | 954B  850B|   0     0 |  50   118 |02-12 19:08:22
  1   1  98   0   0   0|   0     0 |6160B 4110B|   0     0 |  60   169 |02-12 19:08:23
  0   0 100   0   0   0|   0     0 |1074B  976B|   0     0 |  51   133 |02-12 19:08:24
  1   1  99   0   0   0|   0     0 |2679B 2891B|   0     0 |  56   141 |02-12 19:08:25
  8   5  88   0   0   0|   0     0 |  10k   11k|   0     0 | 214   640 |02-12 19:08:26
  3   3  90   0   0   4|   0  4096B|6593k  242k|   0     0 | 947  4025 |02-12 19:08:27
  5   6  86   0   0   4|   0     0 |7761k  264k|   0     0 |1160  4791 |02-12 19:08:28
  5   9  82   0   0   5|   0     0 |  10M  363k|   0     0 |1335  5487 |02-12 19:08:29
  4   8  85   0   0   3|   0     0 |9806k  334k|   0     0 |1373  5624 |02-12 19:08:30
  4   6  84   0   0   6|   0     0 |  10M  345k|   0     0 |1431  5842 |02-12 19:08:31
  4   7  85   0   0   4|   0  4096B|  11M  384k|   0     0 |1517  6155 |02-12 19:08:32
  3   6  86   0   0   5|   0     0 |9041k  309k|   0     0 |1241  4939 |02-12 19:08:33
  4   8  84   0   0   5|   0     0 |  11M  394k|   0     0 |1444  5748 |02-12 19:08:34
  3   8  85   0   0   4|   0     0 |9464k  330k|   0     0 |1262  5213 |02-12 19:08:35
  5  10  79   2   0   6|   0    80k|  11M  401k|   0     0 |1454  6167 |02-12 19:08:36
  4   7  85   0   0   4|   0    80k|  11M  374k|   0     0 |1449  6024 |02-12 19:08:37
  4  10  82   0   0   4|   0     0 |  12M  404k|   0     0 |1566  6187 |02-12 19:08:38
  4   7  85   0   0   4|   0     0 |  12M  405k|   0     0 |1570  6297 |02-12 19:08:39
  4   7  82   0   0   7|   0     0 |  11M  391k|   0     0 |1520  6080 |02-12 19:08:40
  5   6  83   0   0   5|   0     0 |  12M  424k|   0     0 |1688  6647 |02-12 19:08:41
  4   6  84   0   0   6|   0  8192B|  12M  425k|   0     0 |1628  6407 |02-12 19:08:42
  7   9  79   0   0   5|   0     0 |  12M  423k|   0     0 |1677  6592 |02-12 19:08:43
  6   8  81   0   0   5|   0     0 |  12M  410k|   0     0 |1535  6331 |02-12 19:08:44
  3   7  84   0   0   6|   0     0 |  11M  400k|   0     0 |1492  6338 |02-12 19:08:45
  4   6  84   0   0   5|   0     0 |  13M  447k|   0     0 |1620  6713 |02-12 19:08:46
  4   8  82   0   0   6|   0     0 |  12M  428k|   0     0 |1445  6116 |02-12 19:08:47
  4   6  84   0   0   5|   0     0 |  12M  412k|   0     0 |1453  6137 |02-12 19:08:48
  4   8  82   0   0   7|   0     0 |  12M  431k|   0     0 |1468  6155 |02-12 19:08:49
  5   8  80   0   0   6|   0     0 |  11M  396k|   0     0 |1575  6378 |02-12 19:08:50
  4   9  82   0   0   4|   0     0 |  12M  435k|   0     0 |1524  6126 |02-12 19:08:51
  4   7  84   0   0   6|   0     0 |  11M  373k|   0     0 |1310  5679 |02-12 19:08:52
  4   7  86   0   0   4|   0     0 |  10M  366k|   0     0 |1457  5881 |02-12 19:08:53
  4   5  85   0   0   5|   0     0 |  11M  392k|   0     0 |1524  6199 |02-12 19:08:54
  5   6  83   0   0   7|   0     0 |  12M  402k|   0     0 |1588  6336 |02-12 19:08:55
  5   6  84   0   0   4|   0     0 |  11M  387k|   0     0 |1428  5834 |02-12 19:08:56
  5   8  82   0   0   5|   0     0 |  13M  437k|   0     0 |1541  6181 |02-12 19:08:57
  5   8  82   0   0   4|   0     0 |  12M  421k|   0     0 |1503  6270 |02-12 19:08:58
  5   9  83   0   0   3|   0     0 |  12M  427k|   0     0 |1534  6445 |02-12 19:08:59
  3   6  86   0   0   5|   0     0 |  12M  429k|   0     0 |1591  6572 |02-12 19:09:00
  4  10  81   0   0   5|   0     0 |  12M  435k|   0     0 |1525  6241 |02-12 19:09:01
  5   7  82   0   0   6|   0     0 |  12M  432k|   0     0 |1610  6476 |02-12 19:09:02
  5  10  80   0   0   5|   0     0 |  12M  418k|   0     0 |1478  6098 |02-12 19:09:03
  5   8  82   0   0   6|   0     0 |  12M  424k|   0     0 |1459  6074 |02-12 19:09:04
  6   8  82   0   0   5|   0     0 |  11M  401k|   0     0 |1497  6507 |02-12 19:09:05
  4   6  82   2   0   7|   0    20k|  13M  438k|   0     0 |1418  5816 |02-12 19:09:06
  3  10  82   0   0   5|   0     0 |  11M  394k|   0     0 |1457  5887 |02-12 19:09:07
  4   8  83   0   0   6|   0     0 |  12M  417k|   0     0 |1485  5994 |02-12 19:09:08
  5   8  82   0   0   6|   0     0 |  12M  426k|   0     0 |1530  6130 |02-12 19:09:09
  6   6  82   0   0   6|   0     0 |  11M  399k|   0     0 |1528  6085 |02-12 19:09:10
  2   7  86   0   0   5|   0     0 |  11M  399k|   0     0 |1557  6244 |02-12 19:09:11
  4   9  81   0   0   6|   0     0 |  12M  421k|   0     0 |1534  6079 |02-12 19:09:12
  6   8  82   0   0   4|   0    16k|  12M  430k|   0     0 |1553  6465 |02-12 19:09:13
  5   8  82   0   0   5|   0     0 |  13M  440k|   0     0 |1776  7160 |02-12 19:09:14
  4   7  83   0   0   6|   0     0 |  12M  421k|   0     0 |1609  6593 |02-12 19:09:15
  5   9  82   0   0   4|   0     0 |  12M  424k|   0     0 |1678  6451 |02-12 19:09:16
  5   9  81   0   0   6|   0     0 |  12M  433k|   0     0 |1591  6612 |02-12 19:09:17
  6   8  81   0   0   5|   0     0 |  12M  411k|   0     0 |1700  6751 |02-12 19:09:18
  5   9  80   0   0   6|   0     0 |  12M  436k|   0     0 |1555  6122 |02-12 19:09:19
  5   8  83   0   0   5|   0     0 |  12M  415k|   0     0 |1626  6462 |02-12 19:09:20
  3   8  82   0   0   7|   0     0 |  12M  438k|   0     0 |1609  6456 |02-12 19:09:21
  5   5  83   0   0   7|   0     0 |  11M  397k|   0     0 |1543  6068 |02-12 19:09:22
  4   6  83   0   0   7|   0     0 |  12M  411k|   0     0 |1435  5716 |02-12 19:09:23
  6   7  81   0   0   6|   0     0 |  12M  438k|   0     0 |1458  6125 |02-12 19:09:24
  3   9  83   0   0   5|   0     0 |  12M  411k|   0     0 |1308  5285 |02-12 19:09:25
  6  15  70   0   0   9|   0     0 |  18M  626k|   0     0 |1269  5617 |02-12 19:09:26
  2   3  94   0   0   1|   0     0 |2666k   90k|   0     0 |  72   462 |02-12 19:09:27
  2   1  98   0   0   0|   0     0 |4584B 4598B|   0     0 |  66   254 |02-12 19:09:28
  0   0 100   0   0   0|   0     0 |   0     0 |   0     0 |  23    41 |02-12 19:09:29
  0   0 100   0   0   0|   0     0 |5422B 2788B|   0     0 |  25    60 |02-12 19:09:30
  0   0 100   0   0   0|   0     0 |   0     0 |   0     0 |  23    39 |02-12 19:09:31
  0   0 100   0   0   0|   0     0 |   0     0 |   0     0 |  23    35 |02-12 19:09:32
  1   0  99   0   0   0|   0     0 |5422B 2788B|   0     0 |  34   110 |02-12 19:09:33
  0   0 100   0   0   0|   0     0 |   0     0 |   0     0 |  24    46 |02-12 19:09:34
  0   0 100   0   0   0|   0     0 |4224B 4224B|   0     0 |  25    57 |02-12 19:09:35
  1   0 100   0   0   0|   0     0 |5422B 2788B|   0     0 |  26    79 |02-12 19:09:36
  0   0  98   2   0   0|   0    44k|   0     0 |   0     0 |  25    76 |02-12 19:09:37
  0   1 100   0   0   0|   0     0 |   0     0 |   0     0 |  30    67 |02-12 19:09:38
  1   1  98   0   0   0|   0    36k|7465B 4639B|   0     0 |  40   136 |02-12 19:09:39
  6   5  89   0   0   0|   0     0 |2608B 2538B|   0     0 | 198   572 |02-12 19:09:40
  1   1  99   0   0   0|   0     0 | 492B  132B|   0     0 |  39   206 |02-12 19:09:41
  0   0 100   0   0   0|   0     0 |5422B 2788B|   0     0 |  28    69 |02-12 19:09:42
  0   1 100   0   0   0|   0     0 |   0     0 |   0     0 |  33    74 |02-12 19:09:43
  0   0 100   0   0   0|   0    12k|   0     0 |   0     0 |  23    40 |02-12 19:09:44
  1   0  99   0   0   0|   0     0 |5844B 3500B|   0     0 |  28    70 |02-12 19:09:45
  0   0 100   0   0   0|   0     0 |   0     0 |   0     0 |  23    41 |02-12 19:09:46
  0   0 100   0   0   0|   0     0 |   0     0 |   0     0 |  23    47 |02-12 19:09:47
  1   0  99   0   0   0|   0     0 |5422B 2788B|   0     0 |  35   117 |02-12 19:09:48
  0   0 100   0   0   0|   0     0 |   0     0 |   0     0 |  24    47 |02-12 19:09:49
  0   0 100   0   0   0|   0     0 |   0     0 |   0     0 |  23    38 |02-12 19:09:50
  1   0 100   0   0   0|   0     0 |5422B 2788B|   0     0 |  26    67 |02-12 19:09:51
  0   0 100   0   0   0|   0     0 |  74B   74B|   0     0 |  23    44 |02-12 19:09:52
  6   3  91   0   0   0|   0     0 |3547B 2687B|   0     0 | 116   393 |02-12 19:09:53
  4   4  92   0   0   1|   0     0 |2330k  102k|   0     0 | 475  1753 |02-12 19:09:54
  3   5  88   0   0   4|   0     0 |7447k  254k|   0     0 |1102  4727 |02-12 19:09:55
  4   6  86   0   0   4|   0     0 |8974k  305k|   0     0 |1426  5462 |02-12 19:09:56
  6  11  79   0   0   5|   0     0 |  12M  417k|   0     0 |1426  5782 |02-12 19:09:57
  4   6  84   0   0   6|   0     0 |  11M  382k|   0     0 |1467  5934 |02-12 19:09:58
  2   5  89   0   0   4|   0  8192B|9672k  330k|   0     0 |1305  5574 |02-12 19:09:59
  3   7  85   0   0   5|   0     0 |  10M  349k|   0     0 |1367  5900 |02-12 19:10:00
  3   5  88   0   0   4|   0     0 |9458k  323k|   0     0 |1318  5365 |02-12 19:10:01
  5   6  82   0   0   7|   0     0 |  11M  381k|   0     0 |1732  6443 |02-12 19:10:02
  4  10  83   0   0   4|   0     0 |  10M  372k|   0     0 |1623  6208 |02-12 19:10:03
  5   8  83   0   0   4|   0     0 |  12M  422k|   0     0 |1410  5726 |02-12 19:10:04
  5   7  83   0   0   5|   0     0 |  12M  403k|   0     0 |1673  6600 |02-12 19:10:05
  6   6  82   0   0   6|   0     0 |  12M  432k|   0     0 |1474  6181 |02-12 19:10:06
  4   6  85   0   0   5|   0     0 |  11M  389k|   0     0 |1483  6106 |02-12 19:10:07
  4  11  79   1   0   6|   0    48k|  12M  430k|   0     0 |1398  5928 |02-12 19:10:08
  5   6  85   0   0   4|   0     0 |  12M  417k|   0     0 |1661  6648 |02-12 19:10:09
  5   8  80   0   0   8|   0     0 |  12M  430k|   0     0 |1699  6468 |02-12 19:10:10
  6   6  82   0   0   6|   0     0 |  12M  436k|   0     0 |1544  6713 |02-12 19:10:11
  4   7  81   0   0   9|   0     0 |  12M  413k|   0     0 |1434  5777 |02-12 19:10:12
  4   7  85   0   0   4|   0     0 |  12M  413k|   0     0 |1407  6072 |02-12 19:10:13
  4   8  82   0   0   7|   0     0 |  11M  401k|   0     0 |1560  6105 |02-12 19:10:14
  4   7  83   0   0   6|   0    12k|  12M  430k|   0     0 |1851  6983 |02-12 19:10:15
  5   6  85   0   0   4|   0     0 |  12M  426k|   0     0 |1511  6448 |02-12 19:10:16
  7   6  80   0   0   6|   0     0 |  12M  433k|   0     0 |1702  6654 |02-12 19:10:17
  5  10  78   0   0   6|   0     0 |  11M  403k|   0     0 |1647  6367 |02-12 19:10:18
  5   9  81   0   0   5|   0     0 |  12M  432k|   0     0 |1423  6184 |02-12 19:10:19
  5   8  82   0   0   5|   0     0 |  12M  413k|   0     0 |1446  6666 |02-12 19:10:20
  6   7  82   0   0   5|   0     0 |  12M  434k|   0     0 |1551  6622 |02-12 19:10:21
  4  11  81   0   0   5|   0     0 |  11M  398k|   0     0 |1551  6105 |02-12 19:10:22
  4   8  79   0   0   9|   0     0 |  13M  442k|   0     0 |1673  6707 |02-12 19:10:23
  3   7  84   0   0   6|   0     0 |  12M  417k|   0     0 |1719  6483 |02-12 19:10:24
  6   7  83   0   0   4|   0  8192B|  12M  425k|   0     0 |1547  6174 |02-12 19:10:25
  4   7  83   0   0   6|   0     0 |  12M  434k|   0     0 |1472  6668 |02-12 19:10:26
  3   7  85   0   0   5|   0     0 |  11M  387k|   0     0 |1466  5837 |02-12 19:10:27
  4   7  84   0   0   5|   0     0 |  12M  423k|   0     0 |1568  6524 |02-12 19:10:28
  5   6  82   0   0   7|   0     0 |  12M  404k|   0     0 |1748  6531 |02-12 19:10:29
  4   8  82   0   0   6|   0     0 |  12M  432k|   0     0 |1643  6504 |02-12 19:10:30
  5   6  82   0   0   6|   0     0 |  12M  418k|   0     0 |1621  6463 |02-12 19:10:31
  4   8  83   0   0   5|   0     0 |  12M  429k|   0     0 |1600  6721 |02-12 19:10:32
  5  10  81   0   0   5|   0     0 |  12M  409k|   0     0 |1628  6492 |02-12 19:10:33
  6   7  83   0   0   5|   0     0 |  11M  400k|   0     0 |1599  5862 |02-12 19:10:34
  4   6  85   0   0   4|   0     0 |  11M  385k|   0     0 |1472  6219 |02-12 19:10:35
  4   7  86   0   0   3|   0     0 |  12M  409k|   0     0 |1600  6404 |02-12 19:10:36
  4   6  84   0   0   5|   0     0 |  10M  367k|   0     0 |1404  5347 |02-12 19:10:37
  3   9  81   2   0   6|   0    44k|  12M  411k|   0     0 |1607  6461 |02-12 19:10:38
  4   8  82   0   0   5|   0     0 |  11M  381k|   0     0 |1362  5902 |02-12 19:10:39
  4   7  84   0   0   6|   0    56k|  11M  376k|   0     0 |1502  5884 |02-12 19:10:40
  4   8  84   0   0   4|   0     0 |  12M  413k|   0     0 |1503  6102 |02-12 19:10:41
  3   8  85   0   0   5|   0     0 |  12M  406k|   0     0 |1521  5898 |02-12 19:10:42
  4   8  84   0   0   5|   0     0 |  11M  382k|   0     0 |1464  5694 |02-12 19:10:43
  4   7  82   0   0   7|   0     0 |  11M  382k|   0     0 |1541  6171 |02-12 19:10:44
  4   8  83   0   0   6|   0     0 |  12M  418k|   0     0 |1645  6579 |02-12 19:10:45
  6   8  80   0   0   5|   0  8192B|  11M  399k|   0     0 |1423  6100 |02-12 19:10:46
  3   5  86   0   0   5|   0     0 |  13M  440k|   0     0 |1453  5878 |02-12 19:10:47
  4   8  82   0   0   6|   0     0 |  12M  414k|   0     0 |1493  6878 |02-12 19:10:48
  5   7  83   0   0   5|   0     0 |  12M  423k|   0     0 |1328  5767 |02-12 19:10:49
  4   9  81   0   0   6|   0     0 |  12M  410k|   0     0 |1691  6496 |02-12 19:10:50
  3   8  85   0   0   4|   0     0 |  12M  425k|   0     0 |1758  6781 |02-12 19:10:51
  5  11  81   0   0   4|   0     0 |  11M  384k|   0     0 |1408  5603 |02-12 19:10:52
  2   8  83   0   0   7|   0     0 |  12M  422k|   0     0 |1611  6398 |02-12 19:10:53
  2   3  94   0   0   1|   0     0 |4430k  151k|   0     0 | 585  2193 |02-12 19:10:54
  1   2  98   0   0   0|   0     0 |  10k 7464B|   0     0 |  59   272 |02-12 19:10:55
  0   0 100   0   0   0|   0     0 |   0     0 |   0     0 |  19    27 |02-12 19:10:56
  0   0 100   0   0   0|   0     0 |   0     0 |   0     0 |  20    39 |02-12 19:10:57
  0   0 100   0   0   0|   0     0 |5422B 2788B|   0     0 |  27    62 |02-12 19:10:58
  1   0 100   0   0   0|   0     0 |   0     0 |   0     0 |  32    68 |02-12 19:10:59
  0   0 100   0   0   0|   0     0 |   0     0 |   0     0 |  18    25 |02-12 19:11:00
  1   0 100   0   0   0|   0  8192B|5422B 2788B|   0     0 |  26    59 |02-12 19:11:01
  0   0 100   0   0   0|   0     0 |4224B 4224B|   0     0 |  18    27 |02-12 19:11:02
  0   0 100   0   0   0|   0     0 |   0     0 |   0     0 |  18    29 |02-12 19:11:03
  0   1  99   0   0   1|   0     0 |5422B 2788B|   0     0 |  32   100 |02-12 19:11:04
  0   0 100   0   0   0|   0     0 |   0     0 |   0     0 |  19    27 |02-12 19:11:05
  3   2  95   0   0   0|   0     0 |3443B 2695B|   0     0 | 138   369 |02-12 19:11:06
  6   3  92   0   0   0|   0     0 |6990B 4614B|   0     0 | 107   457 |02-12 19:11:07
  0   0 100   0   0   0|   0     0 |   0     0 |   0     0 |  19    25 |02-12 19:11:08
  0   0  98   2   0   0|   0    32k|   0     0 |   0     0 |  30    78 |02-12 19:11:09
  0   0 100   0   0   0|   0     0 |5422B 2788B|   0     0 |  21    51 |02-12 19:11:10
  0   0 100   0   0   0|   0     0 |   0     0 |   0     0 |  18    29 |02-12 19:11:11
  0   0 100   0   0   0|   0     0 |   0     0 |   0     0 |  19    25 |02-12 19:11:12
  1   0 100   0   0   0|   0     0 |5422B 2788B|   0     0 |  27    58 |02-12 19:11:13
  0   1 100   0   0   0|   0     0 |   0     0 |   0     0 |  32    83 |02-12 19:11:14
  0   0 100   0   0   0|   0     0 |   0     0 |   0     0 |  24    45 |02-12 19:11:15
  0   0 100   0   0   0|   0     0 |5422B 2788B|   0     0 |  28    78 |02-12 19:11:16
  0   0 100   0   0   0|   0     0 |   0     0 |   0     0 |  24    55 |02-12 19:11:17
  0   0 100   0   0   0|   0     0 |   0     0 |   0     0 |  18    25 |02-12 19:11:18
  1   1  98   0   0   0|   0     0 |7137B 4143B|   0     0 |  45   146 |02-12 19:11:19
  6   3  91   0   0   0|   0     0 |1906B 2412B|   0     0 | 182   523 |02-12 19:11:20
  1   2  97   0   0   0|   0  4096B|1828k   74k|   0     0 | 271  1317 |02-12 19:11:21
  4   4  89   0   0   4|   0     0 |6412k  230k|   0     0 | 960  3965 |02-12 19:11:22
  4   4  89   0   0   3|   0     0 |7218k  246k|   0     0 |1082  4460 |02-12 19:11:23
  4   7  85   0   0   4|   0     0 |  10M  361k|   0     0 |1276  5438 |02-12 19:11:24
  4   7  84   0   0   5|   0     0 |  10M  367k|   0     0 |1409  5806 |02-12 19:11:25
  7   6  83   0   0   4|   0  4096B|  11M  378k|   0     0 |1440  5949 |02-12 19:11:26
  4   5  86   0   0   5|   0     0 |  10M  348k|   0     0 |1444  5772 |02-12 19:11:27
  5   8  83   0   0   5|   0     0 |  11M  375k|   0     0 |1586  6350 |02-12 19:11:28
  4   9  80   0   0   7|   0     0 |  11M  396k|   0     0 |1474  5965 |02-12 19:11:29
  5   7  83   0   0   6|   0     0 |  12M  408k|   0     0 |1396  6120 |02-12 19:11:30
  4   8  84   0   0   5|   0     0 |  11M  390k|   0     0 |1529  5999 |02-12 19:11:31
  6   7  81   0   0   6|   0     0 |  13M  438k|   0     0 |1576  6473 |02-12 19:11:32
  2   6  87   0   0   5|   0     0 |  11M  393k|   0     0 |1596  6314 |02-12 19:11:33
  6   9  80   0   0   6|   0     0 |  11M  399k|   0     0 |1532  6215 |02-12 19:11:34
  4   5  85   0   0   6|   0     0 |  11M  369k|   0     0 |1500  6168 |02-12 19:11:35
  3   6  84   0   0   8|   0     0 |  10M  345k|   0     0 |1390  5711 |02-12 19:11:36
  5   5  84   0   0   6|   0  4096B|  11M  394k|   0     0 |1323  5376 |02-12 19:11:37
  5  12  79   0   0   4|   0     0 |  13M  446k|   0     0 |1500  6239 |02-12 19:11:38
  4   6  85   0   0   5|   0     0 |  12M  425k|   0     0 |1467  6103 |02-12 19:11:39
  5   6  81   3   0   5|   0    56k|  11M  398k|   0     0 |1466  5876 |02-12 19:11:40
  5   7  83   0   0   5|   0     0 |  12M  419k|   0     0 |1511  6126 |02-12 19:11:41
  4   8  82   0   0   7|   0    52k|  11M  397k|   0     0 |1392  5693 |02-12 19:11:42
  3   8  85   0   0   4|   0     0 |  12M  406k|   0     0 |1380  5697 |02-12 19:11:43
  5   7  82   0   0   6|   0     0 |  12M  407k|   0     0 |1576  6350 |02-12 19:11:44
  4   8  83   0   0   5|   0     0 |  12M  419k|   0     0 |1690  6821 |02-12 19:11:45
  5   8  84   0   0   4|   0     0 |  11M  397k|   0     0 |1416  5782 |02-12 19:11:46
  6   8  81   0   0   6|   0     0 |  11M  407k|   0     0 |1372  5585 |02-12 19:11:47
  4   7  83   0   0   6|   0     0 |  12M  412k|   0     0 |1622  6616 |02-12 19:11:48
  3   8  83   0   0   6|   0     0 |  12M  413k|   0     0 |1354  5339 |02-12 19:11:49
  4   6  85   0   0   6|   0     0 |  11M  398k|   0     0 |1302  5523 |02-12 19:11:50
  4   8  82   0   0   5|   0     0 |  12M  416k|   0     0 |1570  6203 |02-12 19:11:51
  3   8  84   0   0   5|   0    16k|  11M  377k|   0     0 |1453  5696 |02-12 19:11:52
  4   7  83   0   0   6|   0     0 |  11M  402k|   0     0 |1533  5769 |02-12 19:11:53
  6   9  81   0   0   5|   0     0 |  12M  416k|   0     0 |1552  6105 |02-12 19:11:54
  7   8  80   0   0   5|   0     0 |  12M  408k|   0     0 |1530  6100 |02-12 19:11:55
  4   6  85   0   0   5|   0     0 |  11M  409k|   0     0 |1390  5919 |02-12 19:11:56
  6   9  81   0   0   5|   0     0 |  12M  427k|   0     0 |1600  6589 |02-12 19:11:57
  5   4  84   0   0   7|   0     0 |  11M  391k|   0     0 |1428  5906 |02-12 19:11:58
  4  11  80   0   0   5|   0     0 |  12M  417k|   0     0 |1427  5733 |02-12 19:11:59
  5   8  81   0   0   7|   0     0 |  13M  438k|   0     0 |1665  6835 |02-12 19:12:00
  5   7  83   0   0   6|   0     0 |  13M  437k|   0     0 |1348  6216 |02-12 19:12:01
  4   9  82   0   0   6|   0     0 |  11M  403k|   0     0 |1242  5211 |02-12 19:12:02
  4   7  83   0   0   5|   0     0 |  12M  422k|   0     0 |1534  6068 |02-12 19:12:03
  6   8  81   0   0   6|   0     0 |  12M  409k|   0     0 |1402  5647 |02-12 19:12:04
  4   9  80   0   0   6|   0     0 |  11M  398k|   0     0 |1580  6183 |02-12 19:12:05
  5   8  79   0   0   7|   0     0 |  12M  417k|   0     0 |1641  6718 |02-12 19:12:06
  4  10  83   0   0   4|   0     0 |  11M  380k|   0     0 |1379  5718 |02-12 19:12:07
  4   6  84   0   0   6|   0     0 |  12M  412k|   0     0 |1422  5733 |02-12 19:12:08
  3   8  83   0   0   6|   0     0 |  12M  419k|   0     0 |1441  5906 |02-12 19:12:09
  5   8  82   1   0   4|   0    28k|  12M  409k|   0     0 |1516  6090 |02-12 19:12:10
  5   8  84   0   0   3|   0     0 |  12M  436k|   0     0 |1634  6420 |02-12 19:12:11
  6   7  83   0   0   4|   0     0 |  12M  402k|   0     0 |1551  6165 |02-12 19:12:12
  3   8  84   0   0   5|   0     0 |  12M  406k|   0     0 |1522  6163 |02-12 19:12:13
  3   8  82   0   0   7|   0     0 |  11M  402k|   0     0 |1580  6097 |02-12 19:12:14
  4   7  83   0   0   6|   0     0 |  12M  413k|   0     0 |1446  5773 |02-12 19:12:15
  4  10  81   0   0   5|   0     0 |  12M  414k|   0     0 |1460  5532 |02-12 19:12:16
  3   7  84   0   0   6|   0     0 |  12M  420k|   0     0 |1447  5914 |02-12 19:12:17
  5   6  83   0   0   6|   0     0 |  12M  411k|   0     0 |1610  6169 |02-12 19:12:18
  6  10  80   0   0   5|   0     0 |  11M  392k|   0     0 |1350  5869 |02-12 19:12:19
  5   7  83   0   0   5|   0     0 |  11M  403k|   0     0 |1444  5897 |02-12 19:12:20
  7  15  67   0   0  11|   0     0 |  20M  696k|   0     0 |1163  4810 |02-12 19:12:21
  1   5  92   0   0   2|   0     0 |4870k  164k|   0     0 | 372  1443 |02-12 19:12:22
  0   1  99   0   0   0|   0    16k|  10k 7386B|   0     0 |  60   257 |02-12 19:12:23
  1   0 100   0   0   0|   0     0 |   0     0 |   0     0 |  36    82 |02-12 19:12:24
  0   0 100   0   0   0|   0     0 |   0     0 |   0     0 |  23    43 |02-12 19:12:25
  1   1  99   0   0   0|   0     0 |8101B 8354B|   0     0 |  50   151 |02-12 19:12:26
  0   0 100   0   0   0|   0     0 |   0     0 |   0     0 |  23    54 |02-12 19:12:27
  0   0 100   0   0   0|   0     0 |   0     0 |   0     0 |  21    35 |02-12 19:12:28
  0   1  99   0   0   0|   0     0 |5422B 2788B|   0     0 |  34   101 |02-12 19:12:29
  0   0 100   0   0   0|   0     0 |4224B 4224B|   0     0 |  23    48 |02-12 19:12:30
  0   0 100   0   0   0|   0     0 |   0     0 |   0     0 |  23    45 |02-12 19:12:31
  1   0 100   0   0   0|   0     0 |5422B 2788B|   0     0 |  27    65 |02-12 19:12:32
  1   0  99   0   0   0|   0     0 |1895B 1851B|   0     0 |  37    85 |02-12 19:12:33
  8   5  87   0   0   1|   0     0 |2756B 2538B|   0     0 | 201   605 |02-12 19:12:34
  1   0  99   0   0   0|   0     0 |5782B 2920B|   0     0 |  43   221 |02-12 19:12:35
  0   0 100   0   0   0|   0     0 |   0     0 |   0     0 |  23    43 |02-12 19:12:36
  0   0 100   0   0   0|   0     0 | 168B  192B|   0     0 |  24    62 |02-12 19:12:37
  0   0 100   0   0   0|   0     0 |5422B 2788B|   0     0 |  27    69 |02-12 19:12:38
  0   0  99   0   0   0|   0     0 |   0     0 |   0     0 |  33    80 |02-12 19:12:39
  0   0  97   3   0   0|   0    56k|   0     0 |   0     0 |  21    49 |02-12 19:12:40
  1   0  99   0   0   0|   0     0 |5422B 2788B|   0     0 |  30   148 |02-12 19:12:41
  0   0 100   0   0   0|   0     0 |   0     0 |   0     0 |  20    29 |02-12 19:12:42
  0   0 100   0   0   0|   0    48k|   0     0 |   0     0 |  22    47 |02-12 19:12:43
  1   0  99   0   0   0|   0     0 |5422B 2788B|   0     0 |  37   104 |02-12 19:12:44
  0   0 100   0   0   0|   0     0 |   0     0 |   0     0 |  23    32 |02-12 19:12:45
  0   0 100   0   0   0|   0     0 |  74B   74B|   0     0 |  20    29 |02-12 19:12:46
  2   0  98   0   0   0|   0     0 |8363B 6027B|   0     0 |  60   173 |02-12 19:12:47
  7   5  89   0   0   0|   0     0 |  11k   15k|   0     0 | 180   540 |02-12 19:12:48
  5   6  84   0   0   5|   0     0 |  11M  391k|   0     0 |1391  5857 |02-12 19:12:49
  4   9  78   0   0   9|   0     0 |  13M  443k|   0     0 |1717  6635 |02-12 19:12:50
  5   7  82   0   0   7|   0     0 |  13M  438k|   0     0 |1658  5680 |02-12 19:12:51
  4   9  81   0   0   6|   0     0 |  12M  433k|   0     0 |1705  5704 |02-12 19:12:52
  4   6  84   0   0   6|   0     0 |  12M  437k|   0     0 |1522  5252 |02-12 19:12:53
  6   7  81   0   0   6|   0  8192B|  12M  429k|   0     0 |1334  5546 |02-12 19:12:54
  4  10  82   0   0   5|   0     0 |  12M  436k|   0     0 |1364  5395 |02-12 19:12:55
  4   8  81   0   0   6|   0     0 |  12M  427k|   0     0 |1603  6320 |02-12 19:12:56
  8   7  80   0   0   5|   0     0 |  12M  432k|   0     0 |1554  5351 |02-12 19:12:57
  3   6  85   0   0   6|   0     0 |  12M  429k|   0     0 |1580  5568 |02-12 19:12:58
  7   8  81   0   0   5|   0     0 |  12M  433k|   0     0 |1324  5595 |02-12 19:12:59
  7   9  79   0   0   5|   0     0 |  12M  436k|   0     0 |1443  5594 |02-12 19:13:00
  4   7  83   0   0   6|   0     0 |  12M  431k|   0     0 |1639  5615 |02-12 19:13:01
  4   7  83   0   0   6|   0     0 |  12M  431k|   0     0 |1208  5841 |02-12 19:13:02
  4   9  81   0   0   7|   0     0 |  13M  441k|   0     0 |1431  5645 |02-12 19:13:03
  3   7  83   0   0   6|   0     0 |  12M  430k|   0     0 |1382  5209 |02-12 19:13:04
  5   7  82   0   0   6|   0     0 |  12M  430k|   0     0 |1257  5592 |02-12 19:13:05
  6   6  82   0   0   5|   0     0 |  12M  434k|   0     0 |1184  5071 |02-12 19:13:06
  4   8  83   0   0   4|   0     0 |  13M  437k|   0     0 |1167  5131 |02-12 19:13:07
  6   5  83   0   0   6|   0     0 |  12M  430k|   0     0 |1195  4738 |02-12 19:13:08
  4   7  84   0   0   5|   0  4096B|  12M  435k|   0     0 |1395  5089 |02-12 19:13:09
  3   7  83   0   0   7|   0     0 |  12M  437k|   0     0 |1421  4765 |02-12 19:13:10
  4  10  79   2   0   6|   0    36k|  12M  435k|   0     0 |1304  5134 |02-12 19:13:11
  4   7  82   0   0   7|   0     0 |  12M  436k|   0     0 |1069  4804 |02-12 19:13:12
  4   8  82   0   0   6|   0     0 |  13M  438k|   0     0 |1292  4905 |02-12 19:13:13
  4   7  82   0   0   7|   0    32k|  12M  433k|   0     0 |1371  5463 |02-12 19:13:14
  4   8  81   0   0   7|   0     0 |  12M  440k|   0     0 |1141  5766 |02-12 19:13:15
  4   7  84   0   0   5|   0     0 |  12M  434k|   0     0 |1246  4901 |02-12 19:13:16
  5   7  83   0   0   6|   0     0 |  12M  433k|   0     0 |1432  4927 |02-12 19:13:17
  5   7  84   0   0   4|   0     0 |  12M  435k|   0     0 |1056  5207 |02-12 19:13:18
  5  10  79   0   0   6|   0     0 |  12M  432k|   0     0 |1246  4579 |02-12 19:13:19
  5   8  83   0   0   5|   0     0 |  12M  436k|   0     0 |1239  5434 |02-12 19:13:20
  5   7  83   0   0   5|   0     0 |  12M  437k|   0     0 |1317  4917 |02-12 19:13:21
  4   6  84   0   0   5|   0     0 |  12M  434k|   0     0 |1329  5093 |02-12 19:13:22
  4   8  83   0   0   6|   0     0 |  12M  427k|   0     0 |1039  4823 |02-12 19:13:23
  4   8  83   0   0   5|   0     0 |  12M  436k|   0     0 |1167  4966 |02-12 19:13:24
  5   7  82   0   0   6|   0     0 |  12M  431k|   0     0 |1380  4682 |02-12 19:13:25
  5   9  81   0   0   4|   0     0 |  12M  438k|   0     0 | 976  5063 |02-12 19:13:26
  5   9  81   0   0   5|   0     0 |  12M  432k|   0     0 |1194  4761 |02-12 19:13:27
  6   7  80   0   0   6|   0     0 |  12M  440k|   0     0 |1221  5078 |02-12 19:13:28
  4   8  84   0   0   4|   0     0 |  12M  435k|   0     0 |1071  4952 |02-12 19:13:29
  5   9  80   0   0   6|   0     0 |  12M  441k|   0     0 |1425  4771 |02-12 19:13:30
  6   7  82   0   0   5|   0     0 |  12M  430k|   0     0 |1379  4895 |02-12 19:13:31
  4   7  84   0   0   6|   0     0 |  12M  431k|   0     0 |1229  4963 |02-12 19:13:32
  5   6  82   0   0   7|   0     0 |  12M  436k|   0     0 |1167  4931 |02-12 19:13:33
  4  10  81   0   0   6|   0     0 |  12M  433k|   0     0 |1335  4688 |02-12 19:13:34
  6   7  83   0   0   5|   0     0 |  12M  430k|   0     0 |1170  4860 |02-12 19:13:35
  5   8  81   0   0   7|   0     0 |  12M  438k|   0     0 |1319  5237 |02-12 19:13:36
  4   6  84   0   0   5|   0     0 |  12M  432k|   0     0 |1329  5177 |02-12 19:13:37
  2   7  85   0   0   6|   0     0 |  12M  430k|   0     0 |1286  4918 |02-12 19:13:38
  5   7  81   0   0   7|   0     0 |  12M  438k|   0     0 |1148  5261 |02-12 19:13:39
  5  10  80   0   0   6|   0     0 |  12M  433k|   0     0 |1511  5528 |02-12 19:13:40
  4   7  83   1   0   5|   0    44k|  12M  432k|   0     0 |1139  4983 |02-12 19:13:41
  4  10  84   0   0   3|   0     0 |  12M  429k|   0     0 |1087  4200 |02-12 19:13:42
  5   6  83   0   0   7|   0     0 |  12M  434k|   0     0 |1459  5004 |02-12 19:13:43
  3  10  83   0   0   5|   0     0 |  12M  427k|   0     0 |1311  4594 |02-12 19:13:44
  5   8  84   0   0   3|   0    16k|  12M  435k|   0     0 |1291  4637 |02-12 19:13:45
  4   7  85   0   0   4|   0     0 |  12M  433k|   0     0 |1324  4914 |02-12 19:13:46
  4   6  85   0   0   5|   0     0 |  12M  428k|   0     0 |1023  4426 |02-12 19:13:47
  5   6  85   0   0   4|   0     0 |  10M  358k|   0     0 | 915  3761 |02-12 19:13:48
  0   2  98   0   0   0|   0     0 |4518B 4598B|   0     0 |  53   226 |02-12 19:13:49
  0   0 100   0   0   0|   0     0 |  66B    0 |   0     0 |  19    49 |02-12 19:13:50
  1   0  99   0   0   0|   0     0 |5422B 2788B|   0     0 |  21    62 |02-12 19:13:51
  0   0 100   0   0   0|   0     0 |   0     0 |   0     0 |  23    35 |02-12 19:13:52
  0   0 100   0   0   0|   0     0 |   0     0 |   0     0 |  19    27 |02-12 19:13:53
  0   1  99   0   0   0|   0     0 |5422B 2788B|   0     0 |  37    92 |02-12 19:13:54
  0   0 100   0   0   0|   0     0 |   0     0 |   0     0 |  20    35 |02-12 19:13:55
  0   0 100   0   0   0|   0     0 |   0     0 |   0     0 |  19    25 |02-12 19:13:56
  1   0 100   0   0   0|   0     0 |9646B 7012B|   0     0 |  20    68 |02-12 19:13:57
  0   0 100   0   0   0|   0     0 |   0     0 |   0     0 |  24    51 |02-12 19:13:58
  1   0 100   0   0   0|   0     0 |   0     0 |   0     0 |  33    83 |02-12 19:13:59
  1   1  98   0   0   0|   0     0 |6864B 4802B|   0     0 |  56   140 |02-12 19:14:00
  2   2  96   0   0   0|   0     0 |3776B 3754B|   0     0 | 128   365 |02-12 19:14:01
  6   3  91   0   0   0|   0     0 |1994B 1892B|   0     0 | 137   459 |02-12 19:14:02
  0   0 100   0   0   0|   0     0 |5422B 2788B|   0     0 |  27    61 |02-12 19:14:03
  1   0  99   0   0   0|   0     0 |   0     0 |   0     0 |  35    72 |02-12 19:14:04
  0   0 100   0   0   0|   0     0 |   0     0 |   0     0 |  23    45 |02-12 19:14:05
  1   0  99   0   0   0|   0     0 |5422B 2788B|   0     0 |  29    88 |02-12 19:14:06
  0   0 100   0   0   0|   0     0 |   0     0 |   0     0 |  23    53 |02-12 19:14:07
  0   0 100   0   0   0|   0     0 |   0     0 |   0     0 |  18    25 |02-12 19:14:08
  1   0  99   0   0   0|   0     0 |5168B 2722B|   0     0 |  31    85 |02-12 19:14:09
  0   0 100   0   0   0|   0     0 | 254B   66B|   0     0 |  25    53 |02-12 19:14:10
  0   0 100   0   0   0|   0     0 |   0     0 |   0     0 |  18    31 |02-12 19:14:11
  0   0  98   2   0   0|   0    32k|   0     0 |   0     0 |  19    35 |02-12 19:14:12
  1   0  99   0   0   0|   0     0 |5422B 2788B|   0     0 |  27    71 |02-12 19:14:13
  0   1 100   0   0   0|   0     0 |  74B   74B|   0     0 |  36    71 |02-12 19:14:14
  7   2  91   0   0   0|   0     0 |3415B 2687B|   0     0 | 148   394 |02-12 19:14:15
  3   3  93   0   0   1|   0    48k|1399k   65k|   0     0 | 270  1021 |02-12 19:14:16
  4   6  85   0   0   5|   0     0 |  11M  410k|   0     0 |1491  5867 |02-12 19:14:17
  4   9  83   0   0   4|   0     0 |  12M  431k|   0     0 |1553  6128 |02-12 19:14:18
  7   8  78   0   0   7|   0     0 |  12M  431k|   0     0 |1392  5566 |02-12 19:14:19
  6   8  82   0   0   4|   0     0 |  12M  431k|   0     0 |1445  5624 |02-12 19:14:20
  5   8  83   0   0   4|   0  8192B|  12M  428k|   0     0 |1376  5388 |02-12 19:14:21
  4   8  81   0   0   6|   0     0 |  12M  433k|   0     0 |1300  5650 |02-12 19:14:22
  4   8  83   0   0   5|   0     0 |  12M  431k|   0     0 |1377  5510 |02-12 19:14:23
  6   8  82   0   0   5|   0     0 |  12M  431k|   0     0 |1326  5405 |02-12 19:14:24
  3   8  84   0   0   6|   0     0 |  13M  440k|   0     0 |1324  5070 |02-12 19:14:25
  5  10  81   0   0   4|   0    16k|  12M  437k|   0     0 |1360  5427 |02-12 19:14:26
  5  10  81   0   0   4|   0     0 |  12M  429k|   0     0 |1238  5047 |02-12 19:14:27
  5   8  82   0   0   4|   0     0 |  12M  435k|   0     0 |1194  5015 |02-12 19:14:28
  6   8  80   0   0   7|   0     0 |  12M  432k|   0     0 |1229  5061 |02-12 19:14:29
  3   7  84   0   0   6|   0     0 |  12M  429k|   0     0 |1297  5290 |02-12 19:14:30
  4   7  84   0   0   5|   0  8192B|  12M  431k|   0     0 |1259  5023 |02-12 19:14:31
  4   7  84   0   0   6|   0     0 |  13M  437k|   0     0 |1294  5178 |02-12 19:14:32
  5   7  81   0   0   7|   0     0 |  12M  429k|   0     0 |1181  4738 |02-12 19:14:33
  5   7  82   0   0   6|   0     0 |  12M  433k|   0     0 |1181  4625 |02-12 19:14:34
  4   9  83   0   0   4|   0     0 |  12M  435k|   0     0 |1227  4925 |02-12 19:14:35
  6   9  82   0   0   4|   0     0 |  12M  432k|   0     0 |1189  4701 |02-12 19:14:36
  4   9  82   0   0   5|   0    12k|  13M  441k|   0     0 |1356  5277 |02-12 19:14:37
  3   8  83   0   0   6|   0     0 |  12M  433k|   0     0 |1192  4790 |02-12 19:14:38
  3   6  84   0   0   7|   0     0 |  12M  437k|   0     0 |1316  5115 |02-12 19:14:39
  6   8  81   0   0   5|   0     0 |  12M  431k|   0     0 |1140  4516 |02-12 19:14:40
  3   7  85   0   0   5|   0     0 |  13M  440k|   0     0 |1195  4748 |02-12 19:14:41
  4  10  82   0   0   5|   0    12k|  12M  433k|   0     0 |1217  4931 |02-12 19:14:42
  5   7  82   1   0   6|   0    76k|  12M  431k|   0     0 |1172  4682 |02-12 19:14:43
  5   6  84   0   0   5|   0     0 |  12M  432k|   0     0 |1291  5089 |02-12 19:14:44
  5   6  84   0   0   5|   0     0 |  12M  432k|   0     0 |1269  5091 |02-12 19:14:45
  4   8  82   0   0   6|   0     0 |  12M  437k|   0     0 |1183  4906 |02-12 19:14:46
  5   9  81   0   0   5|   0     0 |  12M  438k|   0     0 |1232  4777 |02-12 19:14:47
  5   8  83   0   0   4|   0    72k|  12M  431k|   0     0 |1327  5172 |02-12 19:14:48
  6   6  84   0   0   4|   0     0 |  12M  435k|   0     0 |1163  4653 |02-12 19:14:49
  5   6  83   0   0   5|   0     0 |  12M  434k|   0     0 |1176  4904 |02-12 19:14:50
  5   7  82   0   0   7|   0     0 |  12M  428k|   0     0 |1173  4803 |02-12 19:14:51
  6  10  78   0   0   7|   0     0 |  13M  442k|   0     0 |1308  5373 |02-12 19:14:52
  4   8  82   0   0   6|   0     0 |  12M  435k|   0     0 |1024  4104 |02-12 19:14:53
  5  10  80   0   0   5|   0     0 |  12M  438k|   0     0 |1096  4712 |02-12 19:14:54
  6   8  80   0   0   7|   0     0 |  12M  439k|   0     0 |1166  5012 |02-12 19:14:55
  4   9  83   0   0   4|   0     0 |  12M  435k|   0     0 |1238  4799 |02-12 19:14:56
  7   6  81   0   0   6|   0     0 |  12M  438k|   0     0 |1154  4555 |02-12 19:14:57
  5  10  79   0   0   7|   0     0 |  12M  437k|   0     0 |1225  4798 |02-12 19:14:58
  4   7  84   0   0   4|   0     0 |  12M  430k|   0     0 |1153  4726 |02-12 19:14:59
  5   8  83   0   0   4|   0     0 |  12M  431k|   0     0 |1019  4585 |02-12 19:15:00
  4   8  83   0   0   5|   0     0 |  12M  433k|   0     0 |1056  4408 |02-12 19:15:01
  5   7  82   0   0   6|   0     0 |  12M  437k|   0     0 |1169  4692 |02-12 19:15:02
  5   7  82   0   0   6|   0     0 |  12M  429k|   0     0 |1153  4881 |02-12 19:15:03
  4   7  83   0   0   5|   0     0 |  12M  434k|   0     0 |1111  4535 |02-12 19:15:04
  4   8  83   0   0   6|   0     0 |  12M  433k|   0     0 |1150  4639 |02-12 19:15:05
  5   9  81   0   0   6|   0     0 |  12M  431k|   0     0 |1086  4405 |02-12 19:15:06
  5   8  82   0   0   5|   0     0 |  12M  435k|   0     0 |1299  5145 |02-12 19:15:07
  5   8  81   0   0   6|   0     0 |  12M  429k|   0     0 |1199  4877 |02-12 19:15:08
  4   6  86   0   0   4|   0     0 |  12M  425k|   0     0 |1218  5011 |02-12 19:15:09
  5  11  78   0   0   7|   0     0 |  12M  439k|   0     0 |1227  5096 |02-12 19:15:10
  4   8  83   0   0   5|   0     0 |  12M  435k|   0     0 |1235  5032 |02-12 19:15:11
  3   8  83   0   0   5|   0     0 |  12M  432k|   0     0 |1082  4475 |02-12 19:15:12
  5   8  80   2   0   4|   0    12k|  12M  430k|   0     0 |1102  4412 |02-12 19:15:13
  3   8  83   0   0   6|   0     0 |  12M  430k|   0     0 |1304  4996 |02-12 19:15:14
  5  10  81   0   0   5|   0     0 |  12M  430k|   0     0 |1233  4878 |02-12 19:15:15
 13  21  53   0   0  12|   0     0 |  25M  891k|   0     0 | 838  3631 |02-12 19:15:16
  2   6  88   0   0   3|   0     0 |6493k  223k|   0     0 | 281  1196 |02-12 19:15:17
  1   0  99   0   0   1|   0  8192B|4584B 4598B|   0     0 |  54   210 |02-12 19:15:18
  1   0 100   0   0   0|   0     0 |5422B 2788B|   0     0 |  23    62 |02-12 19:15:19
  0   1 100   0   0   0|   0     0 |   0     0 |   0     0 |  35    75 |02-12 19:15:20
  0   0 100   0   0   0|   0     0 |   0     0 |   0     0 |  18    27 |02-12 19:15:21
  1   0  99   0   0   0|   0     0 |5422B 2788B|   0     0 |  29    68 |02-12 19:15:22
  0   0 100   0   0   0|   0     0 |   0     0 |   0     0 |  19    29 |02-12 19:15:23
  0   0 100   0   0   0|   0  8192B|   0     0 |   0     0 |  18    25 |02-12 19:15:24
  0   1  99   0   0   0|   0     0 |9646B 7012B|   0     0 |  41   102 |02-12 19:15:25
  0   1  99   0   0   0|   0     0 |2246B 2354B|   0     0 |  41   107 |02-12 19:15:26
  0   0 100   0   0   0|   0     0 |   0     0 |   0     0 |  23    48 |02-12 19:15:27
  0   0 100   0   0   0|   0     0 |5496B 2862B|   0     0 |  31    75 |02-12 19:15:28
  1   0  99   0   0   0|   0     0 |2081B 2129B|   0     0 |  49   120 |02-12 19:15:29
  9   4  87   0   0   0|   0     0 |2724B 2318B|   0     0 | 221   691 |02-12 19:15:30
  0   0 100   0   0   0|   0     0 |5168B 2722B|   0     0 |  21    60 |02-12 19:15:31
  0   0 100   0   0   0|   0     0 | 254B   66B|   0     0 |  24    57 |02-12 19:15:32
  0   0 100   0   0   0|   0     0 |   0     0 |   0     0 |  26    45 |02-12 19:15:33
  0   0 100   0   0   0|   0     0 |   0     0 |   0     0 |  23    43 |02-12 19:15:34
  1   0  99   0   0   0|   0     0 |5422B 2788B|   0     0 |  37   121 |02-12 19:15:35
  0   0 100   0   0   0|   0     0 |   0     0 |   0     0 |  28    62 |02-12 19:15:36
  0   0 100   0   0   0|   0     0 |   0     0 |   0     0 |  24    49 |02-12 19:15:37
  1   0 100   0   0   0|   0     0 |5422B 2788B|   0     0 |  27    63 |02-12 19:15:38
  0   0 100   0   0   0|   0     0 |   0     0 |   0     0 |  23    41 |02-12 19:15:39
  1   0  99   0   0   0|   0     0 |   0     0 |   0     0 |  37    77 |02-12 19:15:40
  1   0  99   0   0   0|   0     0 |5422B 2788B|   0     0 |  28   109 |02-12 19:15:41
  0   0 100   0   0   0|   0     0 |   0     0 |   0     0 |  22    37 |02-12 19:15:42
  1   1  99   0   0   0|   0     0 |2287B 2203B|   0     0 |  43   113 |02-12 19:15:43
  8   3  87   2   0   1|   0    64k|  13k   20k|   0     0 | 184   558 |02-12 19:15:44
  2   3  91   0   0   4|   0     0 |5388k  193k|   0     0 | 805  3363 |02-12 19:15:45
  4  10  81   0   0   5|   0     0 |  13M  438k|   0     0 |1553  6276 |02-12 19:15:46
  5   6  83   0   0   6|   0     0 |  12M  431k|   0     0 |1396  5509 |02-12 19:15:47
  3   8  82   0   0   6|   0     0 |  12M  436k|   0     0 |1302  5032 |02-12 19:15:48
  5   8  83   0   0   5|   0  4096B|  11M  382k|   0     0 |1400  5350 |02-12 19:15:49
  6   8  80   0   0   6|   0     0 |  13M  441k|   0     0 |1397  5457 |02-12 19:15:50
  7   6  81   0   0   7|   0     0 |  12M  437k|   0     0 |1314  5418 |02-12 19:15:51
  4   7  84   0   0   6|   0     0 |  12M  426k|   0     0 |1349  5119 |02-12 19:15:52
  5   9  80   0   0   6|   0     0 |  12M  433k|   0     0 |1232  5034 |02-12 19:15:53
  5   8  81   0   0   6|   0     0 |  12M  434k|   0     0 |1291  5025 |02-12 19:15:54
  6   7  82   0   0   5|   0     0 |  12M  425k|   0     0 |1231  4920 |02-12 19:15:55
  5   8  83   0   0   4|   0     0 |  12M  433k|   0     0 |1295  5038 |02-12 19:15:56
  5   8  81   0   0   6|   0     0 |  12M  431k|   0     0 |1337  5386 |02-12 19:15:57
  4   7  84   0   0   5|   0     0 |  12M  431k|   0     0 |1260  4913 |02-12 19:15:58
  5   7  83   0   0   6|   0  4096B|  12M  434k|   0     0 |1240  5151 |02-12 19:15:59
  6   7  82   0   0   5|   0     0 |  12M  435k|   0     0 |1242  4815 |02-12 19:16:00
  6   7  82   0   0   6|   0     0 |  12M  435k|   0     0 |1275  4890 |02-12 19:16:01
  5  10  80   0   0   5|   0     0 |  12M  438k|   0     0 |1286  4881 |02-12 19:16:02
  5   9  80   0   0   7|   0     0 |  12M  432k|   0     0 |1221  4779 |02-12 19:16:03
  5   7  83   0   0   5|   0  4096B|  12M  425k|   0     0 |1134  4579 |02-12 19:16:04
  7   8  81   0   0   4|   0     0 |  12M  436k|   0     0 |1062  4568 |02-12 19:16:05
  5   7  82   0   0   6|   0     0 |  12M  434k|   0     0 |1067  4737 |02-12 19:16:06
  6   7  81   0   0   6|   0     0 |  12M  434k|   0     0 |1332  5270 |02-12 19:16:07
  5   8  82   0   0   5|   0     0 |  12M  437k|   0     0 |1237  5102 |02-12 19:16:08
  5   7  84   0   0   4|   0     0 |  12M  435k|   0     0 |1254  4888 |02-12 19:16:09
  5   7  83   0   0   4|   0     0 |  12M  433k|   0     0 |1261  5069 |02-12 19:16:10
  6   9  80   0   0   6|   0     0 |  12M  435k|   0     0 |1273  5138 |02-12 19:16:11
  4   8  83   0   0   4|   0     0 |  12M  434k|   0     0 |1183  4857 |02-12 19:16:12
  4   8  82   0   0   6|   0     0 |  12M  427k|   0     0 |1075  4760 |02-12 19:16:13
  4   9  80   1   0   6|   0    36k|  12M  435k|   0     0 |1207  4679 |02-12 19:16:14
  5   8  82   0   0   4|   0  8192B|  12M  437k|   0     0 |1265  4908 |02-12 19:16:15
  3   5  84   0   0   7|   0     0 |  12M  436k|   0     0 |1347  5168 |02-12 19:16:16
  4   7  81   0   0   7|   0     0 |  12M  432k|   0     0 |1274  5039 |02-12 19:16:17
  4   7  85   0   0   3|   0     0 |  12M  431k|   0     0 |1382  5409 |02-12 19:16:18
  4   8  83   0   0   5|   0     0 |  12M  426k|   0     0 |1218  4801 |02-12 19:16:19
  5   9  83   0   0   3|   0     0 |  12M  431k|   0     0 |1214  4753 |02-12 19:16:20
  5   8  81   0   0   6|   0     0 |  12M  435k|   0     0 |1399  5247 |02-12 19:16:21
  5   8  82   0   0   6|   0     0 |  12M  432k|   0     0 |1364  5411 |02-12 19:16:22
  4   7  84   0   0   5|   0     0 |  12M  439k|   0     0 |1218  5302 |02-12 19:16:23
  5   7  83   0   0   5|   0     0 |  12M  436k|   0     0 |1320  5370 |02-12 19:16:24
  4   7  82   0   0   7|   0     0 |  12M  431k|   0     0 |1210  5025 |02-12 19:16:25
  5   7  82   0   0   6|   0     0 |  12M  440k|   0     0 |1194  4978 |02-12 19:16:26
  5   8  81   0   0   6|   0     0 |  12M  433k|   0     0 |1234  5201 |02-12 19:16:27
  4   6  84   0   0   5|   0     0 |  12M  424k|   0     0 |1162  4748 |02-12 19:16:28
  6   7  83   0   0   4|   0     0 |  12M  436k|   0     0 |1227  5295 |02-12 19:16:29
  5   8  83   0   0   3|   0  8192B|  12M  432k|   0     0 |1226  4919 |02-12 19:16:30
  5   8  81   0   0   7|   0     0 |  13M  438k|   0     0 |1183  4966 |02-12 19:16:31
  5   8  82   0   0   5|   0     0 |  12M  435k|   0     0 |1243  5190 |02-12 19:16:32
  3   8  83   0   0   6|   0     0 |  12M  433k|   0     0 |1098  4653 |02-12 19:16:33
  5   7  83   0   0   6|   0     0 |  12M  425k|   0     0 | 960  4271 |02-12 19:16:34
  4   8  80   0   0   8|   0     0 |  12M  432k|   0     0 |1206  4984 |02-12 19:16:35
  3   7  84   0   0   5|   0     0 |  12M  426k|   0     0 |1169  4695 |02-12 19:16:36
  4   8  82   0   0   7|   0     0 |  12M  429k|   0     0 |1149  4895 |02-12 19:16:37
  6   8  81   0   0   5|   0     0 |  12M  430k|   0     0 |1117  4510 |02-12 19:16:38
  2   9  86   0   0   4|   0     0 |  12M  437k|   0     0 |1246  4871 |02-12 19:16:39
  5   9  81   0   0   5|   0     0 |  12M  430k|   0     0 |1143  4689 |02-12 19:16:40
  6   7  82   0   0   5|   0     0 |  12M  439k|   0     0 |1076  4798 |02-12 19:16:41
  4   5  85   0   0   6|   0     0 |  12M  432k|   0     0 |1166  4866 |02-12 19:16:42
  5   7  83   0   0   4|   0     0 |  12M  430k|   0     0 |1188  4953 |02-12 19:16:43
  6  12  75   0   0   7|   0     0 |  16M  547k|   0     0 |1258  5099 |02-12 19:16:44
  8  17  68   1   0   7|   0    64k|  19M  683k|   0     0 |1161  4845 |02-12 19:16:45
  1   0  99   0   0   0|   0     0 |4518B 4598B|   0     0 |  50   212 |02-12 19:16:46
  1   0  99   0   0   0|   0     0 |5488B 2788B|   0     0 |  30    84 |02-12 19:16:47
  0   0 100   0   0   0|   0     0 |   0     0 |   0     0 |  22    35 |02-12 19:16:48
  0   0 100   0   0   0|   0     0 |   0     0 |   0     0 |  23    35 |02-12 19:16:49
  0   1  99   0   0   0|   0     0 |2514B  536B|   0     0 |  39    89 |02-12 19:16:50
  1   0 100   0   0   0|   0     0 |3330B 2964B|   0     0 |  25    61 |02-12 19:16:51
  0   0 100   0   0   0|   0     0 |   0     0 |   0     0 |  18    25 |02-12 19:16:52
  0   0 100   0   0   0|   0     0 |   0     0 |   0     0 |  18    27 |02-12 19:16:53
  1   0  99   0   0   0|   0     0 |9646B 7012B|   0     0 |  30    71 |02-12 19:16:54
  0   0 100   0   0   0|   0     0 |   0     0 |   0     0 |  31    75 |02-12 19:16:55
  0   0 100   0   0   0|   0     0 |   0     0 |   0     0 |  20    29 |02-12 19:16:56
  1   0 100   0   0   0|   0     0 |5422B 2788B|   0     0 |  23    66 |02-12 19:16:57
  2   0  98   0   0   0|   0     0 |1829B 1851B|   0     0 |  37    77 |02-12 19:16:58
  8   3  90   0   0   0|   0     0 |1726B 2026B|   0     0 | 183   516 |02-12 19:16:59
  1   2  98   0   0   0|   0     0 |6746B 3432B|   0     0 |  63   256 |02-12 19:17:00
  0   0 100   0   0   0|   0    20k|   0     0 |   0     0 |  21    54 |02-12 19:17:01
  0   1  99   0   0   0|   0     0 |   0     0 |   0     0 |  46   134 |02-12 19:17:02
  1   0  99   0   0   0|   0     0 |5422B 2788B|   0     0 |  24    79 |02-12 19:17:03
  0   0 100   0   0   0|   0     0 |   0     0 |   0     0 |  23    43 |02-12 19:17:04
  1   0 100   0   0   0|   0     0 |   0     0 |   0     0 |  30    76 |02-12 19:17:05
  1   1  99   0   0   0|   0     0 |5422B 2788B|   0     0 |  22    61 |02-12 19:17:06
  0   0 100   0   0   0|   0     0 |   0     0 |   0     0 |  19    43 |02-12 19:17:07
  0   0 100   0   0   0|   0     0 |   0     0 |   0     0 |  18    25 |02-12 19:17:08
  1   1  98   0   0   0|   0     0 |7317B 4639B|   0     0 |  37   104 |02-12 19:17:09
