[7l----total-cpu-usage---- -dsk/total- -net/total- ---paging-- ---system-- ----system----
usr sys idl wai hiq siq| read  writ| recv  send|  in   out | int   csw |     time     
  2   2  94   0   0   2|  16k   59k|   0     0 |   0     0 | 449  1711 |02-12 18:59:24
  0   1  99   0   0   0|   0     0 |5422B 2854B|   0     0 |  29    87 |02-12 18:59:25
  1   0  99   0   0   0|   0     0 |   0     0 |   0     0 |  37    86 |02-12 18:59:26
  0   0 100   0   0   0|   0     0 |   0     0 |   0     0 |  24    53 |02-12 18:59:27
  1   1  99   0   0   0|   0     0 |5422B 2788B|   0     0 |  25    60 |02-12 18:59:28
  0   0 100   0   0   0|   0     0 |   0     0 |   0     0 |  23    46 |02-12 18:59:29
  1   0  99   0   0   0|   0     0 |1911B 1917B|   0     0 |  35    89 |02-12 18:59:30
  1   1  99   0   0   0|   0     0 |6230B 3726B|   0     0 |  59   173 |02-12 18:59:31
  6   6  86   0   0   2|   0     0 |1644k   75k|   0     0 | 345  1327 |02-12 18:59:32
  2   2  93   0   0   3|   0     0 |4238k  142k|   0     0 | 726  2583 |02-12 18:59:33
  2   3  94   0   0   2|   0     0 |4278k  147k|   0     0 | 657  2591 |02-12 18:59:34
  2   2  93   0   0   3|   0     0 |4277k  144k|   0     0 | 661  2561 |02-12 18:59:35
  2   3  92   0   0   3|   0     0 |4269k  144k|   0     0 | 735  2544 |02-12 18:59:36
  1   3  93   0   0   3|   0     0 |4261k  146k|   0     0 | 680  2635 |02-12 18:59:37
  2   2  94   0   0   3|   0     0 |4356k  147k|   0     0 | 699  2494 |02-12 18:59:38
  2   4  91   0   0   3|   0     0 |4247k  143k|   0     0 | 664  2582 |02-12 18:59:39
  2   3  94   0   0   2|   0     0 |4252k  146k|   0     0 | 588  2579 |02-12 18:59:40
  2   4  92   0   0   2|   0     0 |4303k  145k|   0     0 | 652  2638 |02-12 18:59:41
  2   3  93   0   0   2|   0     0 |4230k  142k|   0     0 | 714  2560 |02-12 18:59:42
  2   3  93   0   0   2|   0     0 |4256k  146k|   0     0 | 680  2404 |02-12 18:59:43
  2   2  95   0   0   2|   0     0 |4290k  144k|   0     0 | 606  2468 |02-12 18:59:44
  2   3  93   0   0   2|   0     0 |4299k  145k|   0     0 | 584  2505 |02-12 18:59:45
  3   3  92   0   0   2|   0     0 |4330k  148k|   0     0 | 714  2482 |02-12 18:59:46
  2   4  93   0   0   2|   0     0 |4229k  142k|   0     0 | 638  2430 |02-12 18:59:47
  2   3  93   0   0   3|   0     0 |4430k  148k|   0     0 | 721  2496 |02-12 18:59:48
  2   2  93   0   0   3|   0     0 |4308k  149k|   0     0 | 549  2524 |02-12 18:59:49
  2   2  93   0   0   3|   0     0 |4295k  144k|   0     0 | 663  2587 |02-12 18:59:50
  2   3  93   0   0   3|   0     0 |4387k  148k|   0     0 | 739  2674 |02-12 18:59:51
  1   3  93   0   0   4|   0     0 |4132k  143k|   0     0 | 661  2462 |02-12 18:59:52
  2   3  93   0   0   2|   0     0 |4413k  151k|   0     0 | 707  2432 |02-12 18:59:53
  0   4  92   1   0   3|   0    56k|4247k  143k|   0     0 | 659  2514 |02-12 18:59:54
  2   3  93   0   0   3|   0    12k|4247k  143k|   0     0 | 676  2597 |02-12 18:59:55
  1   2  95   0   0   3|   0     0 |4304k  147k|   0     0 | 685  2530 |02-12 18:59:56
  2   4  94   0   0   1|   0     0 |4281k  144k|   0     0 | 745  2608 |02-12 18:59:57
  2   3  94   0   0   1|   0     0 |4346k  146k|   0     0 | 602  2387 |02-12 18:59:58
  2   3  94   0   0   2|   0     0 |4239k  145k|   0     0 | 538  2403 |02-12 18:59:59
  2   3  93   0   0   2|   0     0 |4260k  143k|   0     0 | 611  2599 |02-12 19:00:00
  2   3  93   0   0   3|   0     0 |4303k  144k|   0     0 | 637  2644 |02-12 19:00:01
  3   5  91   0   0   2|   0     0 |4252k  146k|   0     0 | 571  2529 |02-12 19:00:02
  3   2  92   0   0   3|   0     0 |4290k  144k|   0     0 | 519  2541 |02-12 19:00:03
  2   3  94   0   0   1|   0     0 |4256k  143k|   0     0 | 585  2508 |02-12 19:00:04
  2   3  92   0   0   4|   0  8192B|4361k  149k|   0     0 | 582  2622 |02-12 19:00:05
  2   2  93   0   0   3|   0     0 |4229k  142k|   0     0 | 538  2373 |02-12 19:00:06
  2   3  93   0   0   3|   0     0 |4343k  146k|   0     0 | 635  2352 |02-12 19:00:07
  2   3  94   0   0   2|   0     0 |4357k  150k|   0     0 | 617  2410 |02-12 19:00:08
  2   3  93   0   0   3|   0     0 |4246k  142k|   0     0 | 525  2403 |02-12 19:00:09
  1   4  93   0   0   2|   0     0 |4278k  144k|   0     0 | 557  2419 |02-12 19:00:10
  2   4  92   0   0   2|   0     0 |4321k  148k|   0     0 | 558  2342 |02-12 19:00:11
  2   3  93   0   0   3|   0     0 |4303k  145k|   0     0 | 463  2397 |02-12 19:00:12
  2   3  94   0   0   2|   0     0 |4234k  143k|   0     0 | 416  2363 |02-12 19:00:13
  3   2  93   0   0   2|   0     0 |4269k  146k|   0     0 | 448  2473 |02-12 19:00:14
  1   2  94   0   0   3|   0     0 |4299k  144k|   0     0 | 575  2471 |02-12 19:00:15
  2   4  93   0   0   2|   0     0 |4316k  145k|   0     0 | 593  2416 |02-12 19:00:16
  2   3  93   0   0   2|   0     0 |4260k  146k|   0     0 | 430  2478 |02-12 19:00:17
  2   2  94   0   0   3|   0     0 |4308k  145k|   0     0 | 654  2614 |02-12 19:00:18
  2   2  94   0   0   3|   0     0 |4225k  142k|   0     0 | 492  2639 |02-12 19:00:19
  3   4  93   0   0   1|   0     0 |4273k  146k|   0     0 | 598  2334 |02-12 19:00:20
  2   5  90   0   0   2|   0     0 |4281k  143k|   0     0 | 683  2414 |02-12 19:00:21
  1   2  94   0   0   3|   0     0 |4294k  144k|   0     0 | 515  2473 |02-12 19:00:22
  1   3  94   0   0   3|   0     0 |4235k  146k|   0     0 | 393  2173 |02-12 19:00:23
  3   4  92   0   0   2|   0     0 |4271k  149k|   0     0 | 705  2620 |02-12 19:00:24
  1   4  87   5   0   2|   0    88k|4225k  142k|   0     0 | 515  2557 |02-12 19:00:25
  4   3  90   0   0   3|   0     0 |4287k  147k|   0     0 | 581  2472 |02-12 19:00:26
  2   3  94   0   0   2|   0     0 |4303k  144k|   0     0 | 522  2556 |02-12 19:00:27
  1   3  93   0   0   4|   0     0 |4278k  144k|   0     0 | 652  2673 |02-12 19:00:28
  3   4  91   0   0   3|   0     0 |4286k  146k|   0     0 | 592  2377 |02-12 19:00:29
  2   3  92   0   0   3|   0     0 |4225k  142k|   0     0 | 564  2400 |02-12 19:00:30
  2   3  93   0   0   3|   0  8192B|4230k  142k|   0     0 | 466  2167 |02-12 19:00:31
  4   5  89   0   0   3|   0     0 |7540k  257k|   0     0 | 420  1974 |02-12 19:00:32
  0   1  99   0   0   0|   0     0 |4584B 4598B|   0     0 |  51   215 |02-12 19:00:33
  0   0 100   0   0   0|   0     0 |   0     0 |   0     0 |  18    33 |02-12 19:00:34
  1   0 100   0   0   0|   0     0 |5422B 2788B|   0     0 |  25    56 |02-12 19:00:35
  0   0 100   0   0   0|   0  8192B|   0     0 |   0     0 |  32    75 |02-12 19:00:36
  0   0 100   0   0   0|   0     0 |   0     0 |   0     0 |  20    39 |02-12 19:00:37
  1   0  99   0   0   0|   0     0 |6012B 3692B|   0     0 |  20    78 |02-12 19:00:38
  0   0 100   0   0   0|   0     0 |   0     0 |   0     0 |  23    41 |02-12 19:00:39
  0   0 100   0   0   0|   0     0 |4224B 4224B|   0     0 |  20    27 |02-12 19:00:40
  0   1  99   0   0   0|   0     0 |5422B 2788B|   0     0 |  41   197 |02-12 19:00:41
  0   0 100   0   0   0|   0     0 |   0     0 |   0     0 |  20    33 |02-12 19:00:42
  0   0 100   0   0   0|   0     0 |   0     0 |   0     0 |  18    25 |02-12 19:00:43
  2   1  98   0   0   0|   0     0 |7577B 4991B|   0     0 |  50   134 |02-12 19:00:44
  7   5  88   0   0   0|   0     0 |2724B 2318B|   0     0 | 206   690 |02-12 19:00:45
  0   0 100   0   0   0|   0     0 |   0     0 |   0     0 |  29    76 |02-12 19:00:46
  1   1  99   0   0   0|   0     0 |5422B 2788B|   0     0 |  28    79 |02-12 19:00:47
  0   0 100   0   0   0|   0     0 |   0     0 |   0     0 |  20    31 |02-12 19:00:48
  0   0 100   0   0   0|   0     0 |   0     0 |   0     0 |  19    27 |02-12 19:00:49
  1   0 100   0   0   0|   0     0 |5422B 2788B|   0     0 |  21    66 |02-12 19:00:50
  0   1  99   0   0   0|   0     0 |   0     0 |   0     0 |  34    88 |02-12 19:00:51
  0   0 100   0   0   0|   0     0 |   0     0 |   0     0 |  21    31 |02-12 19:00:52
  1   0  99   0   0   0|   0     0 |5422B 2788B|   0     0 |  22    58 |02-12 19:00:53
  0   0 100   0   0   0|   0     0 |   0     0 |   0     0 |  20    31 |02-12 19:00:54
  0   0 100   0   0   0|   0     0 |   0     0 |   0     0 |  18    23 |02-12 19:00:55
  1   1  97   2   0   0|   0    28k|5422B 2788B|   0     0 |  35   112 |02-12 19:00:56
  2   0  99   0   0   0|   0     0 |1895B 1851B|   0     0 |  38    96 |02-12 19:00:57
  5   2  93   0   0   0|   0     0 |1548B  844B|   0     0 | 120   340 |02-12 19:00:58
  3   1  95   0   0   1|   0     0 |1233k   63k|   0     0 | 269  1128 |02-12 19:00:59
  2   3  93   0   0   3|   0     0 |4491k  151k|   0     0 | 685  2856 |02-12 19:01:00
  2   4  92   0   0   2|   0     0 |4247k  143k|   0     0 | 559  2551 |02-12 19:01:01
  2   3  92   0   0   3|   0     0 |4279k  147k|   0     0 | 582  2505 |02-12 19:01:02
  3   2  93   0   0   2|   0     0 |4229k  143k|   0     0 | 549  2371 |02-12 19:01:03
  2   4  92   0   0   2|   0     0 |4282k  144k|   0     0 | 533  2322 |02-12 19:01:04
  2   2  93   0   0   3|   0     0 |4221k  144k|   0     0 | 516  2308 |02-12 19:01:05
  3   3  92   0   0   2|   0    12k|4421k  149k|   0     0 | 558  2540 |02-12 19:01:06
  1   3  93   0   0   4|   0     0 |4277k  144k|   0     0 | 582  2560 |02-12 19:01:07
  2   2  95   0   0   2|   0     0 |4268k  143k|   0     0 | 548  2426 |02-12 19:01:08
  3   3  93   0   0   2|   0     0 |4243k  146k|   0     0 | 577  2493 |02-12 19:01:09
  2   2  95   0   0   2|   0     0 |4256k  143k|   0     0 | 520  2490 |02-12 19:01:10
  3   4  90   0   0   2|   0     0 |4255k  143k|   0     0 | 554  2489 |02-12 19:01:11
  2   3  93   0   0   3|   0     0 |4343k  148k|   0     0 | 538  2545 |02-12 19:01:12
  2   2  93   0   0   3|   0     0 |4220k  141k|   0     0 | 621  2552 |02-12 19:01:13
  1   3  94   0   0   3|   0     0 |4282k  146k|   0     0 | 538  2266 |02-12 19:01:14
  2   2  95   0   0   1|   0     0 |4274k  146k|   0     0 | 496  2365 |02-12 19:01:15
  2   3  93   0   0   3|   0     0 |4242k  142k|   0     0 | 617  2445 |02-12 19:01:16
  2   3  93   0   0   3|   0  4096B|4278k  144k|   0     0 | 524  2320 |02-12 19:01:17
  2   3  93   0   0   2|   0     0 |4248k  146k|   0     0 | 513  2496 |02-12 19:01:18
  1   4  92   0   0   3|   0     0 |4294k  149k|   0     0 | 571  2556 |02-12 19:01:19
  1   4  92   0   0   3|   0     0 |4234k  142k|   0     0 | 552  2245 |02-12 19:01:20
  3   3  92   0   0   3|   0     0 |4291k  146k|   0     0 | 576  2564 |02-12 19:01:21
  1   5  92   0   0   2|   0     0 |4264k  144k|   0     0 | 568  2503 |02-12 19:01:22
  1   3  93   0   0   3|   0     0 |4286k  143k|   0     0 | 575  2390 |02-12 19:01:23
  1   2  94   0   0   3|   0     0 |4239k  146k|   0     0 | 583  2605 |02-12 19:01:24
  2   4  91   0   0   3|   0     0 |4262k  149k|   0     0 | 619  2727 |02-12 19:01:25
  3   2  94   0   0   2|   0     0 |4273k  144k|   0     0 | 580  2552 |02-12 19:01:26
  2   5  90   2   0   2|   0   124k|4343k  149k|   0     0 | 600  2522 |02-12 19:01:27
  2   2  94   0   0   3|   0     0 |4290k  143k|   0     0 | 584  2591 |02-12 19:01:28
  2   3  93   0   0   3|   0     0 |4295k  145k|   0     0 | 567  2364 |02-12 19:01:29
  2   3  93   0   0   3|   0     0 |4291k  147k|   0     0 | 518  2320 |02-12 19:01:30
  3   3  92   0   0   2|   0     0 |4298k  144k|   0     0 | 520  2514 |02-12 19:01:31
  3   3  93   0   0   1|   0  8192B|4234k  143k|   0     0 | 556  2359 |02-12 19:01:32
  2   4  91   0   0   3|   0     0 |4278k  147k|   0     0 | 623  2640 |02-12 19:01:33
  1   3  93   0   0   3|   0     0 |4264k  143k|   0     0 | 592  2488 |02-12 19:01:34
  2   3  93   0   0   3|   0     0 |4286k  144k|   0     0 | 482  2416 |02-12 19:01:35
  3   3  92   0   0   3|   0     0 |4230k  145k|   0     0 | 545  2547 |02-12 19:01:36
  2   3  94   0   0   2|   0  4096B|4351k  146k|   0     0 | 519  2432 |02-12 19:01:37
  3   3  92   0   0   2|   0     0 |4251k  143k|   0     0 | 541  2449 |02-12 19:01:38
  3   3  91   0   0   4|   0     0 |4274k  147k|   0     0 | 641  2438 |02-12 19:01:39
  2   5  92   0   0   2|   0     0 |4255k  143k|   0     0 | 637  2568 |02-12 19:01:40
  3   4  93   0   0   1|   0     0 |4264k  144k|   0     0 | 564  2305 |02-12 19:01:41
  1   3  94   0   0   2|   0     0 |4352k  148k|   0     0 | 629  2470 |02-12 19:01:42
  2   3  92   0   0   4|   0     0 |4255k  143k|   0     0 | 597  2503 |02-12 19:01:43
  2   3  94   0   0   2|   0     0 |4251k  143k|   0     0 | 589  2442 |02-12 19:01:44
  2   2  94   0   0   2|   0     0 |4300k  147k|   0     0 | 527  2367 |02-12 19:01:45
  2   5  92   0   0   3|   0     0 |4251k  143k|   0     0 | 525  2277 |02-12 19:01:46
  1   3  94   0   0   3|   0     0 |4369k  147k|   0     0 | 500  2389 |02-12 19:01:47
  2   4  93   0   0   2|   0     0 |4308k  147k|   0     0 | 595  2478 |02-12 19:01:48
  2   4  92   0   0   3|   0     0 |4308k  145k|   0     0 | 516  2317 |02-12 19:01:49
  2   3  93   0   0   2|   0     0 |4294k  144k|   0     0 | 561  2349 |02-12 19:01:50
  3   2  92   0   0   3|   0     0 |4234k  145k|   0     0 | 603  2571 |02-12 19:01:51
  1   4  93   0   0   2|   0     0 |4308k  145k|   0     0 | 557  2613 |02-12 19:01:52
  2   3  93   0   0   3|   0     0 |4230k  142k|   0     0 | 462  2181 |02-12 19:01:53
  2   3  91   0   0   4|   0     0 |4287k  147k|   0     0 | 541  2377 |02-12 19:01:54
  2   2  96   0   0   1|   0     0 |4294k  144k|   0     0 | 578  2580 |02-12 19:01:55
  2   3  93   0   0   2|   0     0 |4333k  146k|   0     0 | 575  2466 |02-12 19:01:56
  2   4  89   3   0   3|   0    24k|4326k  148k|   0     0 | 586  2402 |02-12 19:01:57
  2   4  92   0   0   2|   0     0 |4277k  144k|   0     0 | 584  2297 |02-12 19:01:58
  1   2  97   0   0   1|   0     0 |2343k   76k|   0     0 | 323  1306 |02-12 19:01:59
  1   2  98   0   0   0|   0     0 |  10k 7386B|   0     0 |  68   265 |02-12 19:02:00
  1   0 100   0   0   0|   0     0 |   0     0 |   0     0 |  31    61 |02-12 19:02:01
  0   0 100   0   0   0|   0     0 |   0     0 |   0     0 |  25    57 |02-12 19:02:02
  1   0 100   0   0   0|   0     0 |5422B 2788B|   0     0 |  27    70 |02-12 19:02:03
  0   0 100   0   0   0|   0     0 |   0     0 |   0     0 |  23    33 |02-12 19:02:04
  0   0 100   0   0   0|   0     0 |   0     0 |   0     0 |  20    39 |02-12 19:02:05
  1   1  99   0   0   0|   0     0 |5422B 2788B|   0     0 |  32   112 |02-12 19:02:06
  0   0 100   0   0   0|   0     0 |4224B 4224B|   0     0 |  23    54 |02-12 19:02:07
  0   0 100   0   0   0|   0    16k|   0     0 |   0     0 |  18    26 |02-12 19:02:08
  1   0 100   0   0   0|   0     0 |5422B 2788B|   0     0 |  21    63 |02-12 19:02:09
  0   0 100   0   0   0|   0     0 |   0     0 |   0     0 |  19    34 |02-12 19:02:10
  1   1  99   0   0   0|   0     0 |1895B 1851B|   0     0 |  33    90 |02-12 19:02:11
  9   4  87   0   0   0|   0     0 |8808B 5728B|   0     0 | 230   753 |02-12 19:02:12
  0   0 100   0   0   0|   0     0 | 366B  770B|   0     0 |  32    91 |02-12 19:02:13
  0   0 100   0   0   0|   0     0 | 672B  408B|   0     0 |  40    81 |02-12 19:02:14
  1   0  99   0   0   0|   0     0 |5590B 2898B|   0     0 |  39    99 |02-12 19:02:15
  0   0 100   0   0   0|   0     0 |   0     0 |   0     0 |  24    35 |02-12 19:02:16
  0   1  99   0   0   0|   0     0 | 168B  102B|   0     0 |  38    88 |02-12 19:02:17
  0   0 100   0   0   0|   0     0 |5422B 2788B|   0     0 |  29    68 |02-12 19:02:18
  1   0 100   0   0   0|   0     0 | 738B 3966B|   0     0 |  61   138 |02-12 19:02:19
  0   0 100   0   0   0|   0     0 | 906B  518B|   0     0 |  42    93 |02-12 19:02:20
  0   1  99   0   0   0|   0     0 |5788B 3270B|   0     0 |  34   106 |02-12 19:02:21
  0   0 100   0   0   0|   0     0 | 840B  518B|   0     0 |  53   135 |02-12 19:02:22
  0   0  99   0   0   0|   0     0 | 942B 1140B|   0     0 |  44    98 |02-12 19:02:23
  1   0  99   0   0   0|   0     0 |6226B 7142B|   0     0 |  52   253 |02-12 19:02:24
  6   3  91   0   0   0|   0     0 |6300B 8260B|   0     0 | 163   456 |02-12 19:02:25
  6   4  88   0   0   2|   0     0 |2014k   88k|   0     0 | 490  1789 |02-12 19:02:26
  3   4  92   0   0   2|   0     0 |4808k  164k|   0     0 | 689  2953 |02-12 19:02:27
  2   3  83  11   0   2|   0   156k|4277k  144k|   0     0 | 626  2709 |02-12 19:02:28
  1   2  96   0   0   2|   0     0 |4248k  143k|   0     0 | 581  2492 |02-12 19:02:29
  3   2  91   0   0   3|   0     0 |4234k  145k|   0     0 | 550  2427 |02-12 19:02:30
  2   4  93   0   0   2|   0     0 |4290k  144k|   0     0 | 606  2613 |02-12 19:02:31
  1   4  95   0   0   1|   0     0 |4282k  144k|   0     0 | 531  2309 |02-12 19:02:32
  1   2  94   0   0   3|   0  8192B|4303k  145k|   0     0 | 626  2613 |02-12 19:02:33
  3   3  92   0   0   2|   0     0 |4234k  145k|   0     0 | 667  2567 |02-12 19:02:34
  1   2  94   0   0   3|   0     0 |4299k  145k|   0     0 | 673  2581 |02-12 19:02:35
  2   2  92   0   0   4|   0     0 |4260k  143k|   0     0 | 640  2616 |02-12 19:02:36
  2   3  92   0   0   4|   0     0 |4282k  147k|   0     0 | 673  2684 |02-12 19:02:37
  2   3  94   0   0   2|   0     0 |4233k  142k|   0     0 | 659  2587 |02-12 19:02:38
  2   2  92   0   0   4|   0  8192B|4277k  144k|   0     0 | 677  2690 |02-12 19:02:39
  1   2  94   0   0   3|   0     0 |4287k  148k|   0     0 | 647  2531 |02-12 19:02:40
  3   4  92   0   0   1|   0     0 |4230k  141k|   0     0 | 630  2496 |02-12 19:02:41
  1   3  93   0   0   3|   0     0 |4282k  146k|   0     0 | 613  2312 |02-12 19:02:42
  3   4  91   0   0   3|   0     0 |4283k  147k|   0     0 | 655  2575 |02-12 19:02:43
  2   3  93   0   0   3|   0  4096B|4260k  144k|   0     0 | 658  2573 |02-12 19:02:44
  1   3  93   0   0   3|   0     0 |4131k  143k|   0     0 | 627  2591 |02-12 19:02:45
  3   3  93   0   0   2|   0     0 |4420k  153k|   0     0 | 672  2644 |02-12 19:02:46
  2   3  93   0   0   2|   0     0 |4277k  144k|   0     0 | 609  2309 |02-12 19:02:47
  2   2  93   0   0   4|   0     0 |4290k  144k|   0     0 | 577  2291 |02-12 19:02:48
  2   3  92   0   0   3|   0     0 |4248k  145k|   0     0 | 612  2525 |02-12 19:02:49
  1   3  94   0   0   2|   0     0 |4286k  144k|   0     0 | 682  2655 |02-12 19:02:50
  2   3  93   0   0   2|   0     0 |4242k  143k|   0     0 | 654  2706 |02-12 19:02:51
  2   4  91   0   0   3|   0     0 |4274k  147k|   0     0 | 643  2720 |02-12 19:02:52
  2   2  94   0   0   2|   0     0 |4268k  143k|   0     0 | 542  2401 |02-12 19:02:53
  2   3  94   0   0   2|   0     0 |4286k  144k|   0     0 | 545  2382 |02-12 19:02:54
  2   1  94   0   0   3|   0     0 |4261k  146k|   0     0 | 572  2616 |02-12 19:02:55
  2   5  93   0   0   1|   0     0 |4281k  144k|   0     0 | 561  2450 |02-12 19:02:56
  1   3  93   0   0   4|   0     0 |4230k  142k|   0     0 | 466  2225 |02-12 19:02:57
  3   2  91   3   0   3|   0    84k|4260k  146k|   0     0 | 511  2380 |02-12 19:02:58
  2   2  94   0   0   2|   0  8192B|4264k  144k|   0     0 | 554  2442 |02-12 19:02:59
  2   3  93   0   0   2|   0     0 |4339k  146k|   0     0 | 542  2359 |02-12 19:03:00
  2   4  91   0   0   3|   0     0 |4265k  146k|   0     0 | 582  2462 |02-12 19:03:01
  3   4  92   0   0   2|   0     0 |4256k  143k|   0     0 | 544  2294 |02-12 19:03:02
  1   3  94   0   0   3|   0     0 |4299k  145k|   0     0 | 459  2228 |02-12 19:03:03
  2   3  91   0   0   4|   0     0 |4260k  146k|   0     0 | 544  2313 |02-12 19:03:04
  1   3  94   0   0   2|   0     0 |4277k  144k|   0     0 | 557  2502 |02-12 19:03:05
  3   3  93   0   0   2|   0     0 |4243k  143k|   0     0 | 577  2598 |02-12 19:03:06
  3   2  92   0   0   3|   0     0 |4389k  152k|   0     0 | 679  2740 |02-12 19:03:07
  2   2  95   0   0   2|   0     0 |4304k  145k|   0     0 | 600  2548 |02-12 19:03:08
  2   2  93   0   0   3|   0     0 |4256k  144k|   0     0 | 599  2500 |02-12 19:03:09
  2   4  91   0   0   3|   0     0 |4287k  147k|   0     0 | 539  2414 |02-12 19:03:10
  2   2  94   0   0   3|   0     0 |4243k  143k|   0     0 | 549  2340 |02-12 19:03:11
  2   3  92   0   0   3|   0     0 |4255k  143k|   0     0 | 551  2344 |02-12 19:03:12
  2   2  93   0   0   3|   0     0 |4280k  147k|   0     0 | 616  2583 |02-12 19:03:13
  2   2  94   0   0   3|   0  4096B|4299k  144k|   0     0 | 521  2276 |02-12 19:03:14
  2   4  94   0   0   1|   0     0 |4212k  142k|   0     0 | 529  2266 |02-12 19:03:15
  3   2  94   0   0   1|   0     0 |4296k  148k|   0     0 | 605  2555 |02-12 19:03:16
  2   4  90   0   0   3|   0     0 |4221k  142k|   0     0 | 601  2554 |02-12 19:03:17
  2   4  93   0   0   2|   0     0 |4430k  149k|   0     0 | 574  2529 |02-12 19:03:18
  2   2  95   0   0   2|   0     0 |2532k   88k|   0     0 | 323  1480 |02-12 19:03:19
  1   1  97   0   0   2|   0     0 |1847k   63k|   0     0 | 261  1131 |02-12 19:03:20
  1   1  97   0   0   0|   0     0 |1202k   41k|   0     0 | 199   759 |02-12 19:03:21
  1   1  99   0   0   0|   0     0 | 105k 6235B|   0     0 |  56   176 |02-12 19:03:22
  0   0 100   0   0   0|   0     0 |  70k 2400B|   0     0 |  28    79 |02-12 19:03:23
  1   2  97   0   0   1|   0     0 |1759k   59k|   0     0 | 244  1030 |02-12 19:03:24
  4   2  93   0   0   1|   0     0 |4315k  153k|   0     0 | 563  2458 |02-12 19:03:25
  1   0  97   0   0   2|   0     0 |2030k   67k|   0     0 | 307  1278 |02-12 19:03:26
  1   1  98   0   0   0|   0     0 |4584B 4598B|   0     0 |  61   244 |02-12 19:03:27
  0   1 100   0   0   0|   0     0 |6028B 3204B|   0     0 |  42   105 |02-12 19:03:28
  0   0  98   2   0   0|   0    84k|1028B 1140B|   0     0 |  46   109 |02-12 19:03:29
  1   0 100   0   0   0|   0    88k| 570B  536B|   0     0 |  37    77 |02-12 19:03:30
  0   1  99   0   0   0|   0     0 |6262B 3376B|   0     0 |  52   141 |02-12 19:03:31
  0   0 100   0   0   0|   0     0 | 504B  552B|   0     0 |  49   107 |02-12 19:03:32
  0   1 100   0   0   0|   0     0 | 390B  872B|   0     0 |  34    88 |02-12 19:03:33
  1   0  99   0   0   0|   0     0 |9646B 7012B|   0     0 |  26    65 |02-12 19:03:34
  0   0 100   0   0   0|   0  8192B|   0     0 |   0     0 |  23    46 |02-12 19:03:35
  0   0 100   0   0   0|   0     0 | 672B  408B|   0     0 |  41    93 |02-12 19:03:36
  1   1  98   0   0   1|   0     0 |5590B 2898B|   0     0 |  42   155 |02-12 19:03:37
  0   1  99   0   0   0|   0     0 |2155B 2203B|   0     0 |  43   105 |02-12 19:03:38
  8   3  89   0   0   0|   0     0 |2724B 2318B|   0     0 | 208   645 |02-12 19:03:39
  1   0  99   0   0   0|   0     0 |6012B 3602B|   0     0 |  30    78 |02-12 19:03:40
  0   0 100   0   0   0|   0     0 | 234B  364B|   0     0 |  31    80 |02-12 19:03:41
  1   0 100   0   0   0|   0     0 | 840B 3562B|   0     0 |  70   189 |02-12 19:03:42
  0   0 100   0   0   0|   0     0 |5824B 3000B|   0     0 |  32   108 |02-12 19:03:43
  0   0 100   0   0   0|   0     0 | 234B  372B|   0     0 |  32    64 |02-12 19:03:44
  0   0 100   0   0   0|   0  8192B|   0     0 |   0     0 |  26    37 |02-12 19:03:45
  1   0 100   0   0   0|   0     0 |5422B 2788B|   0     0 |  20    68 |02-12 19:03:46
  0   1 100   0   0   0|   0     0 |   0     0 |   0     0 |  30    91 |02-12 19:03:47
  0   0 100   0   0   0|   0     0 |   0     0 |   0     0 |  22    35 |02-12 19:03:48
  1   0  99   0   0   0|   0     0 |5422B 2788B|   0     0 |  27    59 |02-12 19:03:49
  0   0 100   0   0   0|   0     0 |   0     0 |   0     0 |  23    40 |02-12 19:03:50
  0   1 100   0   0   0|   0     0 | 247B  247B|   0     0 |  29    61 |02-12 19:03:51
  2   1  97   0   0   0|   0     0 |8486B 5236B|   0     0 | 123   350 |02-12 19:03:52
  7   6  85   0   0   2|   0     0 |3255k  130k|   0     0 | 470  2074 |02-12 19:03:53
  2   4  93   0   0   2|   0     0 |5342k  180k|   0     0 | 470  2154 |02-12 19:03:54
  3   2  93   0   0   3|   0     0 |4273k  146k|   0     0 | 375  1790 |02-12 19:03:55
  2   3  94   0   0   2|   0     0 |4299k  145k|   0     0 | 370  1593 |02-12 19:03:56
  2   2  93   0   0   3|   0     0 |4295k  144k|   0     0 | 387  1639 |02-12 19:03:57
  2   2  95   0   0   2|   0     0 |4286k  144k|   0     0 | 362  1668 |02-12 19:03:58
  2   3  93   0   0   3|   0     0 |4326k  148k|   0     0 | 406  1726 |02-12 19:03:59
  1   3  92   2   0   2|   0   104k|4373k  147k|   0     0 | 413  1822 |02-12 19:04:00
  1   1  97   0   0   1|   0  4096B|2326k   78k|   0     0 | 199   916 |02-12 19:04:01
  1   1  97   0   0   2|   0     0 |1839k   64k|   0     0 | 191   767 |02-12 19:04:02
  1   2  95   0   0   1|   0     0 |2470k   83k|   0     0 | 214   924 |02-12 19:04:03
  1   3  95   0   0   1|   0     0 |3541k  119k|   0     0 | 325  1431 |02-12 19:04:04
  0   0 100   0   0   0|   0     0 |  18k 3238B|   0     0 |  25    86 |02-12 19:04:05
  2   3  93   0   0   3|   0     0 |3823k  129k|   0     0 | 457  1882 |02-12 19:04:06
  2   2  94   0   0   3|   0     0 |4033k  136k|   0     0 | 404  1878 |02-12 19:04:07
  2   3  93   0   0   2|   0     0 |4282k  146k|   0     0 | 415  1816 |02-12 19:04:08
  3   2  93   0   0   2|   0     0 |4229k  142k|   0     0 | 419  1893 |02-12 19:04:09
  1   2  96   0   0   1|   0     0 |4098k  138k|   0     0 | 401  1815 |02-12 19:04:10
  2   4  92   0   0   2|   0  4096B|4305k  147k|   0     0 | 381  1717 |02-12 19:04:11
  1   3  93   0   0   3|   0     0 |4264k  143k|   0     0 | 390  1708 |02-12 19:04:12
  2   2  94   0   0   2|   0     0 |4255k  143k|   0     0 | 410  1701 |02-12 19:04:13
  2   4  92   0   0   2|   0     0 |4240k  146k|   0     0 | 366  1606 |02-12 19:04:14
  4   3  92   0   0   2|   0     0 |4275k  148k|   0     0 | 359  1676 |02-12 19:04:15
  2   2  96   0   0   1|   0  8192B|4352k  147k|   0     0 | 394  1789 |02-12 19:04:16
  3   2  93   0   0   2|   0     0 |4308k  147k|   0     0 | 357  1636 |02-12 19:04:17
  2   4  93   0   0   2|   0     0 |4308k  145k|   0     0 | 368  1671 |02-12 19:04:18
  2   4  93   0   0   3|   0     0 |4256k  143k|   0     0 | 373  1697 |02-12 19:04:19
  2   4  94   0   0   1|   0     0 |4300k  147k|   0     0 | 428  1724 |02-12 19:04:20
  1   3  95   0   0   1|   0     0 |4290k  144k|   0     0 | 405  1731 |02-12 19:04:21
  3   4  91   0   0   3|   0     0 |4268k  144k|   0     0 | 358  1704 |02-12 19:04:22
  3   4  92   0   0   2|   0     0 |4439k  152k|   0     0 | 345  1631 |02-12 19:04:23
  3   2  93   0   0   3|   0     0 |4294k  144k|   0     0 | 356  1563 |02-12 19:04:24
  2   3  94   0   0   2|   0     0 |4302k  150k|   0     0 | 405  1751 |02-12 19:04:25
  3   3  92   0   0   3|   0  8192B|4278k  146k|   0     0 | 384  1747 |02-12 19:04:26
  2   3  94   0   0   2|   0     0 |4277k  144k|   0     0 | 416  1787 |02-12 19:04:27
  2   3  93   0   0   2|   0     0 |4268k  144k|   0     0 | 370  1649 |02-12 19:04:28
  2   4  92   0   0   3|   0     0 |4313k  148k|   0     0 | 380  1564 |02-12 19:04:29
  2   3  93   1   0   1|   0    52k|4329k  146k|   0     0 | 344  1651 |02-12 19:04:30
  2   3  88   5   0   2|   0   104k|4281k  144k|   0     0 | 396  1653 |02-12 19:04:31
  2   3  93   0   0   2|   0     0 |4269k  146k|   0     0 | 364  1640 |02-12 19:04:32
  2   3  93   0   0   3|   0     0 |4316k  145k|   0     0 | 442  1917 |02-12 19:04:33
  2   3  93   0   0   3|   0     0 |4300k  145k|   0     0 | 411  1721 |02-12 19:04:34
  2   3  93   0   0   2|   0     0 |4261k  146k|   0     0 | 399  1580 |02-12 19:04:35
  2   3  94   0   0   2|   0     0 |4299k  144k|   0     0 | 430  1703 |02-12 19:04:36
  1   2  94   0   0   3|   0     0 |4260k  143k|   0     0 | 453  1700 |02-12 19:04:37
  2   3  92   0   0   3|   0     0 |4252k  145k|   0     0 | 401  1664 |02-12 19:04:38
  1   3  94   0   0   2|   0     0 |4290k  144k|   0     0 | 425  1679 |02-12 19:04:39
  2   3  93   0   0   2|   0     0 |4260k  143k|   0     0 | 423  1698 |02-12 19:04:40
  3   3  94   0   0   1|   0     0 |4331k  149k|   0     0 | 446  1722 |02-12 19:04:41
  1   1  98   0   0   1|   0     0 |1254k   42k|   0     0 | 175   637 |02-12 19:04:42
  1   1  97   0   0   1|   0     0 |1349k   45k|   0     0 | 175   625 |02-12 19:04:43
  1   1  99   0   0   0|   0     0 | 423k   17k|   0     0 |  53   181 |02-12 19:04:44
  2   2  97   0   0   0|   0     0 |3049k  102k|   0     0 | 299  1203 |02-12 19:04:45
  1   2  96   0   0   2|   0     0 |4298k  144k|   0     0 | 451  1792 |02-12 19:04:46
  2   3  93   0   0   2|   0  4096B|4300k  148k|   0     0 | 407  1676 |02-12 19:04:47
  2   2  95   0   0   1|   0     0 |4029k  135k|   0     0 | 414  1549 |02-12 19:04:48
  1   2  94   0   0   3|   0     0 |4234k  142k|   0     0 | 420  1636 |02-12 19:04:49
  1   4  94   0   0   2|   0     0 |4335k  148k|   0     0 | 427  1547 |02-12 19:04:50
  2   3  95   0   0   1|   0     0 |4281k  144k|   0     0 | 455  1686 |02-12 19:04:51
  2   4  92   0   0   2|   0     0 |4216k  142k|   0     0 | 427  1609 |02-12 19:04:52
  2   2  96   0   0   1|   0     0 |2240k   76k|   0     0 | 210   892 |02-12 19:04:53
  1   1  99   0   0   0|   0     0 |4584B 4598B|   0     0 |  51   195 |02-12 19:04:54
  0   0 100   0   0   0|   0     0 |   0     0 |   0     0 |  21    36 |02-12 19:04:55
  0   0 100   0   0   0|   0     0 |5422B 2788B|   0     0 |  23    57 |02-12 19:04:56
  0   1 100   0   0   0|   0     0 |   0     0 |   0     0 |  35    83 |02-12 19:04:57
  0   0 100   0   0   0|   0     0 |   0     0 |   0     0 |  19    31 |02-12 19:04:58
  1   0  99   0   0   0|   0     0 |5422B 2788B|   0     0 |  28    62 |02-12 19:04:59
  0   0 100   0   0   0|   0     0 |   0     0 |   0     0 |  19    27 |02-12 19:05:00
  0   0  98   2   0   0|   0    20k|4224B 4224B|   0     0 |  22    57 |02-12 19:05:01
  1   1  99   0   0   0|   0  8192B|5422B 2788B|   0     0 |  37   106 |02-12 19:05:02
  0   0 100   0   0   0|   0     0 |   0     0 |   0     0 |  20    27 |02-12 19:05:03
  0   0 100   0   0   0|   0     0 |   0     0 |   0     0 |  19    25 |02-12 19:05:04
  1   0  99   0   0   0|   0     0 |5669B 3035B|   0     0 |  31    86 |02-12 19:05:05
  2   1  97   0   0   0|   0     0 |3196B 2448B|   0     0 | 114   307 |02-12 19:05:06
  7   4  89   0   0   0|   0     0 |1568B 1826B|   0     0 | 128   444 |02-12 19:05:07
  1   0 100   0   0   0|   0     0 |5422B 2788B|   0     0 |  21    62 |02-12 19:05:08
  0   0 100   0   0   0|   0     0 |   0     0 |   0     0 |  18    27 |02-12 19:05:09
  0   0 100   0   0   0|   0     0 |   0     0 |   0     0 |  18    29 |02-12 19:05:10
  1   0  99   0   0   0|   0     0 |5422B 2788B|   0     0 |  23    63 |02-12 19:05:11
  0   0 100   0   0   0|   0     0 |   0     0 |   0     0 |  31    67 |02-12 19:05:12
  0   0 100   0   0   0|   0     0 |   0     0 |   0     0 |  19    29 |02-12 19:05:13
  0   0 100   0   0   0|   0     0 |5422B 2788B|   0     0 |  20    58 |02-12 19:05:14
  0   0 100   0   0   0|   0     0 |   0     0 |   0     0 |  19    27 |02-12 19:05:15
  0   0 100   0   0   0|   0     0 |   0     0 |   0     0 |  18    25 |02-12 19:05:16
  1   1  99   0   0   0|   0     0 |5422B 2788B|   0     0 |  40   105 |02-12 19:05:17
  0   0 100   0   0   0|   0     0 |   0     0 |   0     0 |  19    35 |02-12 19:05:18
  1   1  99   0   0   0|   0     0 |1895B 1851B|   0     0 |  36    82 |02-12 19:05:19
  8   3  90   0   0   0|   0     0 |4174B 2320B|   0     0 | 184   511 |02-12 19:05:20
  1   1  97   0   0   1|   0     0 | 797k   43k|   0     0 | 105   437 |02-12 19:05:21
  1   4  94   0   0   2|   0  8192B|3603k  131k|   0     0 | 414  1716 |02-12 19:05:22
  2   3  95   0   0   1|   0     0 |4307k  145k|   0     0 | 450  1727 |02-12 19:05:23
  2   4  93   0   0   1|   0     0 |4274k  146k|   0     0 | 464  1681 |02-12 19:05:24
  3   4  91   0   0   2|   0     0 |4376k  153k|   0     0 | 453  1655 |02-12 19:05:25
  2   3  93   0   0   3|   0     0 |4303k  145k|   0     0 | 470  1724 |02-12 19:05:26
  2   3  94   0   0   1|   0     0 |4378k  150k|   0     0 | 465  1692 |02-12 19:05:27
  2   3  93   0   0   2|   0  4096B|4338k  146k|   0     0 | 475  1761 |02-12 19:05:28
  2   2  93   0   0   3|   0     0 |4294k  144k|   0     0 | 421  1687 |02-12 19:05:29
  2   4  93   0   0   2|   0     0 |4278k  146k|   0     0 | 395  1595 |02-12 19:05:30
  1   2  95   0   0   3|   0     0 |4294k  144k|   0     0 | 439  1624 |02-12 19:05:31
  2   3  91   2   0   3|   0    68k|4286k  144k|   0     0 | 434  1720 |02-12 19:05:32
  2   3  93   0   0   3|   0    52k|4304k  147k|   0     0 | 473  1660 |02-12 19:05:33
  2   3  94   0   0   2|   0     0 |4264k  143k|   0     0 | 483  1689 |02-12 19:05:34
  1   2  94   0   0   3|   0     0 |4259k  142k|   0     0 | 407  1595 |02-12 19:05:35
  2   3  93   0   0   2|   0     0 |4383k  151k|   0     0 | 442  1681 |02-12 19:05:36
  1   4  93   0   0   2|   0     0 |4269k  144k|   0     0 | 460  1769 |02-12 19:05:37
  2   3  95   0   0   1|   0  8192B|4294k  144k|   0     0 | 404  1500 |02-12 19:05:38
  4   4  92   0   0   1|   0     0 |4304k  147k|   0     0 | 427  1575 |02-12 19:05:39
  2   2  95   0   0   2|   0     0 |4363k  149k|   0     0 | 460  1696 |02-12 19:05:40
  2   4  92   0   0   2|   0     0 |4299k  147k|   0     0 | 472  1679 |02-12 19:05:41
  3   4  92   0   0   2|   0     0 |4275k  147k|   0     0 | 457  1697 |02-12 19:05:42
  1   3  94   0   0   2|   0     0 |4272k  143k|   0     0 | 498  1775 |02-12 19:05:43
  2   3  94   0   0   2|   0     0 |4304k  146k|   0     0 | 453  1705 |02-12 19:05:44
  2   3  93   0   0   3|   0     0 |4278k  146k|   0     0 | 449  1714 |02-12 19:05:45
  1   3  94   0   0   2|   0     0 |4281k  144k|   0     0 | 468  1757 |02-12 19:05:46
  1   2  95   0   0   2|   0     0 |4351k  146k|   0     0 | 442  1582 |02-12 19:05:47
  3   3  93   0   0   1|   0     0 |4300k  147k|   0     0 | 457  1630 |02-12 19:05:48
  2   4  93   0   0   2|   0     0 |4364k  147k|   0     0 | 442  1727 |02-12 19:05:49
  1   2  94   0   0   3|   0     0 |4360k  147k|   0     0 | 432  1801 |02-12 19:05:50
  2   4  92   0   0   2|   0     0 |4378k  150k|   0     0 | 433  1721 |02-12 19:05:51
  2   3  93   0   0   3|   0     0 |4251k  143k|   0     0 | 406  1682 |02-12 19:05:52
  1   4  94   0   0   1|   0    16k|4316k  145k|   0     0 | 394  1644 |02-12 19:05:53
  2   3  93   0   0   3|   0     0 |4322k  148k|   0     0 | 370  1596 |02-12 19:05:54
  1   4  93   0   0   3|   0     0 |4281k  144k|   0     0 | 403  1657 |02-12 19:05:55
  2   3  94   0   0   2|   0     0 |4278k  144k|   0     0 | 400  1639 |02-12 19:05:56
  3   4  91   0   0   2|   0     0 |4382k  150k|   0     0 | 361  1560 |02-12 19:05:57
  3   1  95   0   0   1|   0     0 |4308k  145k|   0     0 | 388  1656 |02-12 19:05:58
  1   2  96   0   0   1|   0     0 |4317k  145k|   0     0 | 410  1590 |02-12 19:05:59
  3   3  92   0   0   2|   0     0 |4291k  147k|   0     0 | 404  1608 |02-12 19:06:00
  1   3  92   0   0   3|   0     0 |4255k  143k|   0     0 | 452  1552 |02-12 19:06:01
  2   4  80  13   0   2|   0    40k|4329k  145k|   0     0 | 484  1704 |02-12 19:06:02
  2   3  93   0   0   2|   0     0 |4530k  155k|   0     0 | 442  1595 |02-12 19:06:03
  2   3  93   0   0   2|   0     0 |4316k  145k|   0     0 | 413  1613 |02-12 19:06:04
  2   4  93   0   0   2|   0     0 |4325k  145k|   0     0 | 444  1629 |02-12 19:06:05
  2   3  93   0   0   2|   0     0 |4361k  149k|   0     0 | 410  1613 |02-12 19:06:06
  3   3  92   0   0   2|   0     0 |4303k  145k|   0     0 | 404  1624 |02-12 19:06:07
  3   3  93   0   0   2|   0     0 |4342k  146k|   0     0 | 420  1607 |02-12 19:06:08
  2   3  93   0   0   3|   0     0 |4356k  149k|   0     0 | 405  1690 |02-12 19:06:09
  1   3  94   0   0   3|   0     0 |4329k  146k|   0     0 | 455  1720 |02-12 19:06:10
  2   2  95   0   0   2|   0     0 |4277k  144k|   0     0 | 414  1485 |02-12 19:06:11
  3   3  93   0   0   2|   0     0 |4300k  147k|   0     0 | 429  1581 |02-12 19:06:12
  1   2  95   0   0   2|   0     0 |4443k  149k|   0     0 | 441  1651 |02-12 19:06:13
  2   3  93   0   0   2|   0     0 |4273k  144k|   0     0 | 382  1557 |02-12 19:06:14
  2   3  93   0   0   2|   0     0 |4278k  146k|   0     0 | 397  1587 |02-12 19:06:15
  2   4  92   0   0   2|   0     0 |4325k  145k|   0     0 | 495  1793 |02-12 19:06:16
  2   3  94   0   0   2|   0     0 |4299k  145k|   0     0 | 424  1672 |02-12 19:06:17
  3   3  93   0   0   2|   0     0 |4413k  151k|   0     0 | 428  1664 |02-12 19:06:18
  2   4  93   0   0   2|   0     0 |4294k  144k|   0     0 | 367  1568 |02-12 19:06:19
  2   3  94   0   0   2|   0     0 |4260k  143k|   0     0 | 417  1595 |02-12 19:06:20
  3   9  85   0   0   3|   0     0 |  11M  374k|   0     0 | 516  1622 |02-12 19:06:21
  2   3  94   0   0   2|   0     0 |4477k  153k|   0     0 | 275   822 |02-12 19:06:22
  1   1  99   0   0   0|   0     0 |4584B 4598B|   0     0 |  59   212 |02-12 19:06:23
  1   0  99   0   0   0|   0    12k|5422B 2788B|   0     0 |  28    70 |02-12 19:06:24
  1   1  99   0   0   0|   0     0 |2679B 5566B|   0     0 |  46   115 |02-12 19:06:25
  0   0 100   0   0   0|   0     0 |   0     0 |   0     0 |  19    31 |02-12 19:06:26
  1   0  99   0   0   0|   0     0 |5422B 2788B|   0     0 |  35   103 |02-12 19:06:27
  0   0 100   0   0   0|   0     0 |   0     0 |   0     0 |  21    31 |02-12 19:06:28
  0   0 100   0   0   0|   0     0 |   0     0 |   0     0 |  19    35 |02-12 19:06:29
  1   1  99   0   0   0|   0     0 |9646B 7012B|   0     0 |  23    61 |02-12 19:06:30
  0   0 100   0   0   0|   0     0 |   0     0 |   0     0 |  19    27 |02-12 19:06:31
  0   0 100   0   0   0|   0     0 |   0     0 |   0     0 |  30    66 |02-12 19:06:32
  1   0  97   3   0   0|   0    48k|5422B 2788B|   0     0 |  23    77 |02-12 19:06:33
  0   0 100   0   0   0|   0    52k|  74B   74B|   0     0 |  22    41 |02-12 19:06:34
  1   1  99   0   0   0|   0     0 |1947B 2019B|   0     0 |  38    79 |02-12 19:06:35
  7   4  89   0   0   0|   0     0 |7998B 5186B|   0     0 | 193   549 |02-12 19:06:36
  0   1  99   0   0   0|   0     0 | 360B  234B|   0     0 |  55   245 |02-12 19:06:37
  0   0 100   0   0   0|   0     0 |   0     0 |   0     0 |  21    39 |02-12 19:06:38
  1   1  99   0   0   0|   0     0 |5422B 2788B|   0     0 |  28    79 |02-12 19:06:39
  0   0 100   0   0   0|   0     0 |   0     0 |   0     0 |  21    31 |02-12 19:06:40
  0   0 100   0   0   0|   0     0 |   0     0 |   0     0 |  24    52 |02-12 19:06:41
  1   0  99   0   0   0|   0     0 |5844B 3500B|   0     0 |  40   121 |02-12 19:06:42
  0   0 100   0   0   0|   0     0 |   0     0 |   0     0 |  23    44 |02-12 19:06:43
  0   0 100   0   0   0|   0     0 |   0     0 |   0     0 |  24    50 |02-12 19:06:44
  1   0 100   0   0   0|   0     0 |5168B 2722B|   0     0 |  24    65 |02-12 19:06:45
  0   0 100   0   0   0|   0     0 | 254B   66B|   0     0 |  26    61 |02-12 19:06:46
  0   0 100   0   0   0|   0     0 |   0     0 |   0     0 |  40    87 |02-12 19:06:47
  0   0 100   0   0   0|   0     0 |   0     0 |   0     0 |  21    37 |02-12 19:06:48
  2   0  98   0   0   0|   0     0 |7317B 4639B|   0     0 |  41   117 |02-12 19:06:49
  8   3  90   0   0   0|   0     0 |1792B 2026B|   0     0 | 179   502 |02-12 19:06:50
  1   2  95   0   0   2|   0     0 |2782k  112k|   0     0 | 481  2023 |02-12 19:06:51
  2   3  92   0   0   3|   0     0 |4313k  147k|   0     0 | 462  1954 |02-12 19:06:52
  2   3  94   0   0   2|   0     0 |4320k  144k|   0     0 | 465  1729 |02-12 19:06:53
  1   4  93   0   0   3|   0     0 |4291k  145k|   0     0 | 419  1689 |02-12 19:06:54
  1   3  93   0   0   3|   0    16k|4278k  146k|   0     0 | 429  1617 |02-12 19:06:55
  2   3  93   0   0   2|   0     0 |4316k  145k|   0     0 | 453  1708 |02-12 19:06:56
  1   3  95   0   0   2|   0     0 |4298k  144k|   0     0 | 395  1618 |02-12 19:06:57
  2   3  93   0   0   2|   0     0 |4309k  148k|   0     0 | 476  1689 |02-12 19:06:58
  1   3  94   0   0   2|   0     0 |4251k  143k|   0     0 | 494  1808 |02-12 19:06:59
  1   2  95   0   0   2|   0     0 |4268k  143k|   0     0 | 433  1791 |02-12 19:07:00
  3   4  92   0   0   2|   0     0 |4352k  149k|   0     0 | 498  1685 |02-12 19:07:01
  2   3  92   0   0   4|   0     0 |4282k  144k|   0     0 | 469  1676 |02-12 19:07:02
  2   4  93   0   0   1|   0     0 |4338k  146k|   0     0 | 457  1680 |02-12 19:07:03
  2   3  91   2   0   2|   0    56k|4361k  149k|   0     0 | 456  1700 |02-12 19:07:04
  2   2  95   0   0   2|   0     0 |4351k  146k|   0     0 | 378  1572 |02-12 19:07:05
  2   2  94   0   0   2|   0     0 |4325k  145k|   0     0 | 381  1609 |02-12 19:07:06
  3   5  91   0   0   2|   0     0 |4425k  150k|   0     0 | 467  1730 |02-12 19:07:07
  1   3  93   0   0   3|   0     0 |4317k  145k|   0     0 | 435  1558 |02-12 19:07:08
  3   3  93   0   0   2|   0     0 |4278k  144k|   0     0 | 453  1596 |02-12 19:07:09
  2   3  93   0   0   2|   0  4096B|4329k  152k|   0     0 | 468  1715 |02-12 19:07:10
  2   3  94   0   0   2|   0     0 |4292k  145k|   0     0 | 433  1756 |02-12 19:07:11
  1   4  93   0   0   2|   0     0 |4303k  143k|   0     0 | 452  1734 |02-12 19:07:12
  2   4  91   0   0   3|   0     0 |4269k  147k|   0     0 | 452  1834 |02-12 19:07:13
  3   2  93   0   0   2|   0     0 |4264k  143k|   0     0 | 489  1801 |02-12 19:07:14
  2   2  94   0   0   2|   0     0 |4272k  143k|   0     0 | 377  1785 |02-12 19:07:15
  3   4  92   0   0   3|   0     0 |4274k  147k|   0     0 | 456  1799 |02-12 19:07:16
  1   2  96   0   0   2|   0     0 |4326k  145k|   0     0 | 414  1687 |02-12 19:07:17
  2   3  93   0   0   3|   0     0 |4311k  145k|   0     0 | 433  1681 |02-12 19:07:18
  2   4  94   0   0   1|   0     0 |4291k  147k|   0     0 | 465  1802 |02-12 19:07:19
  2   2  95   0   0   1|   0     0 |4299k  145k|   0     0 | 411  1629 |02-12 19:07:20
  1   3  93   0   0   3|   0     0 |4395k  148k|   0     0 | 393  1825 |02-12 19:07:21
  2   3  92   0   0   3|   0     0 |4447k  151k|   0     0 | 329  1749 |02-12 19:07:22
  2   4  93   0   0   2|   0     0 |4359k  146k|   0     0 | 315  1618 |02-12 19:07:23
  1   2  96   0   0   2|   0     0 |4265k  145k|   0     0 | 428  1599 |02-12 19:07:24
  2   3  92   0   0   4|   0  8192B|4307k  152k|   0     0 | 405  1622 |02-12 19:07:25
  2   4  92   0   0   2|   0     0 |4264k  144k|   0     0 | 422  1673 |02-12 19:07:26
  1   3  95   0   0   2|   0     0 |4394k  147k|   0     0 | 450  1713 |02-12 19:07:27
  2   4  92   0   0   2|   0     0 |4257k  147k|   0     0 | 493  1850 |02-12 19:07:28
  1   2  94   0   0   3|   0     0 |4294k  144k|   0     0 | 454  1600 |02-12 19:07:29
  1   3  94   0   0   3|   0  8192B|4299k  144k|   0     0 | 459  1676 |02-12 19:07:30
  2   3  93   0   0   2|   0     0 |4269k  147k|   0     0 | 423  1728 |02-12 19:07:31
  2   3  94   0   0   2|   0     0 |4343k  146k|   0     0 | 358  1677 |02-12 19:07:32
  2   2  95   0   0   2|   0     0 |4308k  145k|   0     0 | 372  1813 |02-12 19:07:33
  3   3  90   2   0   2|   0    48k|4347k  148k|   0     0 | 338  1673 |02-12 19:07:34
  1   2  95   0   0   2|   0     0 |4299k  144k|   0     0 | 313  1578 |02-12 19:07:35
  2   4  93   0   0   1|   0    64k|4308k  145k|   0     0 | 447  1737 |02-12 19:07:36
  2   2  95   0   0   2|   0     0 |4322k  149k|   0     0 | 367  1771 |02-12 19:07:37
  1   4  93   0   0   3|   0     0 |4276k  143k|   0     0 | 391  1679 |02-12 19:07:38
  2   3  93   0   0   2|   0     0 |4334k  145k|   0     0 | 372  1625 |02-12 19:07:39
  2   3  93   0   0   2|   0     0 |4313k  149k|   0     0 | 365  1620 |02-12 19:07:40
  3   3  92   0   0   3|   0     0 |4377k  146k|   0     0 | 361  1720 |02-12 19:07:41
  1   2  95   0   0   2|   0     0 |4325k  146k|   0     0 | 336  1623 |02-12 19:07:42
  3   3  93   0   0   2|   0     0 |4296k  148k|   0     0 | 398  1659 |02-12 19:07:43
  1   4  94   0   0   2|   0     0 |4343k  146k|   0     0 | 330  1700 |02-12 19:07:44
  2   4  93   0   0   1|   0     0 |4333k  146k|   0     0 | 380  1588 |02-12 19:07:45
  2   2  93   0   0   3|   0     0 |4291k  147k|   0     0 | 359  1689 |02-12 19:07:46
  2   2  94   0   0   3|   0     0 |4394k  147k|   0     0 | 358  1643 |02-12 19:07:47
  1   2  95   0   0   2|   0     0 |4239k  143k|   0     0 | 404  1720 |02-12 19:07:48
  1   3  95   0   0   2|   0     0 |4316k  146k|   0     0 | 332  1647 |02-12 19:07:49
  2   5  92   0   0   2|   0     0 |4295k  145k|   0     0 | 413  1642 |02-12 19:07:50
  0   1  99   0   0   0|   0     0 | 693k   23k|   0     0 |  73   325 |02-12 19:07:51
  1   1  99   0   0   0|   0     0 |  10k 7386B|   0     0 |  43   222 |02-12 19:07:52
  0   1 100   0   0   0|   0     0 |   0     0 |   0     0 |  35    74 |02-12 19:07:53
  0   0 100   0   0   0|   0     0 |   0     0 |   0     0 |  23    45 |02-12 19:07:54
  1   0 100   0   0   0|   0     0 |5422B 2788B|   0     0 |  26    62 |02-12 19:07:55
  0   0 100   0   0   0|   0  8192B|   0     0 |   0     0 |  20    31 |02-12 19:07:56
  0   0 100   0   0   0|   0     0 |   0     0 |   0     0 |  20    37 |02-12 19:07:57
  1   1  99   0   0   0|   0     0 |5422B 2788B|   0     0 |  33   105 |02-12 19:07:58
  0   0 100   0   0   0|   0     0 |4224B 4224B|   0     0 |  20    29 |02-12 19:07:59
  0   0 100   0   0   0|   0     0 |   0     0 |   0     0 |  18    23 |02-12 19:08:00
  1   0  99   0   0   0|   0  8192B|5422B 2788B|   0     0 |  22    78 |02-12 19:08:01
  0   0 100   0   0   0|   0     0 |   0     0 |   0     0 |  20    43 |02-12 19:08:02
  0   1 100   0   0   0|   0     0 |  74B   74B|   0     0 |  28    67 |02-12 19:08:03
  1   1  98   0   0   0|   0     0 |8073B 5315B|   0     0 |  47   160 |02-12 19:08:04
  8   4  88   1   0   0|   0    32k|2286B 1920B|   0     0 | 184   616 |02-12 19:08:05
  0   0 100   0   0   0|   0     0 |   0     0 |   0     0 |  20    50 |02-12 19:08:06
  1   0 100   0   0   0|   0     0 |5422B 2788B|   0     0 |  22    60 |02-12 19:08:07
  0   0 100   0   0   0|   0     0 |   0     0 |   0     0 |  31    80 |02-12 19:08:08
  0   0 100   0   0   0|   0     0 |   0     0 |   0     0 |  18    30 |02-12 19:08:09
  1   0 100   0   0   0|   0     0 |  74B  404B|   0     0 |  21    41 |02-12 19:08:10
  1   0 100   0   0   0|   0     0 |5348B 2384B|   0     0 |  20    52 |02-12 19:08:11
  0   0 100   0   0   0|   0     0 |   0     0 |   0     0 |  23    47 |02-12 19:08:12
  0   1  99   0   0   0|   0     0 | 438B  634B|   0     0 |  48   125 |02-12 19:08:13
  1   1  99   0   0   0|   0     0 |7317B 4639B|   0     0 |  40   118 |02-12 19:08:14
  7   4  90   0   0   0|   0     0 |2362B 2594B|   0     0 | 201   560 |02-12 19:08:15
