[7l----total-cpu-usage---- -dsk/total- -net/total- ---paging-- ---system-- ----system----
usr sys idl wai hiq siq| read  writ| recv  send|  in   out | int   csw |     time     
  2   2  95   1   0   1|  29k  120k|   0     0 |   0     0 | 367  1444 |08-12 17:40:17
  0   0 100   0   0   0|   0     0 |   0     0 |   0     0 |  24    57 |08-12 17:40:18
  0   0 100   0   0   0|   0     0 |5422B 2784B|   0     0 |  22    53 |08-12 17:40:19
  0   0 100   0   0   0|   0    76k|   0     0 |   0     0 |  28    56 |08-12 17:40:20
  1   1  99   0   0   0|   0     0 |   0     0 |   0     0 |  32    75 |08-12 17:40:21
  1   0  99   0   0   0|   0     0 |5422B 2784B|   0     0 |  26    87 |08-12 17:40:22
  2   1  97   0   0   0|   0     0 |3621B 2695B|   0     0 | 134   359 |08-12 17:40:23
  8   4  88   0   0   1|   0     0 |1392k 1350k|   0     0 | 499  1889 |08-12 17:40:24
  2   2  95   0   0   2|   0  8192B|3042k 2912k|   0     0 | 813  3582 |08-12 17:40:25
  2   6  92   0   0   1|   0     0 |3311k 3172k|   0     0 | 973  3717 |08-12 17:40:26
  2   4  92   0   0   2|   0     0 |3201k 3066k|   0     0 |1182  3559 |08-12 17:40:27
  2   3  92   0   0   4|   0     0 |3635k 3480k|   0     0 |1336  4226 |08-12 17:40:28
  2   4  92   0   0   2|   0     0 |4192k 4016k|   0     0 |1109  4762 |08-12 17:40:29
  3   3  91   0   0   3|   0     0 |4273k 4094k|   0     0 |1443  4726 |08-12 17:40:30
  3   3  94   0   0   1|   0     0 |3995k 3825k|   0     0 |1486  4424 |08-12 17:40:31
  2   2  93   0   0   3|   0     0 |4078k 3907k|   0     0 | 990  4463 |08-12 17:40:32
  2   4  92   0   0   3|   0     0 |3936k 3772k|   0     0 |1461  4273 |08-12 17:40:33
  2   3  92   0   0   3|   0     0 |3870k 3706k|   0     0 | 861  4181 |08-12 17:40:34
  2   5  90   0   0   3|   0  4096B|3985k 3814k|   0     0 | 847  4352 |08-12 17:40:35
  2   5  91   0   0   2|   0     0 |4171k 4001k|   0     0 |1088  4649 |08-12 17:40:36
  4   4  89   0   0   3|   0     0 |4261k 4080k|   0     0 |1534  4532 |08-12 17:40:37
  3   4  91   0   0   3|   0     0 |3972k 3802k|   0     0 |1231  4377 |08-12 17:40:38
  2   4  92   0   0   3|   0     0 |3777k 3623k|   0     0 |1432  4176 |08-12 17:40:39
  2   3  92   0   0   3|   0     0 |3441k 3295k|   0     0 |1254  3791 |08-12 17:40:40
  2   4  93   0   0   2|   0     0 |3631k 3475k|   0     0 |1093  4071 |08-12 17:40:41
  3   5  91   0   0   2|   0     0 |4011k 3844k|   0     0 |1211  4280 |08-12 17:40:42
  3   4  92   0   0   2|   0     0 |3223k 3087k|   0     0 |1239  3760 |08-12 17:40:43
  3   2  92   0   0   3|   0     0 |3760k 3602k|   0     0 |1448  4179 |08-12 17:40:44
  3   3  92   0   0   3|   0     0 |3631k 3483k|   0     0 |1322  4045 |08-12 17:40:45
  2   4  91   0   0   4|   0     0 |3787k 3626k|   0     0 |1235  4205 |08-12 17:40:46
  3   6  89   0   0   2|   0     0 |4445k 4259k|   0     0 |1658  4898 |08-12 17:40:47
  2   6  88   0   0   4|   0     0 |4127k 3950k|   0     0 |1496  4553 |08-12 17:40:48
  3   4  91   0   0   3|   0     0 |4198k 4021k|   0     0 |1568  4477 |08-12 17:40:49
  3   4  90   2   0   3|   0    44k|4078k 3912k|   0     0 |1225  4384 |08-12 17:40:50
  1   5  92   0   0   2|   0     0 |4025k 3857k|   0     0 | 779  4462 |08-12 17:40:51
  3   4  91   0   0   2|   0     0 |4362k 4169k|   0     0 |1123  4638 |08-12 17:40:52
  2   5  91   0   0   3|   0     0 |3950k 3793k|   0     0 |1064  4285 |08-12 17:40:53
  2   4  91   0   0   2|   0     0 |4251k 4073k|   0     0 |1499  4686 |08-12 17:40:54
  3   2  92   0   0   3|   0    16k|4322k 4135k|   0     0 |1053  4725 |08-12 17:40:55
  2   3  92   0   0   3|   0     0 |3972k 3810k|   0     0 |1061  4423 |08-12 17:40:56
  2   4  92   0   0   3|   0     0 |4321k 4137k|   0     0 |1505  4710 |08-12 17:40:57
  2   7  90   0   0   1|   0     0 |4176k 4003k|   0     0 | 733  4569 |08-12 17:40:58
  3   3  92   0   0   3|   0     0 |4042k 3869k|   0     0 |1587  4333 |08-12 17:40:59
  3   4  93   0   0   1|   0     0 |4259k 4085k|   0     0 |1012  4557 |08-12 17:41:00
  4   4  89   0   0   4|   0     0 |4110k 3936k|   0     0 |1285  4618 |08-12 17:41:01
  2   4  91   0   0   2|   0     0 |4312k 4120k|   0     0 |1008  4782 |08-12 17:41:02
  3   4  90   0   0   3|   0     0 |4026k 3874k|   0     0 |1654  4652 |08-12 17:41:03
  3   4  90   0   0   3|   0     0 |4159k 3982k|   0     0 | 612  4676 |08-12 17:41:04
  2   3  92   0   0   3|   0     0 |3946k 3781k|   0     0 |1038  4488 |08-12 17:41:05
  3   4  91   0   0   3|   0     0 |4106k 3926k|   0     0 |1533  4543 |08-12 17:41:06
  3   5  90   0   0   2|   0     0 |3987k 3826k|   0     0 | 837  4525 |08-12 17:41:07
  3   3  92   0   0   2|   0     0 |3963k 3789k|   0     0 |1081  4336 |08-12 17:41:08
  3   3  92   0   0   3|   0     0 |4225k 4043k|   0     0 | 678  4745 |08-12 17:41:09
  3   6  91   0   0   2|   0     0 |3858k 3701k|   0     0 |1465  4328 |08-12 17:41:10
  2   5  89   0   0   3|   0     0 |3896k 3736k|   0     0 | 911  4192 |08-12 17:41:11
  2   2  93   0   0   3|   0     0 |3927k 3762k|   0     0 |1201  4306 |08-12 17:41:12
  3   5  90   0   0   3|   0     0 |3977k 3807k|   0     0 |1024  4387 |08-12 17:41:13
  4   5  90   0   0   2|   0     0 |4164k 3989k|   0     0 |1368  4416 |08-12 17:41:14
  2   5  90   0   0   2|   0     0 |4158k 3988k|   0     0 |1548  4508 |08-12 17:41:15
  4   4  90   0   0   2|   0     0 |3999k 3821k|   0     0 |1424  4370 |08-12 17:41:16
  3   2  91   0   0   4|   0     0 |4410k 4234k|   0     0 |1463  4746 |08-12 17:41:17
  3   4  90   0   0   2|   0     0 |3884k 3724k|   0     0 |1336  4397 |08-12 17:41:18
  3   4  90   0   0   3|   0     0 |4167k 3991k|   0     0 |1393  4354 |08-12 17:41:19
  3   4  89   2   0   3|   0    68k|4008k 3836k|   0     0 |1102  4354 |08-12 17:41:20
  3   4  92   0   0   2|   0    76k|4100k 3925k|   0     0 |1297  4656 |08-12 17:41:21
  3   4  90   0   0   3|   0     0 |4243k 4071k|   0     0 | 900  4587 |08-12 17:41:22
  4   3  91   0   0   2|   0     0 |3813k 3653k|   0     0 | 900  4227 |08-12 17:41:23
  2   0  98   0   0   1|   0    16k|1007k  956k|   0     0 | 445  1291 |08-12 17:41:24
  1   0 100   0   0   0|   0     0 |5422B 2784B|   0     0 |  27    67 |08-12 17:41:25
  0   1  99   0   0   0|   0     0 |   0     0 |   0     0 |  33    76 |08-12 17:41:26
  0   0 100   0   0   0|   0     0 |   0     0 |   0     0 |  23    27 |08-12 17:41:27
  1   0 100   0   0   0|   0     0 |5590B 2886B|   0     0 |  33    71 |08-12 17:41:28
  1   0 100   0   0   0|   0     0 | 504B  314B|   0     0 |  37    79 |08-12 17:41:29
  0   0 100   0   0   0|   0     0 | 132B  132B|   0     0 |  23    36 |08-12 17:41:30
  7   4  90   0   0   0|   0     0 |9089B 5721B|   0     0 | 212   553 |08-12 17:41:31
  2   3  95   0   0   0|   0     0 |1980B 2038B|   0     0 | 177   511 |08-12 17:41:32
  1   0  99   0   0   0|   0     0 | 336B  220B|   0     0 |  58   131 |08-12 17:41:33
  0   0 100   0   0   0|   0     0 |   0     0 |   0     0 |  24    29 |08-12 17:41:34
  1   0 100   0   0   0|   0     0 |5422B 2784B|   0     0 |  27    56 |08-12 17:41:35
  1   1  99   0   0   0|   0     0 | 168B  102B|   0     0 |  44    93 |08-12 17:41:36
  0   0 100   0   0   0|   0     0 |   0     0 |   0     0 |  23    31 |08-12 17:41:37
  1   2  98   0   0   0|   0     0 |6012B 3606B|   0     0 |  48   154 |08-12 17:41:38
  1   0  99   0   0   0|   0     0 | 270B  212B|   0     0 |  54   112 |08-12 17:41:39
  0   0 100   0   0   0|   0     0 |  66B    0 |   0     0 |  22    35 |08-12 17:41:40
  5   1  94   0   0   0|   0     0 |6082B 6114B|   0     0 |  53   172 |08-12 17:41:41
  0   0 100   0   0   0|   0     0 |   0     0 |   0     0 |  25    30 |08-12 17:41:42
  0   0 100   0   0   0|   0     0 |   0     0 |   0     0 |  23    37 |08-12 17:41:43
  1   1  98   0   0   0|   0     0 |8865B 5479B|   0     0 | 110   310 |08-12 17:41:44
  9   4  85   0   0   3|   0     0 |2091k 2017k|   0     0 | 736  2727 |08-12 17:41:45
  2   3  93   0   0   3|   0     0 |3095k 2969k|   0     0 | 923  3644 |08-12 17:41:46
  2   4  90   0   0   4|   0     0 |3812k 3649k|   0     0 |1086  4293 |08-12 17:41:47
  2   3  93   0   0   2|   0     0 |3479k 3329k|   0     0 | 939  3882 |08-12 17:41:48
  2   4  92   0   0   2|   0     0 |3648k 3494k|   0     0 | 993  3931 |08-12 17:41:49
  4   3  88   1   0   3|   0    52k|4252k 4075k|   0     0 |1145  4588 |08-12 17:41:50
  3   6  91   0   0   1|   0     0 |3897k 3734k|   0     0 |1080  4254 |08-12 17:41:51
  2   4  93   0   0   2|   0  8192B|4184k 4005k|   0     0 |1101  4582 |08-12 17:41:52
  3   5  89   0   0   3|   0     0 |4212k 4038k|   0     0 |1089  4605 |08-12 17:41:53
  3   3  91   0   0   4|   0     0 |4256k 4078k|   0     0 |1141  4674 |08-12 17:41:54
  3   4  91   0   0   2|   0     0 |4150k 3963k|   0     0 |1114  4578 |08-12 17:41:55
  5   6  87   0   0   3|   0  4096B|3996k 3839k|   0     0 |1099  4495 |08-12 17:41:56
  4   4  91   0   0   2|   0  4096B|4154k 3984k|   0     0 |1014  4494 |08-12 17:41:57
  3   3  92   0   0   3|   0     0 |4110k 3934k|   0     0 |1036  4368 |08-12 17:41:58
  2   3  92   0   0   3|   0     0 |3848k 3677k|   0     0 |1159  4358 |08-12 17:41:59
  2   4  93   0   0   2|   0     0 |3476k 3343k|   0     0 | 929  3960 |08-12 17:42:00
  1   4  92   0   0   2|   0     0 |3179k 3046k|   0     0 | 852  3682 |08-12 17:42:01
  4   3  93   0   0   1|   0  4096B|3897k 3732k|   0     0 |1049  4213 |08-12 17:42:02
  3   4  91   0   0   2|   0     0 |4100k 3929k|   0     0 |1160  4539 |08-12 17:42:03
  3   3  92   0   0   2|   0     0 |3626k 3475k|   0     0 | 952  3955 |08-12 17:42:04
  2   3  93   0   0   2|   0     0 |3441k 3295k|   0     0 | 926  3784 |08-12 17:42:05
  2   3  94   0   0   2|   0     0 |3188k 3051k|   0     0 | 876  3659 |08-12 17:42:06
  3   3  92   0   0   3|   0     0 |4237k 4056k|   0     0 |1081  4595 |08-12 17:42:07
  3   4  91   0   0   3|   0     0 |4327k 4143k|   0     0 |1148  4652 |08-12 17:42:08
  3   4  90   0   0   2|   0     0 |4304k 4132k|   0     0 |1089  4593 |08-12 17:42:09
  2   3  92   0   0   3|   0     0 |4401k 4217k|   0     0 |1155  4751 |08-12 17:42:10
  3   3  91   0   0   3|   0     0 |4035k 3863k|   0     0 |1020  4481 |08-12 17:42:11
  2   5  90   0   0   3|   0     0 |3993k 3819k|   0     0 | 955  4186 |08-12 17:42:12
  2   6  90   0   0   2|   0     0 |4069k 3907k|   0     0 |1003  4310 |08-12 17:42:13
  4   4  88   0   0   3|   0     0 |4352k 4149k|   0     0 |1150  4862 |08-12 17:42:14
  2   2  94   0   0   2|   0     0 |3887k 3738k|   0     0 |1007  4195 |08-12 17:42:15
  3   3  92   0   0   2|   0     0 |3817k 3665k|   0     0 |1031  4279 |08-12 17:42:16
  4   2  91   0   0   2|   0    16k|4229k 4050k|   0     0 |1128  4570 |08-12 17:42:17
  2   4  91   0   0   2|   0     0 |3941k 3776k|   0     0 |1085  4367 |08-12 17:42:18
  2   5  91   0   0   3|   0     0 |4087k 3916k|   0     0 |1009  4332 |08-12 17:42:19
  2   5  90   1   0   3|   0    64k|3897k 3732k|   0     0 |1023  4156 |08-12 17:42:20
  4   4  90   0   0   2|   0     0 |4091k 3920k|   0     0 |1086  4490 |08-12 17:42:21
  2   3  93   0   0   2|   0     0 |4020k 3852k|   0     0 |1083  4222 |08-12 17:42:22
  2   4  91   0   0   3|   0    56k|4026k 3855k|   0     0 |1101  4307 |08-12 17:42:23
  3   3  91   0   0   3|   0     0 |4366k 4175k|   0     0 |1166  4737 |08-12 17:42:24
  2   4  91   0   0   3|   0     0 |4313k 4141k|   0     0 |1175  4738 |08-12 17:42:25
  3   4  88   0   0   4|   0     0 |4172k 3995k|   0     0 |1101  4515 |08-12 17:42:26
  2   6  90   0   0   3|   0     0 |4122k 3950k|   0     0 |1096  4439 |08-12 17:42:27
  2   3  93   0   0   3|   0     0 |3834k 3674k|   0     0 |1044  4162 |08-12 17:42:28
  2   2  93   0   0   3|   0     0 |4039k 3864k|   0     0 |1128  4478 |08-12 17:42:29
  3   4  91   0   0   4|   0     0 |4064k 3897k|   0     0 |1074  4477 |08-12 17:42:30
  2   4  92   0   0   3|   0     0 |3935k 3770k|   0     0 |1098  4442 |08-12 17:42:31
  3   3  91   0   0   3|   0     0 |4285k 4087k|   0     0 |1173  4570 |08-12 17:42:32
  3   6  88   0   0   2|   0    24k|4223k 4062k|   0     0 |1114  4633 |08-12 17:42:33
  3   4  91   0   0   2|   0     0 |4162k 3987k|   0     0 |1047  4490 |08-12 17:42:34
  3   4  92   0   0   2|   0     0 |4371k 4186k|   0     0 |1136  4662 |08-12 17:42:35
  3   4  91   0   0   2|   0     0 |4189k 4014k|   0     0 |1133  4663 |08-12 17:42:36
  3   4  90   0   0   3|   0     0 |4441k 4256k|   0     0 |1198  4711 |08-12 17:42:37
  4   3  91   0   0   3|   0     0 |4048k 3877k|   0     0 |1094  4456 |08-12 17:42:38
  3   4  91   0   0   2|   0     0 |4144k 3971k|   0     0 |1060  4481 |08-12 17:42:39
  2   4  91   0   0   3|   0     0 |3989k 3814k|   0     0 |1066  4323 |08-12 17:42:40
  3   4  91   0   0   2|   0     0 |4269k 4093k|   0     0 |1079  4670 |08-12 17:42:41
  3   5  89   0   0   3|   0     0 |4321k 4137k|   0     0 |1081  4530 |08-12 17:42:42
  4   4  90   0   0   3|   0     0 |4193k 4026k|   0     0 |1096  4511 |08-12 17:42:43
  3   5  90   0   0   2|   0     0 |4092k 3919k|   0     0 |1089  4533 |08-12 17:42:44
  1   1  99   0   0   0|   0     0 | 553k  519k|   0     0 | 176   726 |08-12 17:42:45
  1   2  98   0   0   0|   0  8192B| 624B  638B|   0     0 |  63   346 |08-12 17:42:46
  1   0  99   0   0   0|   0     0 |5422B 2784B|   0     0 |  29    72 |08-12 17:42:47
  0   0 100   0   0   0|   0  8192B|   0     0 |   0     0 |  19    29 |08-12 17:42:48
  1   0 100   0   0   0|   0     0 |   0     0 |   0     0 |  18    28 |08-12 17:42:49
  1   0 100   0   0   0|   0     0 |5422B 2784B|   0     0 |  27    64 |08-12 17:42:50
  0   1  99   0   0   0|   0    40k|   0     0 |   0     0 |  35    77 |08-12 17:42:51
  0   0 100   0   0   0|   0     0 | 132B  132B|   0     0 |  25    46 |08-12 17:42:52
  8   4  88   0   0   0|   0     0 |  10k 7371B|   0     0 | 224   707 |08-12 17:42:53
  0   0 100   0   0   0|   0     0 | 254B   66B|   0     0 |  23    62 |08-12 17:42:54
  0   0 100   0   0   0|   0     0 | 176B  142B|   0     0 |  27    44 |08-12 17:42:55
  0   0 100   0   0   0|   0     0 |   0     0 |   0     0 |  22    33 |08-12 17:42:56
  1   1  99   0   0   0|   0     0 |5422B 2784B|   0     0 |  69   157 |08-12 17:42:57
  5   1  95   0   0   0|   0  8192B| 726B 3330B|   0     0 |  51   125 |08-12 17:42:58
  0   0 100   0   0   0|   0     0 | 352B 2484B|   0     0 |  32    54 |08-12 17:42:59
  1   0  99   0   0   0|   0     0 |5422B 2784B|   0     0 |  31    71 |08-12 17:43:00
  0   0 100   0   0   0|   0     0 |   0     0 |   0     0 |  24    47 |08-12 17:43:01
  0   1  99   0   0   0|   0     0 |   0     0 |   0     0 |  37    78 |08-12 17:43:02
  1   1  99   0   0   0|   0     0 |5422B 2784B|   0     0 |  26    82 |08-12 17:43:03
  0   0 100   0   0   0|   0     0 | 336B  244B|   0     0 |  34    73 |08-12 17:43:04
  1   0 100   0   0   0|   0     0 | 710B  876B|   0     0 |  43   106 |08-12 17:43:05
  8   4  88   0   0   0|   0     0 |  12k   24k|   0     0 | 230   653 |08-12 17:43:06
  2   4  93   0   0   2|   0     0 |2984k 2858k|   0     0 | 846  3441 |08-12 17:43:07
  1   4  94   0   0   1|   0     0 |3502k 3355k|   0     0 |1037  3959 |08-12 17:43:08
  2   5  89   0   0   3|   0     0 |4021k 3850k|   0     0 |1112  4494 |08-12 17:43:09
  6   3  88   0   0   3|   0  4096B|3604k 3454k|   0     0 |1028  3985 |08-12 17:43:10
  3   3  92   0   0   3|   0     0 |4006k 3838k|   0     0 |1086  4511 |08-12 17:43:11
  2   3  93   0   0   2|   0     0 |4044k 3868k|   0     0 |1044  4261 |08-12 17:43:12
  3   3  92   0   0   2|   0     0 |4034k 3866k|   0     0 |1051  4310 |08-12 17:43:13
  3   5  90   0   0   2|   0     0 |3983k 3815k|   0     0 |1083  4368 |08-12 17:43:14
  2   3  92   0   0   3|   0     0 |3968k 3800k|   0     0 |1029  4261 |08-12 17:43:15
  2   3  93   0   0   2|   0     0 |3759k 3602k|   0     0 |1036  4128 |08-12 17:43:16
  3   4  91   0   0   2|   0     0 |4295k 4115k|   0     0 |1167  4752 |08-12 17:43:17
  2   3  93   0   0   2|   0     0 |4105k 3932k|   0     0 |1092  4451 |08-12 17:43:18
  2   3  94   0   0   2|   0  8192B|3875k 3721k|   0     0 |1014  4007 |08-12 17:43:19
  2   4  92   0   0   2|   0     0 |4033k 3865k|   0     0 | 994  4320 |08-12 17:43:20
  3   4  91   0   0   2|   0     0 |3676k 3520k|   0     0 | 932  4075 |08-12 17:43:21
  2   4  84   9   0   2|   0    80k|3826k 3666k|   0     0 |1000  4066 |08-12 17:43:22
  2   3  93   0   0   3|   0     0 |3573k 3415k|   0     0 | 999  3926 |08-12 17:43:23
  1   3  94   0   0   2|   0    64k|3357k 3223k|   0     0 | 947  3697 |08-12 17:43:24
  1   2  94   0   0   3|   0     0 |3772k 3615k|   0     0 |1097  4155 |08-12 17:43:25
  2   3  93   0   0   2|   0     0 |3321k 3174k|   0     0 | 913  3643 |08-12 17:43:26
  3   5  91   0   0   2|   0     0 |3309k 3176k|   0     0 | 935  3644 |08-12 17:43:27
  3   3  94   0   0   1|   0     0 |3471k 3326k|   0     0 | 994  3862 |08-12 17:43:28
  2   4  92   0   0   2|   0  8192B|4198k 4022k|   0     0 |1159  4641 |08-12 17:43:29
  2   4  92   0   0   3|   0     0 |4154k 3978k|   0     0 |1125  4535 |08-12 17:43:30
  2   4  92   0   0   2|   0     0 |3923k 3759k|   0     0 |1108  4345 |08-12 17:43:31
  2   7  90   0   0   1|   0     0 |4414k 4230k|   0     0 |1217  4882 |08-12 17:43:32
  2   3  93   0   0   2|   0     0 |3977k 3808k|   0     0 |1077  4301 |08-12 17:43:33
  4   3  90   0   0   3|   0     0 |4220k 4039k|   0     0 |1086  4447 |08-12 17:43:34
  2   3  92   0   0   3|   0     0 |4162k 3993k|   0     0 |1111  4431 |08-12 17:43:35
  3   4  90   0   0   3|   0     0 |3928k 3762k|   0     0 |1033  4266 |08-12 17:43:36
  3   5  90   0   0   3|   0     0 |4215k 4035k|   0     0 |1092  4417 |08-12 17:43:37
  1   4  94   0   0   2|   0     0 |4401k 4217k|   0     0 |1166  4745 |08-12 17:43:38
  2   4  92   0   0   2|   0    16k|4084k 3915k|   0     0 |1119  4378 |08-12 17:43:39
  3   4  89   0   0   3|   0     0 |4445k 4260k|   0     0 |1157  4792 |08-12 17:43:40
  2   4  93   0   0   2|   0     0 |4224k 4048k|   0     0 |1113  4504 |08-12 17:43:41
  3   4  91   0   0   2|   0     0 |4304k 4122k|   0     0 |1181  4632 |08-12 17:43:42
  3   5  89   0   0   3|   0     0 |4180k 4005k|   0     0 |1139  4427 |08-12 17:43:43
  3   3  91   0   0   3|   0    24k|4122k 3946k|   0     0 |1120  4568 |08-12 17:43:44
  3   4  90   0   0   3|   0     0 |4083k 3914k|   0     0 |1122  4486 |08-12 17:43:45
  1   4  94   0   0   1|   0     0 |3755k 3598k|   0     0 |1015  4132 |08-12 17:43:46
  2   4  92   0   0   2|   0     0 |4193k 4014k|   0     0 |1124  4568 |08-12 17:43:47
  3   3  91   0   0   3|   0     0 |4198k 4025k|   0     0 |1161  4607 |08-12 17:43:48
  2   3  93   0   0   3|   0     0 |4065k 3891k|   0     0 |1104  4446 |08-12 17:43:49
  2   3  92   0   0   3|   0     0 |3914k 3750k|   0     0 | 960  4200 |08-12 17:43:50
  2   3  94   0   0   1|   0     0 |4043k 3875k|   0     0 |1097  4444 |08-12 17:43:51
  2   4  91   1   0   3|   0    44k|4205k 4028k|   0     0 |1071  4561 |08-12 17:43:52
  3   4  91   0   0   2|   0     0 |4626k 4419k|   0     0 |1188  5021 |08-12 17:43:53
  3   4  91   0   0   3|   0     0 |4136k 3968k|   0     0 |1055  4405 |08-12 17:43:54
  1   3  94   0   0   2|   0     0 |4179k 4004k|   0     0 |1130  4642 |08-12 17:43:55
  2   3  92   0   0   3|   0     0 |3923k 3762k|   0     0 |1054  4258 |08-12 17:43:56
  2   5  90   0   0   3|   0     0 |4314k 4131k|   0     0 |1125  4708 |08-12 17:43:57
  3   3  93   0   0   2|   0     0 |4087k 3912k|   0     0 | 994  4325 |08-12 17:43:58
  2   3  94   0   0   2|   0     0 |4166k 3992k|   0     0 |1086  4539 |08-12 17:43:59
  4   3  92   0   0   2|   0  4096B|4119k 3949k|   0     0 |1096  4459 |08-12 17:44:00
  2   3  94   0   0   2|   0     0 |3936k 3763k|   0     0 |1016  4343 |08-12 17:44:01
  3   4  90   0   0   2|   0     0 |4144k 3975k|   0     0 |1096  4591 |08-12 17:44:02
  2   4  93   0   0   2|   0     0 |3955k 3791k|   0     0 |1036  4369 |08-12 17:44:03
  3   3  91   0   0   4|   0     0 |4184k 4010k|   0     0 |1067  4542 |08-12 17:44:04
  2   6  89   0   0   3|   0     0 |4184k 4005k|   0     0 |1115  4555 |08-12 17:44:05
  2   3  93   0   0   2|   0     0 |3109k 2973k|   0     0 | 886  3481 |08-12 17:44:06
  1   0  99   0   0   0|   0  8192B| 492B  506B|   0     0 |  63   225 |08-12 17:44:07
  0   0 100   0   0   0|   0     0 |   0     0 |   0     0 |  21    39 |08-12 17:44:08
  1   0  99   0   0   0|   0     0 |5422B 2784B|   0     0 |  25    74 |08-12 17:44:09
  1   0 100   0   0   0|   0     0 |   0     0 |   0     0 |  23    37 |08-12 17:44:10
  0   0 100   0   0   0|   0     0 |   0     0 |   0     0 |  21    39 |08-12 17:44:11
  1   1  99   0   0   0|   0     0 |5422B 2784B|   0     0 |  40   114 |08-12 17:44:12
  0   0 100   0   0   0|   0     0 | 264B  264B|   0     0 |  22    59 |08-12 17:44:13
  7   6  87   0   0   0|   0     0 |7689B   10k|   0     0 | 226   792 |08-12 17:44:14
  0   1 100   0   0   0|   0  8192B|5028B 1072B|   0     0 |  30    66 |08-12 17:44:15
  1   0 100   0   0   0|   0     0 | 394B 1712B|   0     0 |  23    65 |08-12 17:44:16
  0   0  99   0   0   0|   0     0 |   0     0 |   0     0 |  38    76 |08-12 17:44:17
  0   0 100   0   0   0|   0     0 | 102B  192B|   0     0 |  23    49 |08-12 17:44:18
  1   0 100   0   0   0|   0     0 |5422B 2784B|   0     0 |  30    71 |08-12 17:44:19
  0   0 100   0   0   0|   0     0 | 270B  204B|   0     0 |  35    68 |08-12 17:44:20
  1   0 100   0   0   0|   0     0 | 242B  142B|   0     0 |  29    57 |08-12 17:44:21
  1   1  99   0   0   0|   0     0 |5422B 2784B|   0     0 |  43   111 |08-12 17:44:22
  4   1  94   2   0   0|   0    52k| 660B 3228B|   0     0 |  52   163 |08-12 17:44:23
  0   0 100   0   0   0|   0     0 | 352B 2484B|   0     0 |  37    71 |08-12 17:44:24
  1   0  99   0   0   0|   0    36k|5422B 2784B|   0     0 |  28    72 |08-12 17:44:25
  0   1  99   0   0   0|   0     0 |1147B 2361B|   0     0 |  65   157 |08-12 17:44:26
  8   5  87   0   0   1|   0     0 | 813k  294k|   0     0 | 250   955 |08-12 17:44:27
  1   3  94   0   0   3|   0     0 |8048k 2708k|   0     0 | 651  3267 |08-12 17:44:28
  3   3  92   0   0   2|   0     0 |8094k 2723k|   0     0 | 875  3288 |08-12 17:44:29
  4   4  89   0   0   3|   0  4096B|8893k 2990k|   0     0 | 685  3547 |08-12 17:44:30
  2   3  92   0   0   3|   0  8192B|8197k 2767k|   0     0 | 467  3354 |08-12 17:44:31
  1   3  92   0   0   4|   0     0 |  10M 3511k|   0     0 |1091  4068 |08-12 17:44:32
  2   3  93   0   0   2|   0     0 |  10M 3379k|   0     0 | 910  3938 |08-12 17:44:33
  4   5  89   0   0   3|   0     0 |  10M 3492k|   0     0 | 968  4027 |08-12 17:44:34
  4   3  89   0   0   4|   0     0 |  10M 3434k|   0     0 |1151  3924 |08-12 17:44:35
  2   4  91   0   0   3|   0     0 |9721k 3275k|   0     0 | 941  3855 |08-12 17:44:36
  4   3  90   0   0   4|   0     0 |9421k 3173k|   0     0 | 907  3795 |08-12 17:44:37
  2   4  90   0   0   4|   0     0 |  10M 3506k|   0     0 |1265  4012 |08-12 17:44:38
  4   4  91   0   0   2|   0     0 |  11M 3670k|   0     0 | 886  4135 |08-12 17:44:39
  2   2  93   0   0   4|   0     0 |9919k 3343k|   0     0 |1080  3924 |08-12 17:44:40
  2   3  91   0   0   3|   0  4096B|9427k 3175k|   0     0 |1294  3771 |08-12 17:44:41
  2   3  92   0   0   4|   0     0 |  10M 3488k|   0     0 | 875  4034 |08-12 17:44:42
  3   2  92   0   0   4|   0     0 |9841k 3319k|   0     0 |1277  3764 |08-12 17:44:43
  3   3  91   0   0   3|   0     0 |  11M 3637k|   0     0 |1077  4159 |08-12 17:44:44
  2   4  92   0   0   2|   0     0 |  11M 3726k|   0     0 |1017  4318 |08-12 17:44:45
  3   3  92   0   0   2|   0  4096B|  10M 3450k|   0     0 |1229  4208 |08-12 17:44:46
  3   3  91   0   0   3|   0     0 |  11M 3705k|   0     0 | 863  4283 |08-12 17:44:47
  2   3  92   0   0   4|   0     0 |  11M 3664k|   0     0 |1216  4315 |08-12 17:44:48
  1   3  95   0   0   2|   0     0 |9913k 3335k|   0     0 | 932  3807 |08-12 17:44:49
  2   3  94   0   0   2|   0     0 |9084k 3060k|   0     0 |1084  3472 |08-12 17:44:50
  2   4  92   0   0   3|   0     0 |  10M 3455k|   0     0 |1457  4029 |08-12 17:44:51
  3   3  92   0   0   2|   0     0 |  10M 3570k|   0     0 |1017  4060 |08-12 17:44:52
  2   4  91   0   0   3|   0     0 |  11M 3663k|   0     0 |1433  4252 |08-12 17:44:53
  2   4  91   1   0   3|   0    68k|  11M 3784k|   0     0 |1039  4366 |08-12 17:44:54
  3   3  91   0   0   3|   0     0 |  11M 3671k|   0     0 |1502  4272 |08-12 17:44:55
  2   4  91   0   0   4|   0     0 |  10M 3423k|   0     0 |1469  4044 |08-12 17:44:56
  3   3  93   0   0   2|   0     0 |  11M 3688k|   0     0 |1164  4317 |08-12 17:44:57
  2   4  90   0   0   4|   0     0 |  10M 3573k|   0     0 |1302  4017 |08-12 17:44:58
  3   2  91   0   0   4|   0     0 |  10M 3534k|   0     0 |1039  4192 |08-12 17:44:59
  3   4  90   0   0   4|   0     0 |  10M 3588k|   0     0 |1457  4152 |08-12 17:45:00
  2   3  93   0   0   2|   0    16k|  10M 3402k|   0     0 |1187  4016 |08-12 17:45:01
  2   5  91   0   0   2|   0     0 |  11M 3865k|   0     0 |1396  4557 |08-12 17:45:02
  3   2  91   0   0   5|   0     0 |  10M 3492k|   0     0 |1438  4048 |08-12 17:45:03
  3   3  92   0   0   2|   0     0 |  10M 3539k|   0     0 | 711  4142 |08-12 17:45:04
  3   3  91   0   0   3|   0     0 |  10M 3587k|   0     0 |1267  4245 |08-12 17:45:05
  2   5  91   0   0   2|   0  8192B|  10M 3533k|   0     0 |1158  4160 |08-12 17:45:06
  2   3  94   0   0   2|   0     0 |  11M 3627k|   0     0 |1150  4169 |08-12 17:45:07
  2   5  89   0   0   3|   0     0 |  11M 3897k|   0     0 |1571  4576 |08-12 17:45:08
  3   2  92   0   0   3|   0     0 |  11M 3645k|   0     0 |1242  4139 |08-12 17:45:09
  5   4  88   0   0   3|   0     0 |  10M 3592k|   0     0 |1056  4133 |08-12 17:45:10
  2   6  90   0   0   2|   0    24k|  10M 3599k|   0     0 |1375  4273 |08-12 17:45:11
  2   4  89   0   0   6|   0     0 |  11M 3848k|   0     0 |1462  4456 |08-12 17:45:12
  5   4  90   0   0   2|   0     0 |  10M 3577k|   0     0 |1278  4115 |08-12 17:45:13
  3   5  89   0   0   4|   0     0 |  11M 3660k|   0     0 |1258  4352 |08-12 17:45:14
  3   4  92   0   0   2|   0     0 |  10M 3588k|   0     0 | 968  4146 |08-12 17:45:15
  4   3  91   0   0   3|   0     0 |  10M 3415k|   0     0 | 581  3979 |08-12 17:45:16
  2   5  90   0   0   4|   0     0 |  12M 4000k|   0     0 | 790  4719 |08-12 17:45:17
  3   4  89   0   0   3|   0     0 |  10M 3519k|   0     0 |1231  4105 |08-12 17:45:18
  4   3  91   0   0   2|   0     0 |  10M 3498k|   0     0 | 555  4041 |08-12 17:45:19
  3   4  91   0   0   3|   0     0 |  10M 3613k|   0     0 |1112  4229 |08-12 17:45:20
  3   3  91   0   0   4|   0     0 |  10M 3621k|   0     0 |1198  4280 |08-12 17:45:21
  3   7  86   0   0   3|   0     0 |  10M 3604k|   0     0 | 990  4227 |08-12 17:45:22
  7   4  87   0   0   3|   0     0 |  10M 3510k|   0     0 | 887  4167 |08-12 17:45:23
  4   3  89   1   0   4|   0    60k|  11M 3682k|   0     0 | 936  4380 |08-12 17:45:24
  4   3  91   0   0   4|   0     0 |  10M 3424k|   0     0 | 934  4072 |08-12 17:45:25
  2   5  91   0   0   3|   0     0 |  10M 3425k|   0     0 |1304  3968 |08-12 17:45:26
  2   4  92   0   0   3|   0    64k|6404k 2151k|   0     0 | 901  2762 |08-12 17:45:27
  0   0  99   0   0   0|   0     0 |5534B 3342B|   0     0 |  35   120 |08-12 17:45:28
  4   1  95   0   0   0|   0     0 |1090B 3436B|   0     0 |  53   139 |08-12 17:45:29
  0   0 100   0   0   0|   0     0 | 352B 2492B|   0     0 |  30    58 |08-12 17:45:30
  0   0 100   0   0   0|   0     0 |   0     0 |   0     0 |  23    32 |08-12 17:45:31
  1   0  99   0   0   0|   0     0 |5422B 2784B|   0     0 |  44   117 |08-12 17:45:32
  0   0 100   0   0   0|   0     0 |   0     0 |   0     0 |  23    45 |08-12 17:45:33
  1   0  99   0   0   0|   0     0 | 511B  511B|   0     0 |  32    62 |08-12 17:45:34
  9   4  87   0   0   0|   0     0 |  10k 7058B|   0     0 | 199   688 |08-12 17:45:35
  1   0 100   0   0   0|   0     0 | 336B  244B|   0     0 |  31    61 |08-12 17:45:36
  1   0  99   0   0   0|   0    12k| 366B  624B|   0     0 |  44   128 |08-12 17:45:37
  1   1  99   0   0   0|   0     0 |5422B 2784B|   0     0 |  22    70 |08-12 17:45:38
  0   0 100   0   0   0|   0     0 |   0     0 |   0     0 |  21    31 |08-12 17:45:39
  0   0 100   0   0   0|   0     0 |   0     0 |   0     0 |  24    32 |08-12 17:45:40
  1   0  99   0   0   0|   0     0 |5844B 3496B|   0     0 |  23    72 |08-12 17:45:41
  1   1  99   0   0   0|   0     0 |   0     0 |   0     0 |  33    82 |08-12 17:45:42
  0   0 100   0   0   0|   0     0 |   0     0 |   0     0 |  24    47 |08-12 17:45:43
  1   0 100   0   0   0|   0     0 |5422B 2784B|   0     0 |  23    63 |08-12 17:45:44
  0   0 100   0   0   0|   0     0 |   0     0 |   0     0 |  25    59 |08-12 17:45:45
  0   0 100   0   0   0|   0     0 |   0     0 |   0     0 |  25    75 |08-12 17:45:46
  2   1  98   0   0   0|   0     0 |7465B 4635B|   0     0 |  53   154 |08-12 17:45:47
  8   3  89   0   0   0|   0     0 |1809k  629k|   0     0 | 382  1334 |08-12 17:45:48
  2   3  94   0   0   2|   0     0 |8259k 2780k|   0     0 | 815  3359 |08-12 17:45:49
  2   3  92   0   0   4|   0     0 |9494k 3195k|   0     0 | 923  3747 |08-12 17:45:50
  3   4  90   0   0   3|   0     0 |9964k 3358k|   0     0 | 990  3955 |08-12 17:45:51
  2   3  93   0   0   2|   0     0 |  10M 3366k|   0     0 | 943  4018 |08-12 17:45:52
  3   4  90   0   0   3|   0     0 |  11M 3643k|   0     0 |1021  4219 |08-12 17:45:53
  3   4  91   0   0   2|   0     0 |  10M 3602k|   0     0 |1060  4213 |08-12 17:45:54
  3   4  90   2   0   2|   0    68k|  11M 3891k|   0     0 |1078  4523 |08-12 17:45:55
  2   2  94   0   0   2|   0     0 |  10M 3423k|   0     0 | 939  3917 |08-12 17:45:56
  2   5  91   0   0   3|   0     0 |9145k 3082k|   0     0 | 874  3732 |08-12 17:45:57
  2   4  93   0   0   2|   0  4096B|8121k 2733k|   0     0 | 770  3249 |08-12 17:45:58
  3   2  93   0   0   2|   0     0 |9638k 3248k|   0     0 | 907  3874 |08-12 17:45:59
  2   2  94   0   0   2|   0     0 |8941k 3013k|   0     0 | 846  3650 |08-12 17:46:00
  1   2  95   0   0   2|   0     0 |8837k 2978k|   0     0 | 924  3570 |08-12 17:46:01
  3   4  91   0   0   3|   0     0 |  10M 3411k|   0     0 | 939  3982 |08-12 17:46:02
  2   4  92   0   0   3|   0     0 |  10M 3428k|   0     0 |1015  4089 |08-12 17:46:03
  2   5  91   0   0   2|   0     0 |  11M 3771k|   0     0 |1116  4395 |08-12 17:46:04
  3   4  90   0   0   3|   0     0 |  11M 3691k|   0     0 |1063  4270 |08-12 17:46:05
  3   4  91   0   0   3|   0     0 |  11M 3718k|   0     0 |1124  4398 |08-12 17:46:06
  2   5  92   0   0   2|   0     0 |  10M 3572k|   0     0 |1053  4216 |08-12 17:46:07
  4   4  90   0   0   3|   0    36k|  11M 3882k|   0     0 |1090  4437 |08-12 17:46:08
  3   4  91   0   0   3|   0     0 |  10M 3572k|   0     0 | 989  4171 |08-12 17:46:09
  2   4  91   0   0   3|   0     0 |9746k 3290k|   0     0 | 962  3945 |08-12 17:46:10
  3   4  92   0   0   2|   0     0 |  10M 3539k|   0     0 |1052  4154 |08-12 17:46:11
  3   3  91   0   0   3|   0     0 |  11M 3662k|   0     0 |1028  4177 |08-12 17:46:12
  2   3  92   0   0   3|   0     0 |  10M 3450k|   0     0 | 951  3869 |08-12 17:46:13
  5   4  90   0   0   2|   0     0 |  11M 3706k|   0     0 |1124  4329 |08-12 17:46:14
  2   3  93   0   0   2|   0     0 |  11M 3680k|   0     0 |1039  4230 |08-12 17:46:15
  3   2  92   0   0   3|   0     0 |  10M 3387k|   0     0 |1010  4050 |08-12 17:46:16
  3   4  91   0   0   2|   0     0 |  11M 3705k|   0     0 |1071  4334 |08-12 17:46:17
  3   3  92   0   0   2|   0    16k|  10M 3523k|   0     0 |1009  4090 |08-12 17:46:18
  3   5  90   0   0   3|   0     0 |  11M 3674k|   0     0 |1016  4215 |08-12 17:46:19
  2   4  91   0   0   3|   0     0 |  10M 3592k|   0     0 |1007  4126 |08-12 17:46:20
  2   3  92   0   0   3|   0     0 |  11M 3630k|   0     0 |1056  4277 |08-12 17:46:21
  2   5  90   0   0   3|   0     0 |  11M 3629k|   0     0 |1045  4247 |08-12 17:46:22
  3   3  91   0   0   3|   0     0 |  11M 3753k|   0     0 |1071  4459 |08-12 17:46:23
  2   4  91   0   0   3|   0     0 |  11M 3744k|   0     0 |1042  4368 |08-12 17:46:24
  2   4  90   1   0   2|   0    56k|  11M 3772k|   0     0 |1042  4363 |08-12 17:46:25
  3   3  92   0   0   2|   0     0 |9717k 3266k|   0     0 | 866  3772 |08-12 17:46:26
  2   3  92   0   0   3|   0     0 |9900k 3341k|   0     0 | 899  3858 |08-12 17:46:27
  2   4  91   0   0   4|   0    56k|  10M 3481k|   0     0 | 969  4047 |08-12 17:46:28
  3   3  91   0   0   3|   0     0 |  10M 3510k|   0     0 | 997  4073 |08-12 17:46:29
  2   3  92   0   0   3|   0     0 |  10M 3435k|   0     0 | 982  3987 |08-12 17:46:30
  2   4  92   0   0   2|   0     0 |  10M 3465k|   0     0 | 965  4044 |08-12 17:46:31
  2   4  91   0   0   3|   0     0 |  10M 3542k|   0     0 |1020  4100 |08-12 17:46:32
  2   2  94   0   0   2|   0     0 |  11M 3652k|   0     0 |1123  4313 |08-12 17:46:33
  2   4  91   0   0   3|   0     0 |  10M 3509k|   0     0 |1041  4065 |08-12 17:46:34
  2   3  93   0   0   2|   0     0 |9739k 3291k|   0     0 | 929  3835 |08-12 17:46:35
  2   2  94   0   0   3|   0     0 |  10M 3521k|   0     0 | 961  4108 |08-12 17:46:36
  2   4  90   0   0   4|   0     0 |  10M 3568k|   0     0 | 983  4111 |08-12 17:46:37
  3   3  93   0   0   2|   0     0 |  10M 3589k|   0     0 | 995  4099 |08-12 17:46:38
  3   5  90   0   0   3|   0  8192B|  11M 3893k|   0     0 |1139  4618 |08-12 17:46:39
  1   4  92   0   0   3|   0     0 |  11M 3727k|   0     0 |1100  4325 |08-12 17:46:40
  2   3  92   0   0   3|   0     0 |  10M 3501k|   0     0 |1035  4063 |08-12 17:46:41
  3   4  91   0   0   3|   0     0 |  11M 3800k|   0     0 |1112  4351 |08-12 17:46:42
  2   5  90   0   0   3|   0     0 |  10M 3455k|   0     0 |1004  3984 |08-12 17:46:43
  2   3  92   0   0   3|   0     0 |  11M 3699k|   0     0 |1068  4310 |08-12 17:46:44
  3   5  91   0   0   1|   0     0 |  11M 3671k|   0     0 |1106  4282 |08-12 17:46:45
  2   4  90   0   0   3|   0     0 |  10M 3378k|   0     0 | 980  3963 |08-12 17:46:46
  2   2  94   0   0   3|   0     0 |  11M 3735k|   0     0 |1075  4366 |08-12 17:46:47
  2   2  95   0   0   1|   0    16k|5065k 1704k|   0     0 | 529  2154 |08-12 17:46:48
  0   0 100   0   0   0|   0     0 |   0     0 |   0     0 |  21    41 |08-12 17:46:49
  0   0 100   0   0   0|   0     0 |   0     0 |   0     0 |  24    28 |08-12 17:46:50
  1   0  99   0   0   0|   0     0 |5422B 2784B|   0     0 |  20    57 |08-12 17:46:51
  0   0 100   0   0   0|   0     0 |   0     0 |   0     0 |  18    25 |08-12 17:46:52
  0   1  99   0   0   0|   0     0 |   0     0 |   0     0 |  32    84 |08-12 17:46:53
  0   0  99   0   0   0|   0     0 |5554B 2916B|   0     0 |  26    82 |08-12 17:46:54
  1   0  99   0   0   0|   0     0 |2175B 1983B|   0     0 |  36    75 |08-12 17:46:55
  8   4  87   1   0   0|   0    36k|2968B 2670B|   0     0 | 218   707 |08-12 17:46:56
  0   0 100   0   0   0|   0     0 |5422B 2784B|   0     0 |  28    76 |08-12 17:46:57
  1   1  99   0   0   0|   0     0 |   0     0 |   0     0 |  37    78 |08-12 17:46:58
  0   0 100   0   0   0|   0     0 |   0     0 |   0     0 |  22    36 |08-12 17:46:59
  1   0 100   0   0   0|   0     0 |5422B 2784B|   0     0 |  28    63 |08-12 17:47:00
  0   0 100   0   0   0|   0     0 |   0     0 |   0     0 |  23    45 |08-12 17:47:01
  0   0 100   0   0   0|   0     0 |   0     0 |   0     0 |  25    51 |08-12 17:47:02
  1   1  98   0   0   0|   0     0 |5422B 2784B|   0     0 |  41   115 |08-12 17:47:03
  0   0 100   0   0   0|   0     0 |   0     0 |   0     0 |  25    44 |08-12 17:47:04
  0   0 100   0   0   0|   0     0 |   0     0 |   0     0 |  24    50 |08-12 17:47:05
  1   0  99   0   0   0|   0     0 |5422B 2784B|   0     0 |  30    67 |08-12 17:47:06
  0   0 100   0   0   0|   0     0 |   0     0 |   0     0 |  23    41 |08-12 17:47:07
  4   3  93   0   0   0|   0     0 |3621B 2761B|   0     0 | 134   392 |08-12 17:47:08
  6   2  91   0   0   2|   0     0 |3477k 1186k|   0     0 | 285  1758 |08-12 17:47:09
  2   4  93   0   0   2|   0     0 |8197k 2762k|   0     0 | 933  3468 |08-12 17:47:10
  2   4  90   0   0   3|   0     0 |9591k 3230k|   0     0 |1057  3834 |08-12 17:47:11
  3   2  92   0   0   4|   0     0 |9146k 3076k|   0     0 |1090  3618 |08-12 17:47:12
  1   3  94   0   0   2|   0     0 |9200k 3091k|   0     0 |1019  3668 |08-12 17:47:13
  2   4  90   0   0   4|   0  4096B|  10M 3418k|   0     0 |1012  4107 |08-12 17:47:14
  4   4  90   0   0   3|   0     0 |  10M 3549k|   0     0 |1418  4233 |08-12 17:47:15
  2   4  92   0   0   2|   0     0 |  10M 3551k|   0     0 |1355  4183 |08-12 17:47:16
  3   4  91   0   0   3|   0     0 |  10M 3569k|   0     0 | 954  4243 |08-12 17:47:17
  7   3  87   0   0   4|   0     0 |8933k 3011k|   0     0 | 817  3574 |08-12 17:47:18
  2   3  93   0   0   3|   0  8192B|8299k 2792k|   0     0 | 865  3387 |08-12 17:47:19
  2   3  93   0   0   3|   0     0 |9094k 3065k|   0     0 |1046  3616 |08-12 17:47:20
  2   4  92   0   0   3|   0     0 |9892k 3333k|   0     0 |1143  3994 |08-12 17:47:21
  2   2  93   0   0   3|   0     0 |  10M 3428k|   0     0 |1354  4030 |08-12 17:47:22
  2   6  90   0   0   3|   0     0 |9670k 3263k|   0     0 |1263  3941 |08-12 17:47:23
  3   4  91   0   0   3|   0     0 |  11M 3678k|   0     0 |1353  4316 |08-12 17:47:24
  1   2  93   0   0   4|   0     0 |  11M 3699k|   0     0 | 999  4412 |08-12 17:47:25
  3   4  90   1   0   3|   0    72k|9708k 3268k|   0     0 | 854  3881 |08-12 17:47:26
  3   3  91   0   0   4|   0     0 |9404k 3164k|   0     0 | 879  3739 |08-12 17:47:27
  2   4  91   0   0   4|   0     0 |  10M 3411k|   0     0 |1419  4069 |08-12 17:47:28
  3   3  91   0   0   3|   0     0 |  10M 3559k|   0     0 |1473  4196 |08-12 17:47:29
  2   3  93   0   0   2|   0    64k|  10M 3376k|   0     0 | 961  3992 |08-12 17:47:30
  2   2  94   0   0   2|   0     0 |  10M 3390k|   0     0 |1409  3989 |08-12 17:47:31
  3   4  91   0   0   4|   0     0 |  11M 3678k|   0     0 |1347  4392 |08-12 17:47:32
  3   4  91   0   0   3|   0     0 |9649k 3253k|   0     0 |1026  3907 |08-12 17:47:33
  3   2  93   0   0   3|   0     0 |  10M 3456k|   0     0 |1248  4011 |08-12 17:47:34
  3   5  92   0   0   1|   0     0 |  11M 3663k|   0     0 |1155  4307 |08-12 17:47:35
  3   2  94   0   0   2|   0     0 |  10M 3448k|   0     0 | 990  4063 |08-12 17:47:36
  3   4  91   0   0   3|   0     0 |  10M 3466k|   0     0 | 944  4070 |08-12 17:47:37
  3   4  92   0   0   2|   0     0 |  10M 3602k|   0     0 |1207  4196 |08-12 17:47:38
  2   4  91   0   0   3|   0     0 |  11M 3827k|   0     0 | 789  4406 |08-12 17:47:39
  2   5  90   0   0   3|   0    16k|  11M 3922k|   0     0 |1083  4535 |08-12 17:47:40
  3   3  92   0   0   2|   0     0 |  11M 3655k|   0     0 |1419  4271 |08-12 17:47:41
  5   3  89   0   0   3|   0     0 |  11M 3644k|   0     0 |1462  4247 |08-12 17:47:42
  3   5  90   0   0   3|   0     0 |  11M 3684k|   0     0 |1360  4287 |08-12 17:47:43
  2   3  93   0   0   2|   0     0 |  11M 3722k|   0     0 |1026  4453 |08-12 17:47:44
  3   3  93   0   0   1|   0  8192B|  10M 3421k|   0     0 | 893  3952 |08-12 17:47:45
  2   3  92   0   0   3|   0     0 |  10M 3383k|   0     0 |1411  4074 |08-12 17:47:46
  1   3  95   0   0   2|   0     0 |  11M 3664k|   0     0 |1439  4269 |08-12 17:47:47
  4   6  88   0   0   2|   0     0 |  10M 3503k|   0     0 | 926  4024 |08-12 17:47:48
  4   2  92   0   0   3|   0     0 |  10M 3606k|   0     0 | 885  4241 |08-12 17:47:49
  1   5  92   0   0   2|   0    24k|  10M 3618k|   0     0 |1011  4204 |08-12 17:47:50
  4   4  91   0   0   3|   0     0 |  10M 3420k|   0     0 | 999  4032 |08-12 17:47:51
  2   4  91   0   0   4|   0     0 |  11M 3724k|   0     0 |1034  4242 |08-12 17:47:52
  3   4  89   0   0   4|   0     0 |  10M 3567k|   0     0 | 797  4171 |08-12 17:47:53
  3   4  90   0   0   3|   0     0 |  10M 3396k|   0     0 | 903  3987 |08-12 17:47:54
  3   4  90   0   0   3|   0     0 |  11M 3879k|   0     0 | 863  4541 |08-12 17:47:55
  2   4  83   7   0   4|   0    32k|  10M 3559k|   0     0 | 882  4156 |08-12 17:47:56
  4   4  91   0   0   2|   0     0 |  11M 3621k|   0     0 | 551  4207 |08-12 17:47:57
  3   4  91   0   0   3|   0     0 |  10M 3583k|   0     0 | 976  4307 |08-12 17:47:58
  3   3  91   0   0   3|   0     0 |  10M 3590k|   0     0 |1486  4280 |08-12 17:47:59
  3   7  88   0   0   2|   0     0 |  10M 3585k|   0     0 | 992  4238 |08-12 17:48:00
  2   2  93   0   0   4|   0     0 |  10M 3531k|   0     0 |1063  4139 |08-12 17:48:01
  2   2  93   0   0   3|   0     0 |  10M 3503k|   0     0 |1040  4190 |08-12 17:48:02
  3   5  90   0   0   4|   0     0 |  10M 3406k|   0     0 | 899  4041 |08-12 17:48:03
  3   5  90   0   0   3|   0     0 |  10M 3558k|   0     0 |1318  4158 |08-12 17:48:04
  2   3  89   0   0   6|   0     0 |  10M 3502k|   0     0 |1268  4098 |08-12 17:48:05
  3   2  93   0   0   3|   0     0 |  10M 3455k|   0     0 |1236  4134 |08-12 17:48:06
  3   6  89   0   0   3|   0     0 |  11M 3749k|   0     0 |1494  4290 |08-12 17:48:07
  3   3  92   0   0   2|   0     0 |  10M 3538k|   0     0 |1315  4081 |08-12 17:48:08
  2   2  96   0   0   0|   0    16k|2542k  844k|   0     0 | 363  1168 |08-12 17:48:09
  0   0 100   0   0   0|   0     0 |   0     0 |   0     0 |  21    43 |08-12 17:48:10
  0   0 100   0   0   0|   0     0 |   0     0 |   0     0 |  24    37 |08-12 17:48:11
  0   0 100   0   0   0|   0     0 |   0     0 |   0     0 |  24    45 |08-12 17:48:12
  0   1  99   0   0   0|   0     0 |5422B 2784B|   0     0 |  40   127 |08-12 17:48:13
  1   1  98   0   0   0|   0     0 |2678B 5564B|   0     0 |  41   114 |08-12 17:48:14
  0   0 100   0   0   0|   0     0 | 132B  132B|   0     0 |  22    45 |08-12 17:48:15
  7   4  89   0   0   0|   0  8192B|9175B 5677B|   0     0 | 185   539 |08-12 17:48:16
  1   1  98   0   0   0|   0     0 |1456B 1760B|   0     0 |  63   242 |08-12 17:48:17
  0   0 100   0   0   0|   0     0 | 102B  192B|   0     0 |  32    89 |08-12 17:48:18
  1   0 100   0   0   0|   0     0 |5422B 2784B|   0     0 |  29    74 |08-12 17:48:19
  1   0 100   0   0   0|   0     0 |   0     0 |   0     0 |  24    43 |08-12 17:48:20
  0   0 100   0   0   0|   0     0 |   0     0 |   0     0 |  21    44 |08-12 17:48:21
  1   0 100   0   0   0|   0     0 |5422B 2784B|   0     0 |  25    73 |08-12 17:48:22
  1   1  99   0   0   0|   0     0 |   0     0 |   0     0 |  36    92 |08-12 17:48:23
  0   0 100   0   0   0|   0     0 |   0     0 |   0     0 |  27    54 |08-12 17:48:24
  1   0 100   0   0   0|   0     0 |5422B 2784B|   0     0 |  25    73 |08-12 17:48:25
  0   0  95   5   0   0|   0    56k|   0     0 |   0     0 |  27    61 |08-12 17:48:26
  1   0 100   0   0   0|   0     0 |   0     0 |   0     0 |  24    38 |08-12 17:48:27
  1   1  99   0   0   0|   0     0 |5422B 2784B|   0     0 |  34   111 |08-12 17:48:28
  8   4  87   0   0   1|   0     0 |5637B   21k|   0     0 | 201   566 |08-12 17:48:29
  2   1  95   0   0   2|   0     0 |9346k 1601k|   0     0 | 377  1952 |08-12 17:48:30
  3   2  94   0   0   2|   0     0 |  13M 2266k|   0     0 | 764  2660 |08-12 17:48:31
  2   3  94   0   0   2|   0     0 |  13M 2242k|   0     0 |1120  2444 |08-12 17:48:32
  2   3  94   0   0   1|   0     0 |  12M 2160k|   0     0 | 520  2435 |08-12 17:48:33
  3   3  93   0   0   2|   0     0 |  13M 2215k|   0     0 | 651  2470 |08-12 17:48:34
  1   3  92   0   0   4|   0     0 |  13M 2283k|   0     0 | 470  2538 |08-12 17:48:35
  1   5  92   0   0   1|   0     0 |  13M 2246k|   0     0 | 944  2487 |08-12 17:48:36
  3   2  95   0   0   1|   0     0 |  13M 2258k|   0     0 | 347  2524 |08-12 17:48:37
  2   2  95   0   0   2|   0     0 |  12M 2120k|   0     0 | 414  2478 |08-12 17:48:38
  2   3  92   0   0   3|   0     0 |  12M 2117k|   0     0 | 967  2508 |08-12 17:48:39
  2   3  92   0   0   3|   0     0 |  12M 2085k|   0     0 |1065  2345 |08-12 17:48:40
  2   3  94   0   0   1|   0  4096B|  13M 2209k|   0     0 |1009  2610 |08-12 17:48:41
  1   4  93   0   0   2|   0     0 |  13M 2334k|   0     0 | 931  2636 |08-12 17:48:42
  4   3  91   0   0   2|   0     0 |  13M 2278k|   0     0 | 972  2508 |08-12 17:48:43
  1   2  95   0   0   2|   0     0 |  13M 2200k|   0     0 | 404  2447 |08-12 17:48:44
  1   3  92   0   0   4|   0     0 |  12M 2169k|   0     0 |1056  2363 |08-12 17:48:45
  2   2  93   0   0   3|   0     0 |  13M 2232k|   0     0 | 982  2555 |08-12 17:48:46
  2   3  93   0   0   3|   0  8192B|  12M 2149k|   0     0 | 715  2398 |08-12 17:48:47
  2   4  93   0   0   2|   0     0 |  12M 2180k|   0     0 | 616  2389 |08-12 17:48:48
  2   3  93   0   0   2|   0     0 |  13M 2225k|   0     0 | 816  2482 |08-12 17:48:49
  2   2  94   0   0   2|   0     0 |  12M 2173k|   0     0 |1057  2418 |08-12 17:48:50
  1   2  95   0   0   2|   0     0 |  13M 2244k|   0     0 | 893  2503 |08-12 17:48:51
  2   1  94   0   0   3|   0     0 |  12M 2178k|   0     0 |1034  2409 |08-12 17:48:52
  1   4  95   0   0   1|   0     0 |  12M 2119k|   0     0 | 504  2323 |08-12 17:48:53
  1   2  96   0   0   2|   0     0 |  13M 2195k|   0     0 | 595  2414 |08-12 17:48:54
  1   2  94   0   0   3|   0     0 |  12M 2191k|   0     0 | 778  2487 |08-12 17:48:55
  2   3  93   0   0   3|   0     0 |  13M 2194k|   0     0 |1010  2459 |08-12 17:48:56
  2   2  91   2   0   4|   0    84k|  13M 2201k|   0     0 | 778  2449 |08-12 17:48:57
  2   4  93   0   0   2|   0     0 |  13M 2226k|   0     0 | 797  2517 |08-12 17:48:58
  1   2  96   0   0   1|   0     0 |  12M 2176k|   0     0 | 670  2419 |08-12 17:48:59
  2   2  94   0   0   3|   0     0 |  12M 2108k|   0     0 | 774  2365 |08-12 17:49:00
  2   3  92   0   0   2|   0     0 |  13M 2297k|   0     0 | 533  2490 |08-12 17:49:01
  2   1  95   0   0   2|   0    16k|  13M 2300k|   0     0 |1068  2676 |08-12 17:49:02
  3   3  90   0   0   3|   0     0 |  13M 2231k|   0     0 | 793  2482 |08-12 17:49:03
  2   3  94   0   0   2|   0     0 |  13M 2243k|   0     0 | 589  2566 |08-12 17:49:04
  2   3  92   0   0   3|   0     0 |  12M 2183k|   0     0 | 732  2429 |08-12 17:49:05
  1   2  95   0   0   2|   0     0 |  13M 2235k|   0     0 | 903  2488 |08-12 17:49:06
  2   3  93   0   0   2|   0     0 |  12M 2184k|   0     0 | 782  2417 |08-12 17:49:07
  2   3  92   0   0   3|   0     0 |  13M 2248k|   0     0 | 727  2438 |08-12 17:49:08
  1   3  92   0   0   4|   0     0 |  13M 2214k|   0     0 | 321  2478 |08-12 17:49:09
  2   3  93   0   0   2|   0     0 |  12M 2125k|   0     0 | 993  2398 |08-12 17:49:10
  2   3  92   0   0   3|   0     0 |  13M 2219k|   0     0 |1013  2453 |08-12 17:49:11
  3   3  94   0   0   1|   0     0 |  13M 2243k|   0     0 | 641  2504 |08-12 17:49:12
  3   4  93   0   0   1|   0     0 |  13M 2234k|   0     0 | 736  2540 |08-12 17:49:13
  2   2  93   0   0   3|   0     0 |  13M 2214k|   0     0 | 968  2486 |08-12 17:49:14
  3   4  92   0   0   2|   0     0 |  13M 2216k|   0     0 | 743  2494 |08-12 17:49:15
  2   2  94   0   0   2|   0     0 |  13M 2233k|   0     0 | 823  2461 |08-12 17:49:16
  2   3  93   0   0   2|   0     0 |  13M 2213k|   0     0 | 821  2515 |08-12 17:49:17
  1   3  94   0   0   2|   0     0 |  12M 2178k|   0     0 |  84  2425 |08-12 17:49:18
  3   4  91   0   0   2|   0     0 |  13M 2198k|   0     0 | 880  2342 |08-12 17:49:19
  1   2  93   0   0   4|   0     0 |  13M 2230k|   0     0 | 976  2456 |08-12 17:49:20
  2   3  93   0   0   2|   0     0 |  12M 2198k|   0     0 | 863  2471 |08-12 17:49:21
  3   4  92   0   0   2|   0  8192B|  13M 2257k|   0     0 | 302  2506 |08-12 17:49:22
  2   3  92   0   0   4|   0     0 |  13M 2234k|   0     0 | 767  2514 |08-12 17:49:23
  1   3  93   0   0   4|   0     0 |  13M 2207k|   0     0 | 604  2487 |08-12 17:49:24
  1   5  93   0   0   2|   0     0 |  12M 2166k|   0     0 | 852  2455 |08-12 17:49:25
  1   3  93   0   0   3|   0     0 |  13M 2275k|   0     0 | 941  2481 |08-12 17:49:26
  1   3  93   2   0   2|   0    52k|  13M 2206k|   0     0 | 682  2552 |08-12 17:49:27
  2   3  94   0   0   1|   0     0 |  12M 2174k|   0     0 | 700  2491 |08-12 17:49:28
  2   2  95   0   0   2|   0    16k|  12M 2114k|   0     0 | 195  2491 |08-12 17:49:29
  0   0 100   0   0   0|   0     0 |   0     0 |   0     0 |  24    66 |08-12 17:49:30
  1   0 100   0   0   0|   0     0 |5168B 2718B|   0     0 |  30    65 |08-12 17:49:31
  1   0 100   0   0   0|   0     0 | 254B   66B|   0     0 |  22    37 |08-12 17:49:32
  1   1  99   0   0   0|   0     0 |   0     0 |   0     0 |  36    85 |08-12 17:49:33
  0   0 100   0   0   0|   0     0 |   0     0 |   0     0 |  23    38 |08-12 17:49:34
  0   0  99   0   0   0|   0     0 |5422B 2784B|   0     0 |  29    70 |08-12 17:49:35
  0   0 100   0   0   0|   0     0 | 132B  132B|   0     0 |  23    35 |08-12 17:49:36
  8   5  87   0   0   0|   0     0 |5143B 4653B|   0     0 | 218   716 |08-12 17:49:37
  1   1  99   0   0   0|   0     0 |5422B 2784B|   0     0 |  34   118 |08-12 17:49:38
  0   0 100   0   0   0|   0     0 |   0     0 |   0     0 |  25    42 |08-12 17:49:39
  0   0 100   0   0   0|   0     0 |   0     0 |   0     0 |  25    48 |08-12 17:49:40
  1   0 100   0   0   0|   0     0 |5422B 2784B|   0     0 |  29    84 |08-12 17:49:41
  1   0 100   0   0   0|   0     0 |   0     0 |   0     0 |  23    37 |08-12 17:49:42
  1   1  99   0   0   0|   0     0 |   0     0 |   0     0 |  37    86 |08-12 17:49:43
  1   0  99   0   0   0|   0     0 |5844B 3496B|   0     0 |  25    72 |08-12 17:49:44
  0   0 100   0   0   0|   0     0 |   0     0 |   0     0 |  24    46 |08-12 17:49:45
  0   0 100   0   0   0|   0     0 |   0     0 |   0     0 |  28    78 |08-12 17:49:46
  1   0  99   0   0   0|   0     0 |5422B 2784B|   0     0 |  24    69 |08-12 17:49:47
  0   1  99   0   0   0|   0     0 |   0     0 |   0     0 |  36    74 |08-12 17:49:48
  0   0 100   0   0   0|   0     0 |   0     0 |   0     0 |  25    50 |08-12 17:49:49
  9   4  87   0   0   0|   0     0 | 189k   56k|   0     0 | 207   675 |08-12 17:49:50
  2   1  95   0   0   2|   0     0 |  11M 1985k|   0     0 | 689  2380 |08-12 17:49:51
  1   3  95   0   0   2|   0     0 |  12M 2135k|   0     0 | 561  2483 |08-12 17:49:52
  3   3  92   0   0   3|   0  8192B|  13M 2218k|   0     0 | 825  2601 |08-12 17:49:53
  1   2  96   0   0   1|   0     0 |  13M 2280k|   0     0 | 755  2557 |08-12 17:49:54
  1   2  96   0   0   1|   0     0 |  13M 2207k|   0     0 | 853  2552 |08-12 17:49:55
  1   4  92   0   0   2|   0     0 |  13M 2220k|   0     0 | 611  2481 |08-12 17:49:56
  2   2  94   0   0   2|   0     0 |  13M 2222k|   0     0 | 744  2508 |08-12 17:49:57
  1   3  93   2   0   2|   0    96k|  13M 2215k|   0     0 | 818  2529 |08-12 17:49:58
  2   3  93   0   0   2|   0     0 |  12M 2170k|   0     0 | 675  2423 |08-12 17:49:59
  2   2  92   0   0   3|   0     0 |  13M 2249k|   0     0 | 364  2563 |08-12 17:50:00
  2   2  94   0   0   2|   0     0 |  13M 2276k|   0     0 | 731  2622 |08-12 17:50:01
  3   3  92   0   0   2|   0     0 |  12M 2158k|   0     0 | 543  2405 |08-12 17:50:02
  3   3  92   0   0   3|   0  4096B|  13M 2227k|   0     0 | 521  2537 |08-12 17:50:03
  1   1  95   0   0   3|   0     0 |  14M 2365k|   0     0 | 825  2637 |08-12 17:50:04
  2   3  94   0   0   2|   0     0 |  13M 2255k|   0     0 | 793  2583 |08-12 17:50:05
  2   3  94   0   0   3|   0     0 |  13M 2285k|   0     0 | 676  2551 |08-12 17:50:06
  3   2  94   0   0   1|   0     0 |  13M 2220k|   0     0 | 749  2450 |08-12 17:50:07
  2   3  94   0   0   2|   0  4096B|  13M 2207k|   0     0 | 669  2551 |08-12 17:50:08
  2   3  94   0   0   2|   0     0 |  12M 2191k|   0     0 | 559  2417 |08-12 17:50:09
  2   2  94   0   0   3|   0     0 |  13M 2232k|   0     0 | 817  2516 |08-12 17:50:10
  3   3  93   0   0   2|   0     0 |  13M 2201k|   0     0 | 331  2421 |08-12 17:50:11
  2   3  93   0   0   3|   0     0 |  13M 2265k|   0     0 | 802  2468 |08-12 17:50:12
  4   3  92   0   0   2|   0     0 |  13M 2285k|   0     0 | 785  2637 |08-12 17:50:13
  3   2  91   0   0   3|   0     0 |  13M 2194k|   0     0 | 501  2541 |08-12 17:50:14
  2   4  91   0   0   3|   0     0 |  13M 2237k|   0     0 | 483  2561 |08-12 17:50:15
  1   2  95   0   0   2|   0     0 |  12M 2174k|   0     0 | 427  2480 |08-12 17:50:16
  2   4  93   0   0   2|   0     0 |  13M 2252k|   0     0 | 460  2575 |08-12 17:50:17
  2   3  92   0   0   3|   0     0 |  13M 2230k|   0     0 | 586  2554 |08-12 17:50:18
  2   2  94   0   0   2|   0     0 |  13M 2272k|   0     0 | 385  2551 |08-12 17:50:19
  3   2  93   0   0   3|   0     0 |  12M 2169k|   0     0 | 721  2507 |08-12 17:50:20
  2   3  93   0   0   2|   0     0 |  13M 2328k|   0     0 | 829  2623 |08-12 17:50:21
  2   2  95   0   0   1|   0     0 |  12M 2155k|   0     0 | 527  2351 |08-12 17:50:22
  2   4  93   0   0   2|   0     0 |  12M 2150k|   0     0 | 439  2538 |08-12 17:50:23
  1   2  96   0   0   1|   0    20k|  13M 2250k|   0     0 | 654  2483 |08-12 17:50:24
  1   3  93   0   0   3|   0     0 |  12M 2168k|   0     0 | 494  2485 |08-12 17:50:25
  2   2  95   0   0   2|   0     0 |  13M 2201k|   0     0 | 479  2443 |08-12 17:50:26
  1   4  94   0   0   1|   0     0 |  12M 2078k|   0     0 | 798  2400 |08-12 17:50:27
  2   3  89   3   0   4|   0    48k|  13M 2280k|   0     0 | 929  2860 |08-12 17:50:28
  3   3  93   0   0   1|   0     0 |  12M 2146k|   0     0 | 803  2326 |08-12 17:50:29
  3   2  93   0   0   3|   0     0 |  12M 2139k|   0     0 | 833  2478 |08-12 17:50:30
  1   2  96   0   0   2|   0     0 |  13M 2237k|   0     0 | 785  2527 |08-12 17:50:31
  3   2  91   0   0   3|   0     0 |  13M 2247k|   0     0 | 878  2500 |08-12 17:50:32
  2   3  94   0   0   2|   0     0 |  13M 2219k|   0     0 | 661  2487 |08-12 17:50:33
  2   3  94   0   0   2|   0     0 |  13M 2243k|   0     0 | 839  2489 |08-12 17:50:34
  2   2  94   0   0   2|   0     0 |  13M 2225k|   0     0 | 427  2497 |08-12 17:50:35
  2   3  94   0   0   2|   0     0 |  13M 2236k|   0     0 | 802  2552 |08-12 17:50:36
  2   2  95   0   0   2|   0     0 |  13M 2203k|   0     0 | 798  2448 |08-12 17:50:37
  2   4  92   0   0   3|   0     0 |  13M 2234k|   0     0 | 615  2493 |08-12 17:50:38
  3   3  93   0   0   1|   0     0 |  13M 2254k|   0     0 | 835  2426 |08-12 17:50:39
  2   2  93   0   0   3|   0     0 |  13M 2281k|   0     0 | 400  2528 |08-12 17:50:40
  2   3  91   0   0   3|   0     0 |  13M 2257k|   0     0 | 746  2504 |08-12 17:50:41
  2   3  94   0   0   2|   0     0 |  13M 2285k|   0     0 | 808  2513 |08-12 17:50:42
  2   4  92   0   0   2|   0     0 |  13M 2255k|   0     0 | 679  2565 |08-12 17:50:43
  3   3  93   0   0   2|   0     0 |  12M 2150k|   0     0 | 474  2379 |08-12 17:50:44
  2   2  95   0   0   2|   0     0 |  13M 2226k|   0     0 | 816  2521 |08-12 17:50:45
  1   4  93   0   0   3|   0     0 |  13M 2279k|   0     0 | 831  2600 |08-12 17:50:46
  2   2  93   0   0   4|   0     0 |  12M 2163k|   0     0 | 818  2373 |08-12 17:50:47
  1   2  96   0   0   1|   0     0 |  13M 2199k|   0     0 | 588  2510 |08-12 17:50:48
  2   3  95   0   0   1|   0     0 |  13M 2243k|   0     0 | 597  2487 |08-12 17:50:49
  2   2  95   0   0   1|   0  8192B|9481k 1618k|   0     0 | 465  1845 |08-12 17:50:50
  1   0  99   0   0   0|   0  8192B| 492B  506B|   0     0 |  43   193 |08-12 17:50:51
  0   0 100   0   0   0|   0     0 |   0     0 |   0     0 |  24    47 |08-12 17:50:52
  1   0 100   0   0   0|   0     0 |5168B 2718B|   0     0 |  24    74 |08-12 17:50:53
  1   1  99   0   0   0|   0     0 | 254B   66B|   0     0 |  35    91 |08-12 17:50:54
  0   0 100   0   0   0|   0  8192B| 570B  562B|   0     0 |  32    71 |08-12 17:50:55
  0   0 100   0   0   0|   0     0 | 168B  142B|   0     0 |  31    49 |08-12 17:50:56
  1   0  99   0   0   0|   0     0 |6022B 3540B|   0     0 |  42   120 |08-12 17:50:57
  0   0 100   0   0   0|   0     0 | 308B  274B|   0     0 |  25    44 |08-12 17:50:58
  1   1  97   2   0   0|   0    68k|1149B  961B|   0     0 |  83   210 |08-12 17:50:59
  8   4  88   0   0   0|   0    60k|9470B 5816B|   0     0 | 226   634 |08-12 17:51:00
  5   1  94   0   0   0|   0     0 |2284B 5200B|   0     0 |  83   306 |08-12 17:51:01
  0   0 100   0   0   0|   0     0 |   0     0 |   0     0 |  21    35 |08-12 17:51:02
  1   0 100   0   0   0|   0     0 |5422B 2784B|   0     0 |  27    84 |08-12 17:51:03
  1   1  99   0   0   0|   0     0 | 352B 2492B|   0     0 |  42    86 |08-12 17:51:04
  0   0 100   0   0   0|   0     0 |   0     0 |   0     0 |  22    65 |08-12 17:51:05
  1   0 100   0   0   0|   0     0 |5422B 2784B|   0     0 |  23    61 |08-12 17:51:06
  0   0  99   0   0   0|   0     0 | 768B  970B|   0     0 |  42   105 |08-12 17:51:07
  0   0 100   0   0   0|   0     0 | 880B  550B|   0     0 |  41    97 |08-12 17:51:08
  1   0  99   0   0   0|   0     0 |6478B 3396B|   0     0 |  61   176 |08-12 17:51:09
  4   1  95   0   0   0|   0     0 |1172B 3754B|   0     0 |  59   154 |08-12 17:51:10
  0   0 100   0   0   0|   0     0 |   0     0 |   0     0 |  23    35 |08-12 17:51:11
  1   0  99   0   0   0|   0     0 |5422B 2784B|   0     0 |  24    68 |08-12 17:51:12
  7   2  91   0   0   0|   0     0 |3621B 2761B|   0     0 | 142   395 |08-12 17:51:13
  2   3  93   0   0   2|   0     0 |7489k 1294k|   0     0 | 210  1802 |08-12 17:51:14
  3   4  89   0   0   4|   0     0 |  13M 2302k|   0     0 |1245  2847 |08-12 17:51:15
  1   2  94   0   0   3|   0     0 |  12M 2151k|   0     0 |1002  2396 |08-12 17:51:16
  2   3  94   0   0   2|   0     0 |  12M 2185k|   0     0 | 989  2520 |08-12 17:51:17
  2   3  93   0   0   2|   0     0 |  12M 2119k|   0     0 | 740  2527 |08-12 17:51:18
  3   2  92   0   0   4|   0     0 |  13M 2315k|   0     0 | 653  2626 |08-12 17:51:19
  6   4  88   0   0   4|   0     0 |  13M 2246k|   0     0 |1020  2549 |08-12 17:51:20
  2   3  92   0   0   2|   0     0 |  12M 2141k|   0     0 | 727  2370 |08-12 17:51:21
  2   2  94   0   0   3|   0     0 |  12M 2198k|   0     0 |1005  2579 |08-12 17:51:22
  2   3  93   0   0   2|   0     0 |  12M 2173k|   0     0 | 784  2429 |08-12 17:51:23
  3   3  92   0   0   3|   0     0 |  12M 2110k|   0     0 | 715  2372 |08-12 17:51:24
  1   2  95   0   0   2|   0  8192B|  13M 2251k|   0     0 | 713  2568 |08-12 17:51:25
  1   3  92   0   0   3|   0     0 |  12M 2127k|   0     0 | 971  2462 |08-12 17:51:26
  3   3  92   0   0   1|   0     0 |  12M 2121k|   0     0 | 873  2488 |08-12 17:51:27
  2   2  96   0   0   1|   0     0 |  12M 2194k|   0     0 | 839  2577 |08-12 17:51:28
  6   4  87   0   0   3|   0     0 |  12M 2123k|   0     0 | 650  2568 |08-12 17:51:29
  2   3  93   2   0   1|   0    84k|  13M 2204k|   0     0 | 948  2547 |08-12 17:51:30
  1   3  94   0   0   2|   0     0 |  13M 2239k|   0     0 | 763  2560 |08-12 17:51:31
  2   3  93   0   0   3|   0     0 |  13M 2261k|   0     0 |1162  2570 |08-12 17:51:32
  2   4  93   0   0   2|   0     0 |  12M 2192k|   0     0 |1081  2467 |08-12 17:51:33
  2   2  94   0   0   2|   0     0 |  13M 2205k|   0     0 | 707  2491 |08-12 17:51:34
  2   3  94   0   0   1|   0     0 |  13M 2200k|   0     0 |  34  2425 |08-12 17:51:35
  2   2  94   0   0   2|   0     0 |  12M 2139k|   0     0 | 594  2442 |08-12 17:51:36
  2   2  94   0   0   2|   0     0 |  13M 2282k|   0     0 | 866  2537 |08-12 17:51:37
  1   3  94   0   0   3|   0     0 |  13M 2277k|   0     0 |1110  2533 |08-12 17:51:38
  1   4  94   0   0   1|   0     0 |  13M 2243k|   0     0 | 670  2540 |08-12 17:51:39
  2   3  94   0   0   1|   0     0 |  13M 2196k|   0     0 | 850  2487 |08-12 17:51:40
  1   3  94   0   0   2|   0     0 |  13M 2220k|   0     0 | 943  2507 |08-12 17:51:41
  2   3  92   0   0   3|   0     0 |  13M 2224k|   0     0 | 979  2515 |08-12 17:51:42
  2   2  93   0   0   3|   0     0 |  13M 2217k|   0     0 |1177  2636 |08-12 17:51:43
  2   2  96   0   0   1|   0     0 |  12M 2173k|   0     0 | 686  2516 |08-12 17:51:44
  7   3  87   0   0   3|   0     0 |  13M 2269k|   0     0 | 892  2628 |08-12 17:51:45
  2   2  95   0   0   2|   0    16k|  13M 2266k|   0     0 |1033  2742 |08-12 17:51:46
  3   2  93   0   0   3|   0     0 |  13M 2297k|   0     0 |1161  2621 |08-12 17:51:47
  2   3  94   0   0   2|   0     0 |  13M 2219k|   0     0 | 361  2558 |08-12 17:51:48
  3   2  93   0   0   2|   0     0 |  12M 2177k|   0     0 | 875  2493 |08-12 17:51:49
  3   2  93   0   0   3|   0     0 |  13M 2243k|   0     0 | 775  2537 |08-12 17:51:50
  2   3  92   0   0   2|   0     0 |  13M 2227k|   0     0 | 697  2516 |08-12 17:51:51
  2   2  94   0   0   2|   0     0 |  13M 2265k|   0     0 |1191  2597 |08-12 17:51:52
  1   4  94   0   0   2|   0     0 |  13M 2287k|   0     0 | 888  2757 |08-12 17:51:53
  3   3  92   0   0   2|   0     0 |  12M 2186k|   0     0 | 279  2640 |08-12 17:51:54
  1   3  94   0   0   2|   0     0 |  13M 2227k|   0     0 |1101  2554 |08-12 17:51:55
  1   2  95   0   0   2|   0     0 |  13M 2226k|   0     0 | 883  2576 |08-12 17:51:56
  5   2  89   0   0   4|   0     0 |  13M 2250k|   0     0 | 952  2578 |08-12 17:51:57
  1   2  96   0   0   1|   0     0 |  12M 2180k|   0     0 |1055  2442 |08-12 17:51:58
  2   3  94   0   0   1|   0     0 |  12M 2185k|   0     0 |1054  2502 |08-12 17:51:59
  2   3  91   2   0   3|   0    60k|  13M 2295k|   0     0 |1197  2675 |08-12 17:52:00
  2   2  94   0   0   2|   0    64k|  13M 2310k|   0     0 |1098  2575 |08-12 17:52:01
  2   3  93   0   0   2|   0     0 |  13M 2283k|   0     0 |1199  2681 |08-12 17:52:02
  2   3  93   0   0   2|   0     0 |  13M 2228k|   0     0 | 638  2672 |08-12 17:52:03
  2   4  91   0   0   3|   0     0 |  13M 2284k|   0     0 |1187  2637 |08-12 17:52:04
  2   2  93   0   0   3|   0     0 |  13M 2240k|   0     0 |1105  2662 |08-12 17:52:05
  3   2  94   0   0   1|   0     0 |  13M 2197k|   0     0 | 841  2506 |08-12 17:52:06
  2   4  93   0   0   2|   0     0 |  13M 2353k|   0     0 |1180  2632 |08-12 17:52:07
  2   1  96   0   0   2|   0     0 |  13M 2218k|   0     0 |1145  2511 |08-12 17:52:08
  3   3  93   0   0   2|   0     0 |  13M 2237k|   0     0 |1040  2541 |08-12 17:52:09
  2   1  95   0   0   2|   0     0 |  13M 2257k|   0     0 |1107  2667 |08-12 17:52:10
  2   2  94   0   0   3|   0    68k|  13M 2259k|   0     0 | 791  2596 |08-12 17:52:11
  1   3  95   0   0   1|   0     0 |  13M 2281k|   0     0 |  39  2584 |08-12 17:52:12
  2   4  92   0   0   3|   0     0 |  12M 2173k|   0     0 | 767  2423 |08-12 17:52:13
  1   2  97   0   0   0|   0     0 |1911k  317k|   0     0 | 225   600 |08-12 17:52:14
  1   1  98   0   0   0|   0     0 |2678B 5564B|   0     0 |  48   124 |08-12 17:52:15
  0   0 100   0   0   0|   0     0 |5422B 2784B|   0     0 |  29    71 |08-12 17:52:16
  0   0 100   0   0   0|   0     0 |   0     0 |   0     0 |  22    38 |08-12 17:52:17
  1   0 100   0   0   0|   0     0 | 388B 1932B|   0     0 |  31    51 |08-12 17:52:18
  1   1  99   0   0   0|   0     0 |6060B 4712B|   0     0 |  57   141 |08-12 17:52:19
  0   0 100   0   0   0|   0     0 | 454B  472B|   0     0 |  29    51 |08-12 17:52:20
  8   4  88   0   0   0|   0     0 |4221B 4213B|   0     0 | 214   573 |08-12 17:52:21
  2   1  98   0   0   0|   0     0 |6944B 3950B|   0     0 |  75   289 |08-12 17:52:22
  0   0 100   0   0   0|   0     0 |   0     0 |   0     0 |  26    44 |08-12 17:52:23
  0   1 100   0   0   0|   0     0 |   0     0 |   0     0 |  32    64 |08-12 17:52:24
  1   0  99   0   0   0|   0     0 |5422B 2784B|   0     0 |  22    72 |08-12 17:52:25
  0   0 100   0   0   0|   0     0 |   0     0 |   0     0 |  23    33 |08-12 17:52:26
  0   0 100   0   0   0|   0     0 |   0     0 |   0     0 |  23    38 |08-12 17:52:27
  1   0 100   0   0   0|   0     0 |5422B 2784B|   0     0 |  24    66 |08-12 17:52:28
  1   1  99   0   0   0|   0     0 |   0     0 |   0     0 |  36    75 |08-12 17:52:29
  0   0 100   0   0   0|   0    72k|   0     0 |   0     0 |  26    52 |08-12 17:52:30
  1   0  99   0   0   0|   0     0 |5422B 2784B|   0     0 |  27    79 |08-12 17:52:31
  0   0 100   0   0   0|   0     0 |   0     0 |   0     0 |  23    45 |08-12 17:52:32
  0   0 100   0   0   0|   0     0 |   0     0 |   0     0 |  27    68 |08-12 17:52:33
  8   7  85   0   0   1|   0     0 |  11k   24k|   0     0 | 229   679 |08-12 17:52:34
  2   2  95   0   0   3|   0     0 |  12M 1387k|   0     0 | 544  2001 |08-12 17:52:35
  1   2  96   0   0   1|   0     0 |  13M 1528k|   0     0 | 648  1931 |08-12 17:52:36
  1   2  94   0   0   3|   0     0 |  12M 1442k|   0     0 | 535  1785 |08-12 17:52:37
  1   1  96   0   0   2|   0     0 |  13M 1507k|   0     0 | 558  1836 |08-12 17:52:38
  3   3  94   0   0   1|   0     0 |  13M 1505k|   0     0 | 527  1844 |08-12 17:52:39
  2   2  95   0   0   2|   0     0 |  13M 1530k|   0     0 | 661  1953 |08-12 17:52:40
  1   1  97   0   0   1|   0     0 |  13M 1513k|   0     0 | 466  1863 |08-12 17:52:41
  1   2  97   0   0   1|   0    12k|  12M 1452k|   0     0 | 324  1781 |08-12 17:52:42
  2   1  95   0   0   3|   0     0 |  13M 1491k|   0     0 | 660  1900 |08-12 17:52:43
  1   2  96   0   0   1|   0     0 |  12M 1472k|   0     0 | 672  1887 |08-12 17:52:44
  1   1  96   0   0   3|   0     0 |  12M 1426k|   0     0 | 345  1817 |08-12 17:52:45
  3   2  95   0   0   1|   0     0 |  12M 1480k|   0     0 | 529  2021 |08-12 17:52:46
  1   1  96   0   0   2|   0  4096B|  13M 1508k|   0     0 | 592  1871 |08-12 17:52:47
  1   1  98   0   0   1|   0     0 |  13M 1493k|   0     0 | 470  1870 |08-12 17:52:48
  4   2  93   0   0   2|   0     0 |  13M 1571k|   0     0 | 376  1994 |08-12 17:52:49
  2   1  96   0   0   1|   0     0 |  13M 1570k|   0     0 | 310  1873 |08-12 17:52:50
  2   2  95   0   0   2|   0     0 |  13M 1560k|   0     0 | 292  1904 |08-12 17:52:51
  2   2  94   0   0   2|   0     0 |  13M 1530k|   0     0 | 611  1906 |08-12 17:52:52
  2   2  95   0   0   2|   0    28k|  13M 1504k|   0     0 | 596  1854 |08-12 17:52:53
  2   2  94   0   0   2|   0     0 |  13M 1559k|   0     0 | 434  1838 |08-12 17:52:54
  2   2  95   0   0   2|   0     0 |  13M 1534k|   0     0 | 655  1875 |08-12 17:52:55
  1   1  96   0   0   2|   0     0 |  13M 1531k|   0     0 | 377  1837 |08-12 17:52:56
  1   3  96   0   0   1|   0     0 |  13M 1485k|   0     0 | 495  1836 |08-12 17:52:57
  2   1  94   0   0   3|   0     0 |  13M 1503k|   0     0 | 600  1934 |08-12 17:52:58
  1   3  95   0   0   2|   0     0 |  13M 1502k|   0     0 | 582  1853 |08-12 17:52:59
  1   2  97   0   0   1|   0     0 |  13M 1522k|   0     0 | 217  1866 |08-12 17:53:00
  2   2  86   7   0   2|   0    44k|  13M 1540k|   0     0 | 542  1906 |08-12 17:53:01
  1   2  96   0   0   1|   0     0 |  13M 1486k|   0     0 | 395  1827 |08-12 17:53:02
  1   2  95   0   0   2|   0    56k|  13M 1571k|   0     0 | 578  1917 |08-12 17:53:03
  2   2  95   0   0   2|   0     0 |  13M 1497k|   0     0 | 280  1865 |08-12 17:53:04
  1   2  96   0   0   1|   0     0 |  13M 1556k|   0     0 | 545  1891 |08-12 17:53:05
  1   3  95   0   0   1|   0     0 |  13M 1505k|   0     0 | 400  1836 |08-12 17:53:06
  2   2  95   0   0   1|   0     0 |  13M 1506k|   0     0 | 497  1846 |08-12 17:53:07
  2   1  95   0   0   2|   0    16k|  13M 1532k|   0     0 | 678  1903 |08-12 17:53:08
  3   3  92   0   0   2|   0     0 |  13M 1552k|   0     0 | 370  1913 |08-12 17:53:09
  2   3  94   0   0   2|   0     0 |  13M 1574k|   0     0 | 629  1919 |08-12 17:53:10
  1   1  96   0   0   2|   0     0 |  13M 1501k|   0     0 | 398  1750 |08-12 17:53:11
  2   1  96   0   0   2|   0     0 |  13M 1480k|   0     0 | 539  1798 |08-12 17:53:12
  3   1  95   0   0   1|   0  8192B|  13M 1582k|   0     0 | 415  1863 |08-12 17:53:13
  2   2  95   0   0   2|   0     0 |  13M 1504k|   0     0 | 574  1876 |08-12 17:53:14
  2   2  95   0   0   2|   0     0 |  13M 1509k|   0     0 | 504  1843 |08-12 17:53:15
  2   3  94   0   0   1|   0     0 |  13M 1535k|   0     0 | 652  1875 |08-12 17:53:16
  1   2  94   0   0   2|   0     0 |  13M 1589k|   0     0 | 353  1989 |08-12 17:53:17
  1   2  96   0   0   2|   0     0 |  13M 1575k|   0     0 | 317  1951 |08-12 17:53:18
  3   2  93   0   0   2|   0     0 |  13M 1502k|   0     0 | 659  1888 |08-12 17:53:19
  2   2  96   0   0   1|   0     0 |  13M 1504k|   0     0 | 619  1836 |08-12 17:53:20
  1   2  95   0   0   1|   0     0 |  13M 1530k|   0     0 | 667  1863 |08-12 17:53:21
  2   3  94   0   0   2|   0     0 |  13M 1511k|   0     0 | 555  1838 |08-12 17:53:22
  1   2  95   0   0   2|   0     0 |  13M 1571k|   0     0 | 657  2075 |08-12 17:53:23
  1   3  93   0   0   3|   0     0 |  13M 1524k|   0     0 | 558  1863 |08-12 17:53:24
  3   2  95   0   0   2|   0     0 |  13M 1479k|   0     0 | 423  1828 |08-12 17:53:25
  1   2  95   0   0   2|   0     0 |  13M 1516k|   0     0 | 634  1856 |08-12 17:53:26
  1   2  97   0   0   1|   0     0 |  13M 1518k|   0     0 | 652  1886 |08-12 17:53:27
  3   1  95   0   0   1|   0     0 |  13M 1547k|   0     0 | 596  1925 |08-12 17:53:28
  2   2  95   0   0   2|   0     0 |  13M 1583k|   0     0 | 221  2027 |08-12 17:53:29
  1   3  95   0   0   2|   0     0 |  13M 1531k|   0     0 | 513  1904 |08-12 17:53:30
  2   2  94   1   0   1|   0    56k|  13M 1548k|   0     0 | 516  1975 |08-12 17:53:31
  1   2  96   0   0   2|   0     0 |  13M 1507k|   0     0 | 517  1880 |08-12 17:53:32
  2   1  96   0   0   2|   0     0 |  13M 1560k|   0     0 | 469  1975 |08-12 17:53:33
  2   2  94   0   0   2|   0    16k|  12M 1398k|   0     0 | 658  1961 |08-12 17:53:34
  0   0 100   0   0   0|   0     0 | 254B   66B|   0     0 |  25    61 |08-12 17:53:35
  1   0 100   0   0   0|   0     0 |   0     0 |   0     0 |  23    38 |08-12 17:53:36
  0   0 100   0   0   0|   0     0 |   0     0 |   0     0 |  24    44 |08-12 17:53:37
  1   0 100   0   0   0|   0     0 |5422B 2784B|   0     0 |  24    61 |08-12 17:53:38
  1   0 100   0   0   0|   0     0 |   0     0 |   0     0 |  33    80 |08-12 17:53:39
  0   0 100   0   0   0|   0     0 |   0     0 |   0     0 |  23    35 |08-12 17:53:40
  1   0  99   0   0   0|   0     0 |5686B 3048B|   0     0 |  23    68 |08-12 17:53:41
  7   5  88   0   0   0|   0     0 |5011B 4521B|   0     0 | 230   699 |08-12 17:53:42
  0   0 100   0   0   0|   0     0 |   0     0 |   0     0 |  24    64 |08-12 17:53:43
  1   0  98   0   0   0|   0  8192B|5422B 2784B|   0     0 |  42   123 |08-12 17:53:44
  0   0 100   0   0   0|   0     0 |   0     0 |   0     0 |  23    40 |08-12 17:53:45
  0   0 100   0   0   0|   0     0 |   0     0 |   0     0 |  23    42 |08-12 17:53:46
  0   1 100   0   0   0|   0     0 |5844B 3496B|   0     0 |  23    67 |08-12 17:53:47
  0   0 100   0   0   0|   0     0 |   0     0 |   0     0 |  23    43 |08-12 17:53:48
  1   1  99   0   0   0|   0     0 |   0     0 |   0     0 |  35    88 |08-12 17:53:49
  0   0 100   0   0   0|   0     0 |5422B 2784B|   0     0 |  22    70 |08-12 17:53:50
  1   0 100   0   0   0|   0     0 |   0     0 |   0     0 |  23    38 |08-12 17:53:51
  0   0 100   0   0   0|   0     0 |   0     0 |   0     0 |  22    35 |08-12 17:53:52
  1   0 100   0   0   0|   0     0 |5422B 2784B|   0     0 |  27    69 |08-12 17:53:53
  1   1  99   0   0   0|   0     0 | 247B  247B|   0     0 |  46   105 |08-12 17:53:54
  7   5  88   0   0   1|   0     0 |1416k  187k|   0     0 | 223   844 |08-12 17:53:55
  2   3  94   0   0   2|   0     0 |  13M 1528k|   0     0 | 470  2005 |08-12 17:53:56
  1   3  96   0   0   1|   0     0 |  12M 1461k|   0     0 | 574  1774 |08-12 17:53:57
  2   2  95   0   0   2|   0     0 |  13M 1490k|   0     0 | 388  1844 |08-12 17:53:58
  2   4  93   0   0   1|   0     0 |  13M 1528k|   0     0 | 461  1937 |08-12 17:53:59
  2   2  95   0   0   2|   0     0 |  13M 1538k|   0     0 | 613  1879 |08-12 17:54:00
  1   2  95   0   0   2|   0     0 |  12M 1476k|   0     0 | 498  1788 |08-12 17:54:01
  2   2  93   1   0   2|   0    48k|  13M 1552k|   0     0 | 390  1917 |08-12 17:54:02
  1   2  95   0   0   2|   0     0 |  13M 1490k|   0     0 | 296  1897 |08-12 17:54:03
  6   2  90   0   0   2|   0    32k|  12M 1472k|   0     0 | 492  1901 |08-12 17:54:04
  2   1  95   0   0   2|   0     0 |  13M 1546k|   0     0 | 648  1901 |08-12 17:54:05
  1   2  94   0   0   2|   0     0 |  13M 1547k|   0     0 | 645  1869 |08-12 17:54:06
  2   2  95   0   0   1|   0     0 |  13M 1543k|   0     0 | 550  1841 |08-12 17:54:07
  2   2  94   0   0   2|   0     0 |  13M 1498k|   0     0 | 672  1867 |08-12 17:54:08
  2   2  94   0   0   2|   0  4096B|  12M 1397k|   0     0 | 601  1770 |08-12 17:54:09
  1   2  95   0   0   2|   0     0 |  13M 1566k|   0     0 | 351  1911 |08-12 17:54:10
  2   3  94   0   0   2|   0     0 |  13M 1492k|   0     0 | 262  1858 |08-12 17:54:11
  2   1  96   0   0   2|   0     0 |  13M 1526k|   0     0 | 590  1835 |08-12 17:54:12
  3   2  94   0   0   2|   0     0 |  13M 1567k|   0     0 | 600  1907 |08-12 17:54:13
  3   2  93   0   0   2|   0  4096B|  13M 1509k|   0     0 | 433  1896 |08-12 17:54:14
  2   2  95   0   0   1|   0     0 |  13M 1487k|   0     0 | 342  1867 |08-12 17:54:15
  2   1  95   0   0   2|   0     0 |  13M 1583k|   0     0 | 571  1926 |08-12 17:54:16
  2   2  95   0   0   2|   0     0 |  13M 1558k|   0     0 | 512  1899 |08-12 17:54:17
  1   1  97   0   0   2|   0     0 |  13M 1490k|   0     0 | 268  1819 |08-12 17:54:18
  2   3  94   0   0   2|   0     0 |  13M 1543k|   0     0 | 396  1846 |08-12 17:54:19
  1   2  94   0   0   3|   0  4096B|  13M 1544k|   0     0 | 534  1831 |08-12 17:54:20
  1   2  96   0   0   1|   0     0 |  12M 1470k|   0     0 | 608  1754 |08-12 17:54:21
  1   1  97   0   0   1|   0     0 |  13M 1543k|   0     0 | 428  1920 |08-12 17:54:22
  1   2  96   0   0   2|   0     0 |  12M 1475k|   0     0 | 316  1799 |08-12 17:54:23
  2   2  95   0   0   2|   0     0 |  13M 1491k|   0     0 | 595  1775 |08-12 17:54:24
  2   2  95   0   0   2|   0     0 |  13M 1487k|   0     0 | 626  1759 |08-12 17:54:25
  2   2  96   0   0   1|   0     0 |  13M 1542k|   0     0 | 586  1852 |08-12 17:54:26
  1   2  96   0   0   1|   0     0 |  12M 1460k|   0     0 | 566  1861 |08-12 17:54:27
  1   2  94   0   0   2|   0     0 |  13M 1528k|   0     0 | 447  1917 |08-12 17:54:28
  2   4  92   0   0   2|   0     0 |  13M 1476k|   0     0 | 416  1785 |08-12 17:54:29
  1   2  96   0   0   2|   0    16k|  12M 1468k|   0     0 | 338  1745 |08-12 17:54:30
  2   2  95   0   0   2|   0     0 |  13M 1497k|   0     0 | 464  1763 |08-12 17:54:31
  1   2  94   0   0   3|   0    56k|  13M 1513k|   0     0 | 570  1822 |08-12 17:54:32
  2   3  94   0   0   2|   0     0 |  12M 1452k|   0     0 | 559  1764 |08-12 17:54:33
  2   3  95   0   0   1|   0     0 |  13M 1587k|   0     0 | 448  1842 |08-12 17:54:34
  2   1  96   0   0   1|   0    24k|  13M 1552k|   0     0 | 474  1868 |08-12 17:54:35
  0   2  97   0   0   2|   0     0 |  13M 1502k|   0     0 | 532  1772 |08-12 17:54:36
  2   2  94   0   0   1|   0     0 |  13M 1517k|   0     0 | 617  1856 |08-12 17:54:37
  2   3  91   0   0   3|   0     0 |  14M 1606k|   0     0 | 723  2032 |08-12 17:54:38
  2   2  94   0   0   3|   0     0 |  13M 1491k|   0     0 | 612  1834 |08-12 17:54:39
  1   2  96   0   0   1|   0     0 |  12M 1476k|   0     0 | 457  1717 |08-12 17:54:40
  1   2  96   0   0   1|   0     0 |  12M 1395k|   0     0 | 308  1674 |08-12 17:54:41
  2   2  95   0   0   2|   0     0 |  13M 1522k|   0     0 | 431  1793 |08-12 17:54:42
  1   3  96   0   0   1|   0     0 |  13M 1498k|   0     0 | 501  1868 |08-12 17:54:43
  1   3  94   0   0   2|   0     0 |  12M 1427k|   0     0 | 350  1740 |08-12 17:54:44
  3   2  94   0   0   2|   0     0 |  13M 1543k|   0     0 | 541  1844 |08-12 17:54:45
  2   2  94   0   0   2|   0     0 |  13M 1511k|   0     0 | 619  1820 |08-12 17:54:46
  2   3  93   0   0   2|   0     0 |  13M 1501k|   0     0 | 571  1878 |08-12 17:54:47
  2   2  95   0   0   2|   0     0 |  13M 1583k|   0     0 | 629  1927 |08-12 17:54:48
  2   1  95   0   0   2|   0     0 |  13M 1490k|   0     0 | 462  1795 |08-12 17:54:49
  2   2  94   0   0   2|   0     0 |  13M 1518k|   0     0 | 421  1878 |08-12 17:54:50
  2   3  95   0   0   1|   0     0 |  12M 1421k|   0     0 | 303  1794 |08-12 17:54:51
  1   2  95   0   0   3|   0     0 |  13M 1502k|   0     0 | 616  1853 |08-12 17:54:52
  2   2  95   0   0   1|   0     0 |  14M 1608k|   0     0 | 395  2061 |08-12 17:54:53
  1   2  96   0   0   1|   0     0 |  13M 1574k|   0     0 | 542  1888 |08-12 17:54:54
  1   2  97   0   0   0|   0    24k|7132k  817k|   0     0 | 145  1183 |08-12 17:54:55
  0   1 100   0   0   0|   0     0 |5598B 2934B|   0     0 |  34    86 |08-12 17:54:56
  0   0 100   0   0   0|   0     0 | 880B  558B|   0     0 |  43    89 |08-12 17:54:57
  0   0 100   0   0   0|   0     0 | 344B  212B|   0     0 |  30    57 |08-12 17:54:58
  4   1  95   0   0   0|   0     0 |6250B 6114B|   0     0 |  72   184 |08-12 17:54:59
  0   0 100   0   0   0|   0     0 | 352B 2492B|   0     0 |  34    71 |08-12 17:55:00
  0   0 100   0   0   0|   0     0 |   0     0 |   0     0 |  25    46 |08-12 17:55:01
  0   1  99   0   0   0|   0     0 |7147B 4271B|   0     0 |  31    77 |08-12 17:55:02
  9   3  86   2   0   1|   0    72k|3550B 3298B|   0     0 | 221   699 |08-12 17:55:03
  1   1  99   0   0   0|   0     0 | 336B  244B|   0     0 |  39    90 |08-12 17:55:04
  1   0 100   0   0   0|   0     0 | 542B  766B|   0     0 |  37   108 |08-12 17:55:05
  1   1  99   0   0   0|   0    24k|6654B 3498B|   0     0 |  50   156 |08-12 17:55:06
  1   0 100   0   0   0|   0     0 | 704B  408B|   0     0 |  40    77 |08-12 17:55:07
  4   1  95   0   0   0|   0     0 | 996B 3374B|   0     0 |  55   144 |08-12 17:55:08
  0   0  99   0   0   1|   0     0 |5774B 5276B|   0     0 |  34   113 |08-12 17:55:09
  1   0  99   0   0   0|   0     0 |   0     0 |   0     0 |  34    80 |08-12 17:55:10
  0   0 100   0   0   0|   0     0 | 702B  868B|   0     0 |  44   101 |08-12 17:55:11
  1   1  99   0   0   0|   0     0 |6478B 3436B|   0     0 |  51   126 |08-12 17:55:12
  0   0 100   0   0   0|   0     0 |1056B  612B|   0     0 |  47   114 |08-12 17:55:13
  0   0 100   0   0   0|   0     0 | 270B  220B|   0     0 |  29    49 |08-12 17:55:14
  6   2  85   8   0   0|  12k    0 |  11k   14k|   0     0 | 100   335 |08-12 17:55:15
  8   4  88   0   0   0|   0     0 |4350k  522k|   0     0 | 383  1264 |08-12 17:55:16
  2   1  95   0   0   2|   0     0 |  13M 1569k|   0     0 | 500  2076 |08-12 17:55:17
  1   2  95   0   0   2|   0     0 |  13M 1536k|   0     0 | 491  1988 |08-12 17:55:18
  2   2  95   0   0   2|   0     0 |  13M 1524k|   0     0 | 471  1970 |08-12 17:55:19
  1   1  95   0   0   3|   0     0 |  13M 1511k|   0     0 | 487  1922 |08-12 17:55:20
  1   2  95   0   0   2|   0     0 |  13M 1505k|   0     0 | 479  1937 |08-12 17:55:21
  2   2  94   0   0   2|   0     0 |  13M 1565k|   0     0 | 455  1975 |08-12 17:55:22
  2   2  95   0   0   2|   0     0 |  13M 1527k|   0     0 | 502  1908 |08-12 17:55:23
  2   1  96   0   0   2|   0     0 |  13M 1499k|   0     0 | 478  1934 |08-12 17:55:24
  1   2  95   0   0   2|   0     0 |  13M 1503k|   0     0 | 504  1946 |08-12 17:55:25
  2   2  95   0   0   2|   0    16k|  13M 1523k|   0     0 | 473  1870 |08-12 17:55:26
  2   2  95   0   0   1|   0     0 |  13M 1489k|   0     0 | 489  1879 |08-12 17:55:27
  2   2  95   0   0   1|   0     0 |  13M 1524k|   0     0 | 567  2212 |08-12 17:55:28
  1   3  95   0   0   1|   0     0 |  13M 1499k|   0     0 | 530  1929 |08-12 17:55:29
  2   2  93   0   0   2|   0     0 |  12M 1481k|   0     0 | 489  1871 |08-12 17:55:30
  2   2  95   0   0   1|   0     0 |  13M 1517k|   0     0 | 470  1897 |08-12 17:55:31
  1   3  94   0   0   1|   0     0 |  13M 1499k|   0     0 | 488  1945 |08-12 17:55:32
  2   2  94   1   0   2|   0    76k|  13M 1534k|   0     0 | 502  1937 |08-12 17:55:33
  1   2  96   0   0   1|   0     0 |  13M 1571k|   0     0 | 497  1950 |08-12 17:55:34
  2   3  94   0   0   2|   0     0 |  13M 1511k|   0     0 | 468  1814 |08-12 17:55:35
  2   2  95   0   0   2|   0  4096B|  13M 1546k|   0     0 | 505  1904 |08-12 17:55:36
  1   2  96   0   0   2|   0     0 |  13M 1513k|   0     0 | 470  1824 |08-12 17:55:37
  1   2  96   0   0   2|   0     0 |  13M 1522k|   0     0 | 487  1941 |08-12 17:55:38
  2   3  95   0   0   2|   0     0 |  13M 1482k|   0     0 | 422  1793 |08-12 17:55:39
  1   1  97   0   0   1|   0     0 |  13M 1559k|   0     0 | 504  1925 |08-12 17:55:40
  2   1  96   0   0   2|   0     0 |  13M 1555k|   0     0 | 505  1959 |08-12 17:55:41
  1   3  94   0   0   2|   0     0 |  13M 1505k|   0     0 | 501  1943 |08-12 17:55:42
  1   3  94   0   0   2|   0     0 |  13M 1556k|   0     0 | 480  1866 |08-12 17:55:43
  1   3  95   0   0   2|   0     0 |  13M 1585k|   0     0 | 526  2002 |08-12 17:55:44
  3   2  94   0   0   2|   0     0 |  13M 1564k|   0     0 | 424  1923 |08-12 17:55:45
  1   2  96   0   0   1|   0     0 |  13M 1506k|   0     0 | 384  1904 |08-12 17:55:46
  2   3  94   0   0   1|   0    16k|  13M 1532k|   0     0 | 432  1847 |08-12 17:55:47
  2   2  94   0   0   1|   0     0 |  12M 1473k|   0     0 | 411  1828 |08-12 17:55:48
  2   3  95   0   0   1|   0     0 |  13M 1570k|   0     0 | 435  1840 |08-12 17:55:49
  2   1  97   0   0   1|   0     0 |  13M 1564k|   0     0 | 448  1960 |08-12 17:55:50
  2   2  95   0   0   2|   0     0 |  12M 1474k|   0     0 | 361  1831 |08-12 17:55:51
  1   3  95   0   0   2|   0     0 |  13M 1550k|   0     0 | 413  1890 |08-12 17:55:52
  1   3  95   0   0   2|   0     0 |  13M 1537k|   0     0 | 427  1957 |08-12 17:55:53
  2   3  94   0   0   2|   0     0 |  13M 1500k|   0     0 | 459  1925 |08-12 17:55:54
  1   5  93   0   0   1|   0     0 |  13M 1539k|   0     0 | 402  1936 |08-12 17:55:55
  1   3  94   0   0   2|   0     0 |  13M 1556k|   0     0 | 406  1947 |08-12 17:55:56
  2   2  95   0   0   2|   0    32k|  14M 1624k|   0     0 | 449  2029 |08-12 17:55:57
  2   1  96   0   0   2|   0     0 |  13M 1546k|   0     0 | 424  1947 |08-12 17:55:58
  1   2  96   0   0   1|   0     0 |  12M 1474k|   0     0 | 411  1779 |08-12 17:55:59
  1   3  95   0   0   1|   0     0 |  13M 1519k|   0     0 | 413  1884 |08-12 17:56:00
  1   2  96   0   0   1|   0     0 |  13M 1528k|   0     0 | 445  1941 |08-12 17:56:01
  2   1  97   0   0   1|   0     0 |  12M 1454k|   0     0 | 378  1827 |08-12 17:56:02
  2   2  93   1   0   1|   0    44k|  13M 1537k|   0     0 | 426  1999 |08-12 17:56:03
  1   1  96   0   0   2|   0     0 |  12M 1454k|   0     0 | 411  1850 |08-12 17:56:04
  1   2  96   0   0   2|   0     0 |  13M 1505k|   0     0 | 417  1890 |08-12 17:56:05
  1   3  96   0   0   1|   0     0 |  12M 1413k|   0     0 | 399  1762 |08-12 17:56:06
  0   3  96   0   0   1|   0    64k|  13M 1512k|   0     0 | 394  1886 |08-12 17:56:07
  2   2  95   0   0   2|   0     0 |  13M 1527k|   0     0 | 415  1915 |08-12 17:56:08
  2   2  95   0   0   2|   0     0 |  13M 1554k|   0     0 | 460  1966 |08-12 17:56:09
  1   3  94   0   0   3|   0     0 |  13M 1526k|   0     0 | 492  1979 |08-12 17:56:10
  2   1  96   0   0   2|   0     0 |  13M 1538k|   0     0 | 486  1884 |08-12 17:56:11
  1   2  97   0   0   1|   0     0 |  13M 1508k|   0     0 | 524  1891 |08-12 17:56:12
  2   2  95   0   0   1|   0     0 |  12M 1432k|   0     0 | 464  1774 |08-12 17:56:13
  1   4  93   0   0   2|   0     0 |  13M 1481k|   0     0 | 493  1960 |08-12 17:56:14
  1   3  95   0   0   2|   0     0 |  12M 1438k|   0     0 | 490  1864 |08-12 17:56:15
  1   1  98   0   0   0|   0     0 |5497k  629k|   0     0 | 226   816 |08-12 17:56:16
  1   0  99   0   0   0|   0    16k| 624B  638B|   0     0 |  43   200 |08-12 17:56:17
  0   0 100   0   0   0|   0     0 | 102B  192B|   0     0 |  22    51 |08-12 17:56:18
  1   0 100   0   0   0|   0     0 |5422B 2784B|   0     0 |  26    67 |08-12 17:56:19
  1   1  99   0   0   0|   0     0 |   0     0 |   0     0 |  35    87 |08-12 17:56:20
  0   0 100   0   0   0|   0     0 |   0     0 |   0     0 |  23    45 |08-12 17:56:21
  1   0 100   0   0   0|   0     0 |5422B 2784B|   0     0 |  27    83 |08-12 17:56:22
  0   0 100   0   0   0|   0     0 | 264B  264B|   0     0 |  23    49 |08-12 17:56:23
 11   3  86   0   0   0|   0     0 |5011B 4521B|   0     0 | 230   732 |08-12 17:56:24
  0   1  99   0   0   0|   0     0 |5422B 2784B|   0     0 |  34   103 |08-12 17:56:25
  0   0 100   0   0   0|   0     0 |   0     0 |   0     0 |  23    37 |08-12 17:56:26
  0   0 100   0   0   0|   0     0 |   0     0 |   0     0 |  24    42 |08-12 17:56:27
  0   0  99   0   0   0|   0  4096B|5422B 2784B|   0     0 |  22    57 |08-12 17:56:28
  0   0 100   0   0   0|   0     0 |   0     0 |   0     0 |  26    52 |08-12 17:56:29
  0   1  99   0   0   0|   0     0 |   0     0 |   0     0 |  36    79 |08-12 17:56:30
