[7l----total-cpu-usage---- -dsk/total- -net/total- ---paging-- ---system-- ----system----
usr sys idl wai hiq siq| read  writ| recv  send|  in   out | int   csw |     time     
  2   2  94   1   0   2|  28k   69k|   0     0 |   0     0 | 514  2009 |02-12 19:46:44
  0   0 100   0   0   0|   0     0 | 102B  204B|   0     0 |  26   132 |02-12 19:46:45
  1   0  99   0   0   0|   0     0 |5422B 2784B|   0     0 |  24    63 |02-12 19:46:46
  0   0 100   0   0   0|   0     0 |   0     0 |   0     0 |  21    34 |02-12 19:46:47
  1   1  99   0   0   0|   0     0 |   0     0 |   0     0 |  33    92 |02-12 19:46:48
  1   1  99   0   0   0|   0  4096B|5669B 3031B|   0     0 |  34   104 |02-12 19:46:49
  9   3  88   0   0   0|   0     0 |  13k  275k|   0     0 | 203   595 |02-12 19:46:50
  2   3  93   0   0   2|   0     0 | 156k 4690k|   0     0 | 477  2106 |02-12 19:46:51
  2   3  93   0   0   2|   0     0 | 181k 5276k|   0     0 | 650  2554 |02-12 19:46:52
  2   3  93   0   0   2|   0     0 | 182k 5456k|   0     0 | 540  2386 |02-12 19:46:53
  2   2  93   0   0   3|   0     0 | 214k 6410k|   0     0 | 625  2612 |02-12 19:46:54
  2   3  92   0   0   3|   0     0 | 225k 6574k|   0     0 | 602  2839 |02-12 19:46:55
  2   3  94   0   0   1|   0     0 | 237k 7099k|   0     0 | 782  3006 |02-12 19:46:56
  2   3  93   0   0   2|   0     0 | 245k 7337k|   0     0 | 643  3077 |02-12 19:46:57
  2   3  93   0   0   3|   0     0 | 239k 6992k|   0     0 | 643  2894 |02-12 19:46:58
  1   2  94   0   0   4|   0  8192B| 208k 6239k|   0     0 | 579  2608 |02-12 19:46:59
  2   2  94   0   0   2|   0     0 | 223k 6666k|   0     0 | 748  2728 |02-12 19:47:00
  1   2  95   0   0   2|   0     0 | 229k 6696k|   0     0 | 701  2788 |02-12 19:47:01
  3   2  92   0   0   2|   0     0 | 217k 6497k|   0     0 | 666  2680 |02-12 19:47:02
  2   4  94   0   0   1|   0     0 | 212k 6349k|   0     0 | 717  2789 |02-12 19:47:03
  1   3  94   0   0   3|   0  4096B| 197k 5750k|   0     0 | 671  2545 |02-12 19:47:04
  2   3  93   0   0   3|   0     0 | 216k 6477k|   0     0 | 705  2714 |02-12 19:47:05
  1   3  93   1   0   2|   0    44k| 215k 6456k|   0     0 | 659  2662 |02-12 19:47:06
  2   2  95   0   0   2|   0     0 | 214k 6243k|   0     0 | 589  2705 |02-12 19:47:07
  2   3  94   0   0   2|   0     0 | 245k 7357k|   0     0 | 734  2981 |02-12 19:47:08
  2   1  92   0   0   4|   0    40k| 226k 6760k|   0     0 | 670  2826 |02-12 19:47:09
  2   2  94   0   0   3|   0     0 | 225k 6589k|   0     0 | 700  2690 |02-12 19:47:10
  1   4  93   0   0   3|   0     0 | 224k 6706k|   0     0 | 746  2869 |02-12 19:47:11
  2   2  95   0   0   2|   0     0 | 210k 6280k|   0     0 | 666  2572 |02-12 19:47:12
  3   4  92   0   0   1|   0     0 | 227k 6623k|   0     0 | 706  2763 |02-12 19:47:13
  2   3  93   0   0   2|   0     0 | 207k 6210k|   0     0 | 611  2618 |02-12 19:47:14
  1   2  95   0   0   2|   0     0 | 220k 6578k|   0     0 | 706  2761 |02-12 19:47:15
  3   2  93   0   0   2|   0     0 | 222k 6488k|   0     0 | 565  2590 |02-12 19:47:16
  2   2  95   0   0   2|   0     0 | 223k 6690k|   0     0 | 686  2800 |02-12 19:47:17
  1   2  95   0   0   2|   0     0 | 222k 6641k|   0     0 | 654  2692 |02-12 19:47:18
  1   1  97   0   0   1|   0  4096B| 217k 6331k|   0     0 | 615  2533 |02-12 19:47:19
  1   1  96   0   0   2|   0     0 | 192k 5763k|   0     0 | 550  2369 |02-12 19:47:20
  2   3  92   0   0   3|   0     0 | 219k 6567k|   0     0 | 689  2739 |02-12 19:47:21
  2   2  92   0   0   4|   0     0 | 217k 6348k|   0     0 | 647  2681 |02-12 19:47:22
  2   3  94   0   0   1|   0     0 | 230k 6907k|   0     0 | 636  2680 |02-12 19:47:23
  3   2  93   0   0   3|   0     0 | 216k 6456k|   0     0 | 668  2683 |02-12 19:47:24
  3   2  93   0   0   2|   0  8192B| 214k 6272k|   0     0 | 672  2648 |02-12 19:47:25
  2   2  91   0   0   5|   0     0 | 205k 6145k|   0     0 | 654  2645 |02-12 19:47:26
  2   2  94   0   0   2|   0     0 | 204k 6112k|   0     0 | 651  2520 |02-12 19:47:27
  1   3  93   0   0   3|   0     0 | 217k 6509k|   0     0 | 678  2736 |02-12 19:47:28
  3   3  92   0   0   2|   0     0 | 223k 6536k|   0     0 | 732  2737 |02-12 19:47:29
  3   2  92   0   0   3|   0     0 | 222k 6665k|   0     0 | 731  2805 |02-12 19:47:30
  3   3  92   0   0   2|   0     0 | 221k 6615k|   0     0 | 686  2806 |02-12 19:47:31
  2   3  94   0   0   2|   0     0 | 244k 7155k|   0     0 | 787  3005 |02-12 19:47:32
  0   3  95   0   0   2|   0     0 | 219k 6491k|   0     0 | 706  2766 |02-12 19:47:33
  2   4  93   0   0   1|   0     0 | 223k 6668k|   0     0 | 680  2715 |02-12 19:47:34
  2   2  93   0   0   3|   0     0 | 231k 6766k|   0     0 | 706  2858 |02-12 19:47:35
  3   2  91   3   0   2|   0    20k| 236k 7062k|   0     0 | 732  2822 |02-12 19:47:36
  2   2  93   0   0   3|   0     0 | 214k 6406k|   0     0 | 661  2683 |02-12 19:47:37
  2   2  93   0   0   3|   0     0 | 226k 6626k|   0     0 | 724  2750 |02-12 19:47:38
  3   1  95   0   0   2|   0     0 | 215k 6431k|   0     0 | 608  2753 |02-12 19:47:39
  2   3  94   0   0   2|   0     0 | 217k 6509k|   0     0 | 668  2744 |02-12 19:47:40
  3   1  94   0   0   2|   0     0 | 222k 6492k|   0     0 | 704  2703 |02-12 19:47:41
  2   3  93   0   0   2|   0     0 | 224k 6710k|   0     0 | 661  2862 |02-12 19:47:42
  3   1  93   0   0   3|   0     0 | 213k 6353k|   0     0 | 708  2708 |02-12 19:47:43
  4   2  93   0   0   2|   0     0 | 214k 6271k|   0     0 | 618  2648 |02-12 19:47:44
  2   3  93   0   0   2|   0     0 | 217k 6499k|   0     0 | 615  2536 |02-12 19:47:45
  1   2  95   0   0   2|   0     0 | 205k 6136k|   0     0 | 648  2497 |02-12 19:47:46
  3   3  93   0   0   2|   0     0 | 241k 7069k|   0     0 | 715  2868 |02-12 19:47:47
  2   3  94   0   0   2|   0     0 | 225k 6730k|   0     0 | 712  2816 |02-12 19:47:48
  1   2  95   0   0   2|   0     0 | 221k 6629k|   0     0 | 715  2698 |02-12 19:47:49
  2   1  96   0   0   2|   0  8192B| 175k 4938k|   0     0 | 469  2237 |02-12 19:47:50
  1   0  99   0   0   0|   0     0 |4584B 4598B|   0     0 |  49   218 |02-12 19:47:51
  1   0 100   0   0   0|   0     0 |   0     0 |   0     0 |  19    32 |02-12 19:47:52
  1   1  99   0   0   0|   0     0 |5422B 2784B|   0     0 |  41   125 |02-12 19:47:53
  0   0 100   0   0   0|   0     0 |   0     0 |   0     0 |  21    41 |02-12 19:47:54
  0   0 100   0   0   0|   0  8192B|   0     0 |   0     0 |  20    36 |02-12 19:47:55
  1   0 100   0   0   0|   0     0 |5422B 2784B|   0     0 |  25    63 |02-12 19:47:56
  0   0 100   0   0   0|   0     0 |   0     0 |   0     0 |  21    37 |02-12 19:47:57
  1   0  99   0   0   0|   0     0 |   0     0 |   0     0 |  34    81 |02-12 19:47:58
  1   0  99   0   0   0|   0     0 |  10k 7720B|   0     0 |  27    77 |02-12 19:47:59
  0   1  99   0   0   0|   0     0 |2155B 2203B|   0     0 |  41   109 |02-12 19:48:00
 10   3  87   0   0   0|   0     0 |2724B 2318B|   0     0 | 220   664 |02-12 19:48:01
  1   0 100   0   0   0|   0     0 |5422B 2784B|   0     0 |  26    67 |02-12 19:48:02
  0   1 100   0   0   0|   0     0 |   0     0 |   0     0 |  33    67 |02-12 19:48:03
  0   0 100   0   0   0|   0     0 |   0     0 |   0     0 |  23    56 |02-12 19:48:04
  1   0 100   0   0   0|   0     0 |5422B 2784B|   0     0 |  25    58 |02-12 19:48:05
  0   0 100   0   0   0|   0     0 |   0     0 |   0     0 |  23    45 |02-12 19:48:06
  0   0  99   1   0   0|   0    24k|   0     0 |   0     0 |  22    65 |02-12 19:48:07
  1   0  99   0   0   0|   0     0 |5422B 2784B|   0     0 |  22    72 |02-12 19:48:08
  1   0 100   0   0   0|   0     0 |   0     0 |   0     0 |  34    78 |02-12 19:48:09
  0   0 100   0   0   0|   0     0 |   0     0 |   0     0 |  24    39 |02-12 19:48:10
  1   0  99   0   0   0|   0    12k|5422B 2784B|   0     0 |  24    72 |02-12 19:48:11
  1   0 100   0   0   0|   0     0 |   0     0 |   0     0 |  23    45 |02-12 19:48:12
  0   0 100   0   0   0|   0     0 |   0     0 |   0     0 |  25    49 |02-12 19:48:13
  2   0  98   0   0   0|   0     0 |7465B 4701B|   0     0 |  48   159 |02-12 19:48:14
  7   4  89   0   0   0|   0     0 |6038B  151k|   0     0 | 202   574 |02-12 19:48:15
  1   1  98   0   0   1|   0     0 |  73k 2215k|   0     0 | 209  1017 |02-12 19:48:16
  2   3  93   0   0   2|   0     0 | 208k 6075k|   0     0 | 663  2580 |02-12 19:48:17
  2   2  95   0   0   1|   0     0 | 215k 6444k|   0     0 | 681  2708 |02-12 19:48:18
  2   3  94   0   0   1|   0     0 | 216k 6468k|   0     0 | 726  2737 |02-12 19:48:19
  2   2  93   0   0   3|   0     0 | 218k 6385k|   0     0 | 669  2743 |02-12 19:48:20
  2   2  94   0   0   3|   0  8192B| 222k 6653k|   0     0 | 638  2633 |02-12 19:48:21
  1   2  95   0   0   2|   0     0 | 221k 6624k|   0     0 | 717  2791 |02-12 19:48:22
  2   3  94   0   0   1|   0     0 | 243k 7138k|   0     0 | 716  2895 |02-12 19:48:23
  2   2  94   0   0   2|   0     0 | 223k 6653k|   0     0 | 692  2746 |02-12 19:48:24
  2   1  96   0   0   1|   0     0 | 214k 6424k|   0     0 | 670  2687 |02-12 19:48:25
  2   4  93   0   0   2|   0  4096B| 226k 6606k|   0     0 | 701  2889 |02-12 19:48:26
  2   2  94   0   0   2|   0     0 | 220k 6599k|   0     0 | 676  2822 |02-12 19:48:27
  2   3  94   0   0   2|   0     0 | 197k 5882k|   0     0 | 709  2706 |02-12 19:48:28
  2   3  94   0   0   2|   0     0 | 231k 6766k|   0     0 | 677  2924 |02-12 19:48:29
  1   3  94   0   0   2|   0     0 | 221k 6632k|   0     0 | 619  2772 |02-12 19:48:30
  3   2  94   0   0   2|   0  4096B| 223k 6673k|   0     0 | 629  2798 |02-12 19:48:31
  2   2  94   0   0   2|   0     0 | 236k 6921k|   0     0 | 687  2978 |02-12 19:48:32
  3   3  94   0   0   1|   0     0 | 219k 6483k|   0     0 | 653  2778 |02-12 19:48:33
  3   4  92   0   0   1|   0     0 | 220k 6608k|   0     0 | 659  2887 |02-12 19:48:34
  2   2  94   0   0   2|   0     0 | 214k 6245k|   0     0 | 630  2688 |02-12 19:48:35
  1   3  95   0   0   2|   0     0 | 213k 6387k|   0     0 | 618  2557 |02-12 19:48:36
  2   4  92   0   0   2|   0     0 | 214k 6427k|   0     0 | 661  2870 |02-12 19:48:37
  2   3  92   1   0   3|   0    40k| 223k 6516k|   0     0 | 653  2746 |02-12 19:48:38
  3   2  93   0   0   2|   0     0 | 229k 6841k|   0     0 | 611  2828 |02-12 19:48:39
  1   3  95   0   0   2|   0     0 | 220k 6583k|   0     0 | 674  2742 |02-12 19:48:40
  2   3  93   0   0   2|   0     0 | 237k 6934k|   0     0 | 680  2849 |02-12 19:48:41
  1   3  93   0   0   3|   0     0 | 223k 6693k|   0     0 | 714  2777 |02-12 19:48:42
  2   2  94   0   0   2|   0     0 | 212k 6345k|   0     0 | 644  2559 |02-12 19:48:43
  3   3  92   0   0   3|   0     0 | 230k 6743k|   0     0 | 722  2928 |02-12 19:48:44
  1   2  94   0   0   4|   0     0 | 227k 6813k|   0     0 | 713  2841 |02-12 19:48:45
  1   2  95   0   0   2|   0     0 | 218k 6514k|   0     0 | 645  2719 |02-12 19:48:46
  2   3  92   0   0   3|   0  8192B| 245k 7192k|   0     0 | 623  2825 |02-12 19:48:47
  3   3  93   0   0   2|   0     0 | 227k 6808k|   0     0 | 703  2831 |02-12 19:48:48
  2   3  93   0   0   3|   0     0 | 221k 6632k|   0     0 | 632  2821 |02-12 19:48:49
  2   3  93   0   0   3|   0     0 | 219k 6389k|   0     0 | 691  2635 |02-12 19:48:50
  2   3  93   0   0   2|   0     0 | 215k 6443k|   0     0 | 605  2626 |02-12 19:48:51
  1   3  93   0   0   3|   0  4096B| 219k 6570k|   0     0 | 649  2818 |02-12 19:48:52
  1   2  96   0   0   2|   0     0 | 233k 6920k|   0     0 | 589  2682 |02-12 19:48:53
  3   3  92   0   0   3|   0     0 | 222k 6561k|   0     0 | 648  2751 |02-12 19:48:54
  3   2  95   0   0   1|   0     0 | 202k 6050k|   0     0 | 558  2540 |02-12 19:48:55
  4   2  94   0   0   1|   0     0 | 220k 6605k|   0     0 | 682  2833 |02-12 19:48:56
  2   3  92   0   0   2|   0     0 | 237k 6954k|   0     0 | 652  2877 |02-12 19:48:57
  1   1  97   0   0   1|   0     0 | 220k 6607k|   0     0 | 662  2766 |02-12 19:48:58
  3   3  92   0   0   3|   0     0 | 233k 7000k|   0     0 | 716  2938 |02-12 19:48:59
  1   3  93   0   0   3|   0     0 | 215k 6275k|   0     0 | 557  2430 |02-12 19:49:00
  1   1  95   0   0   3|   0     0 | 211k 6316k|   0     0 | 621  2593 |02-12 19:49:01
  2   1  96   0   0   2|   0     0 | 219k 6571k|   0     0 | 562  2629 |02-12 19:49:02
  3   3  92   0   0   3|   0     0 | 226k 6619k|   0     0 | 646  2722 |02-12 19:49:03
  1   2  96   0   0   2|   0     0 | 208k 6235k|   0     0 | 650  2625 |02-12 19:49:04
  1   2  95   0   0   2|   0     0 | 205k 6128k|   0     0 | 660  2579 |02-12 19:49:05
  4   4  90   0   0   2|   0     0 | 227k 6647k|   0     0 | 704  2850 |02-12 19:49:06
  1   2  96   0   0   2|   0     0 | 206k 6193k|   0     0 | 662  2710 |02-12 19:49:07
  2   2  93   1   0   3|   0    24k| 235k 7046k|   0     0 | 701  2863 |02-12 19:49:08
  3   4  91   0   0   2|   0     0 | 234k 6850k|   0     0 | 674  2769 |02-12 19:49:09
  1   3  95   0   0   2|   0     0 | 214k 6419k|   0     0 | 623  2639 |02-12 19:49:10
  2   3  93   0   0   2|   0     0 | 220k 6583k|   0     0 | 719  2853 |02-12 19:49:11
  3   3  92   0   0   2|   0    24k| 234k 6848k|   0     0 | 750  2918 |02-12 19:49:12
  1   5  91   0   0   2|   0     0 | 221k 6624k|   0     0 | 675  2776 |02-12 19:49:13
  2   3  94   0   0   1|   0     0 | 213k 6391k|   0     0 | 673  2789 |02-12 19:49:14
  4   4  90   0   0   3|   0     0 | 376k   11M|   0     0 | 949  3863 |02-12 19:49:15
  2   4  91   0   0   4|   0     0 | 486k   14M|   0     0 | 939  4176 |02-12 19:49:16
  0   1 100   0   0   0|   0  8192B|4224B 4466B|   0     0 |  28    61 |02-12 19:49:17
  1   1  98   0   0   0|   0     0 |6082B 3380B|   0     0 |  43   211 |02-12 19:49:18
  0   1 100   0   0   0|   0     0 | 132B   54B|   0     0 |  36    82 |02-12 19:49:19
  0   0 100   0   0   0|   0     0 |   0     0 |   0     0 |  22    41 |02-12 19:49:20
  1   0  99   0   0   0|   0     0 |5422B 2784B|   0     0 |  29    74 |02-12 19:49:21
  0   0 100   0   0   0|   0     0 |   0     0 |   0     0 |  23    45 |02-12 19:49:22
  0   0 100   0   0   0|   0     0 |   0     0 |   0     0 |  22    53 |02-12 19:49:23
  1   1  98   0   0   0|   0     0 |5422B 2784B|   0     0 |  41   108 |02-12 19:49:24
  0   0 100   0   0   0|   0     0 |   0   378B|   0     0 |  23    43 |02-12 19:49:25
  0   0 100   0   0   0|   0     0 |   0   126B|   0     0 |  23    43 |02-12 19:49:26
  1   0 100   0   0   0|   0  8192B|5524B 3046B|   0     0 |  26    74 |02-12 19:49:27
  0   0 100   0   0   0|   0     0 | 540B  234B|   0     0 |  23    46 |02-12 19:49:28
  0   0  99   0   0   0|   0     0 |   0     0 |   0     0 |  36    75 |02-12 19:49:29
  0   0  99   0   0   0|   0     0 |5602B 2862B|   0     0 |  24    64 |02-12 19:49:30
  0   0 100   0   0   0|   0     0 |   0     0 |   0     0 |  24    42 |02-12 19:49:31
  1   0 100   0   0   0|   0     0 |   0     0 |   0     0 |  23    36 |02-12 19:49:32
  1   1  98   0   0   0|   0     0 |8102B 8348B|   0     0 |  54   143 |02-12 19:49:33
  0   0  99   0   0   0|   0     0 |   0     0 |   0     0 |  37    94 |02-12 19:49:34
  0   0 100   0   0   0|   0     0 |   0     0 |   0     0 |  25    50 |02-12 19:49:35
  1   0 100   0   0   0|   0     0 |5422B 2784B|   0     0 |  23    58 |02-12 19:49:36
  0   0 100   0   0   0|   0     0 |   0     0 |   0     0 |  20    26 |02-12 19:49:37
  1   0 100   0   0   0|   0     0 |   0     0 |   0     0 |  24    55 |02-12 19:49:38
  1   0  96   2   0   0|   0    48k|5422B 2784B|   0     0 |  40   118 |02-12 19:49:39
  0   0 100   0   0   0|   0     0 |   0     0 |   0     0 |  21    38 |02-12 19:49:40
  0   0 100   0   0   0|   0     0 |   0     0 |   0     0 |  22    30 |02-12 19:49:41
  0   0  99   0   0   0|   0     0 |5422B 2784B|   0     0 |  30    87 |02-12 19:49:42
  0   0 100   0   0   0|   0     0 |   0     0 |   0     0 |  24    46 |02-12 19:49:43
  0   0  99   0   0   0|   0     0 |   0     0 |   0     0 |  36    76 |02-12 19:49:44
  1   0  99   0   0   0|   0     0 |9646B 7008B|   0     0 |  31   181 |02-12 19:49:45
  0   0 100   0   0   0|   0     0 |   0     0 |   0     0 |  25    48 |02-12 19:49:46
  0   0 100   0   0   0|   0     0 |   0     0 |   0     0 |  23    42 |02-12 19:49:47
  1   0  99   0   0   0|   0  4096B|5422B 2784B|   0     0 |  22    81 |02-12 19:49:48
  1   0 100   0   0   0|   0     0 |   0     0 |   0     0 |  33    64 |02-12 19:49:49
  0   0 100   0   0   0|   0     0 |   0     0 |   0     0 |  23    35 |02-12 19:49:50
  1   0  99   0   0   0|   0     0 |5464B 2826B|   0     0 |  24    76 |02-12 19:49:51
  1   0  99   0   0   0|   0     0 |1715B 1289B|   0     0 |  32    70 |02-12 19:49:52
  9   3  88   0   0   1|   0     0 |3098B 3232B|   0     0 | 208   680 |02-12 19:49:53
  1   0  99   0   0   0|   0     0 |5680B 2982B|   0     0 |  36   129 |02-12 19:49:54
  0   0 100   0   0   0|   0     0 |   0     0 |   0     0 |  24    45 |02-12 19:49:55
  0   0 100   0   0   0|   0     0 |   0     0 |   0     0 |  23    41 |02-12 19:49:56
  1   1  99   0   0   0|   0     0 |5422B 2784B|   0     0 |  29    69 |02-12 19:49:57
  0   0 100   0   0   0|   0  8192B|   0     0 |   0     0 |  23    47 |02-12 19:49:58
  0   1  99   0   0   0|   0     0 |   0     0 |   0     0 |  35    77 |02-12 19:49:59
  1   0  99   0   0   0|   0     0 |5844B 3496B|   0     0 |  27    72 |02-12 19:50:00
  0   0 100   0   0   0|   0     0 |   0     0 |   0     0 |  25    57 |02-12 19:50:01
  0   0 100   0   0   0|   0     0 |   0     0 |   0     0 |  23    51 |02-12 19:50:02
  1   0 100   0   0   0|   0     0 |5422B 2784B|   0     0 |  28   103 |02-12 19:50:03
  1   1  99   0   0   0|   0     0 |   0     0 |   0     0 |  38    98 |02-12 19:50:04
  0   0 100   0   0   0|   0     0 |   0     0 |   0     0 |  29    63 |02-12 19:50:05
  1   0  99   0   0   0|   0     0 |5422B 2784B|   0     0 |  30    94 |02-12 19:50:06
  0   0 100   0   0   0|   0     0 |   0     0 |   0     0 |  23    63 |02-12 19:50:07
  2   0  99   0   0   0|   0     0 |2725B 2601B|   0     0 |  63   162 |02-12 19:50:08
  8   5  87   0   0   1|   0     0 |  66k 1767k|   0     0 | 356  1257 |02-12 19:50:09
  1   2  91   4   0   3|   0    40k| 159k 4758k|   0     0 | 554  2266 |02-12 19:50:10
  2   1  95   0   0   2|   0     0 | 188k 5630k|   0     0 | 622  2486 |02-12 19:50:11
  3   3  93   0   0   2|   0     0 | 209k 6117k|   0     0 | 614  2542 |02-12 19:50:12
  2   2  94   0   0   2|   0     0 | 211k 6330k|   0     0 | 663  2672 |02-12 19:50:13
  1   2  95   0   0   2|   0    60k| 225k 6726k|   0     0 | 707  2878 |02-12 19:50:14
  3   5  91   0   0   2|   0     0 | 234k 6848k|   0     0 | 656  2646 |02-12 19:50:15
  2   3  94   0   0   2|   0     0 | 221k 6595k|   0     0 | 647  2705 |02-12 19:50:16
  2   3  93   0   0   2|   0     0 | 206k 6189k|   0     0 | 619  2483 |02-12 19:50:17
  1   2  95   0   0   2|   0     0 | 216k 6465k|   0     0 | 677  2714 |02-12 19:50:18
  2   3  93   0   0   2|   0     0 | 216k 6331k|   0     0 | 586  2539 |02-12 19:50:19
  1   3  94   0   0   2|   0     0 | 215k 6452k|   0     0 | 602  2618 |02-12 19:50:20
  1   2  95   0   0   2|   0     0 | 218k 6543k|   0     0 | 713  2782 |02-12 19:50:21
  2   4  91   0   0   2|   0     0 | 208k 6083k|   0     0 | 659  2644 |02-12 19:50:22
  2   3  92   0   0   4|   0     0 | 216k 6489k|   0     0 | 671  2811 |02-12 19:50:23
  3   2  94   0   0   2|   0     0 | 224k 6719k|   0     0 | 691  2826 |02-12 19:50:24
  2   2  94   0   0   2|   0     0 | 225k 6578k|   0     0 | 606  2600 |02-12 19:50:25
  2   2  93   0   0   3|   0     0 | 237k 7092k|   0     0 | 639  2796 |02-12 19:50:26
  1   3  93   0   0   3|   0     0 | 223k 6668k|   0     0 | 601  2697 |02-12 19:50:27
  2   4  93   0   0   2|   0     0 | 206k 6032k|   0     0 | 584  2550 |02-12 19:50:28
  3   4  92   0   0   2|   0     0 | 215k 6427k|   0     0 | 647  2703 |02-12 19:50:29
  1   2  94   0   0   3|   0     0 | 214k 6423k|   0     0 | 678  2668 |02-12 19:50:30
  2   3  93   0   0   2|   0     0 | 220k 6446k|   0     0 | 659  2679 |02-12 19:50:31
  2   3  93   0   0   3|   0     0 | 231k 6932k|   0     0 | 703  2794 |02-12 19:50:32
  2   3  93   0   0   2|   0     0 | 208k 6146k|   0     0 | 627  2621 |02-12 19:50:33
  2   3  94   0   0   2|   0     0 | 219k 6410k|   0     0 | 612  2682 |02-12 19:50:34
  2   3  94   0   0   2|   0     0 | 212k 6349k|   0     0 | 613  2575 |02-12 19:50:35
  1   4  95   0   0   1|   0     0 | 226k 6787k|   0     0 | 676  2816 |02-12 19:50:36
  2   4  92   0   0   2|   0     0 | 230k 6721k|   0     0 | 675  2927 |02-12 19:50:37
  2   2  96   0   0   1|   0     0 | 213k 6391k|   0     0 | 616  2691 |02-12 19:50:38
  2   3  94   0   0   2|   0     0 | 228k 6833k|   0     0 | 676  2906 |02-12 19:50:39
  2   3  91   2   0   2|   0    44k| 212k 6180k|   0     0 | 613  2556 |02-12 19:50:40
  2   3  93   0   0   2|   0     0 | 219k 6575k|   0     0 | 720  2868 |02-12 19:50:41
  1   3  93   0   0   3|   0     0 | 201k 6018k|   0     0 | 655  2594 |02-12 19:50:42
  2   3  93   0   0   3|   0     0 | 223k 6536k|   0     0 | 691  2744 |02-12 19:50:43
  3   3  94   0   0   1|   0     0 | 216k 6485k|   0     0 | 664  2729 |02-12 19:50:44
  2   2  93   0   0   3|   0    16k| 215k 6420k|   0     0 | 675  2776 |02-12 19:50:45
  3   2  93   0   0   3|   0     0 | 221k 6484k|   0     0 | 682  2796 |02-12 19:50:46
  1   3  94   0   0   2|   0     0 | 220k 6587k|   0     0 | 685  2752 |02-12 19:50:47
  2   2  95   0   0   2|   0     0 | 218k 6534k|   0     0 | 695  2755 |02-12 19:50:48
  3   3  91   0   0   2|   0     0 | 210k 6139k|   0     0 | 617  2553 |02-12 19:50:49
  1   3  95   0   0   2|   0     0 | 215k 6432k|   0     0 | 648  2635 |02-12 19:50:50
  2   2  93   0   0   3|   0     0 | 213k 6366k|   0     0 | 652  2570 |02-12 19:50:51
  1   2  96   0   0   2|   0     0 | 206k 6003k|   0     0 | 642  2599 |02-12 19:50:52
  2   3  92   0   0   2|   0     0 | 211k 6316k|   0     0 | 680  2746 |02-12 19:50:53
  2   1  96   0   0   1|   0     0 | 217k 6493k|   0     0 | 706  2854 |02-12 19:50:54
  2   4  93   0   0   2|   0     0 | 205k 5979k|   0     0 | 627  2546 |02-12 19:50:55
  2   1  95   0   0   2|   0     0 | 208k 6215k|   0     0 | 645  2624 |02-12 19:50:56
  2   2  94   0   0   3|   0     0 | 230k 6882k|   0     0 | 659  2705 |02-12 19:50:57
  1   3  95   0   0   1|   0     0 | 224k 6536k|   0     0 | 578  2573 |02-12 19:50:58
  2   2  95   0   0   1|   0     0 | 214k 6406k|   0     0 | 701  2682 |02-12 19:50:59
  2   2  94   0   0   2|   0     0 | 217k 6530k|   0     0 | 687  2753 |02-12 19:51:00
  3   4  93   0   0   2|   0     0 | 216k 6293k|   0     0 | 650  2599 |02-12 19:51:01
  2   3  95   0   0   1|   0     0 | 197k 5900k|   0     0 | 649  2507 |02-12 19:51:02
  2   2  96   0   0   1|   0     0 | 213k 6366k|   0     0 | 677  2644 |02-12 19:51:03
  2   4  91   0   0   4|   0     0 | 228k 6661k|   0     0 | 689  2721 |02-12 19:51:04
  2   2  94   0   0   2|   0     0 | 221k 6615k|   0     0 | 697  2749 |02-12 19:51:05
  2   2  93   0   0   3|   0     0 | 214k 6406k|   0     0 | 598  2600 |02-12 19:51:06
  2   2  94   0   0   2|   0     0 | 206k 6029k|   0     0 | 601  2670 |02-12 19:51:07
  3   3  93   0   0   2|   0     0 | 221k 6616k|   0     0 | 640  2708 |02-12 19:51:08
  1   2  97   0   0   1|   0     0 | 139k 4039k|   0     0 | 408  1764 |02-12 19:51:09
  1   1  96   2   0   0|   0    56k|  10k 7382B|   0     0 |  44   225 |02-12 19:51:10
  0   0 100   0   0   0|   0     0 |   0     0 |   0     0 |  21    41 |02-12 19:51:11
  0   0 100   0   0   0|   0     0 |   0     0 |   0     0 |  24    33 |02-12 19:51:12
  1   0  99   0   0   0|   0     0 |5422B 2784B|   0     0 |  27    63 |02-12 19:51:13
  1   0 100   0   0   0|   0     0 |   0     0 |   0     0 |  33    81 |02-12 19:51:14
  0   0 100   0   0   0|   0     0 |   0     0 |   0     0 |  23    45 |02-12 19:51:15
  1   0 100   0   0   0|   0    12k|5422B 2784B|   0     0 |  28    72 |02-12 19:51:16
  1   0 100   0   0   0|   0     0 |   0     0 |   0     0 |  23    38 |02-12 19:51:17
  0   0 100   0   0   0|   0     0 |4224B 4224B|   0     0 |  24    46 |02-12 19:51:18
  2   1  98   0   0   0|   0     0 |7137B 4139B|   0     0 |  48   149 |02-12 19:51:19
  5   3  92   0   0   0|   0     0 |1906B 1406B|   0     0 | 123   356 |02-12 19:51:20
  3   3  94   0   0   0|   0     0 |1390B 1760B|   0     0 | 113   376 |02-12 19:51:21
  1   0 100   0   0   0|   0     0 |5422B 2784B|   0     0 |  26    75 |02-12 19:51:22
  0   0 100   0   0   0|   0     0 |   0     0 |   0     0 |  23    43 |02-12 19:51:23
  1   0 100   0   0   0|   0     0 |   0     0 |   0     0 |  32    79 |02-12 19:51:24
  1   1  99   0   0   0|   0     0 |5422B 2784B|   0     0 |  26    71 |02-12 19:51:25
  0   0 100   0   0   0|   0     0 |   0     0 |   0     0 |  24    51 |02-12 19:51:26
  1   0 100   0   0   0|   0     0 |   0     0 |   0     0 |  24    39 |02-12 19:51:27
  1   0 100   0   0   0|   0     0 |5422B 2784B|   0     0 |  26    70 |02-12 19:51:28
  1   0 100   0   0   0|   0     0 |   0     0 |   0     0 |  35    77 |02-12 19:51:29
  0   0 100   0   0   0|   0     0 |   0     0 |   0     0 |  25    48 |02-12 19:51:30
  1   0 100   0   0   0|   0     0 |5422B 2784B|   0     0 |  24    67 |02-12 19:51:31
  0   0 100   0   0   0|   0     0 |   0     0 |   0     0 |  24    35 |02-12 19:51:32
  1   1  99   0   0   0|   0     0 |2680B 5564B|   0     0 |  44   125 |02-12 19:51:33
  1   0  99   0   0   0|   0     0 |5422B 2784B|   0     0 |  37   105 |02-12 19:51:34
  1   1  99   0   0   0|   0     0 |1829B 1851B|   0     0 |  33    88 |02-12 19:51:35
  2   1  97   0   0   0|   0     0 |1482B  844B|   0     0 | 110   302 |02-12 19:51:36
  7   4  89   0   0   1|   0     0 |  72k 2006k|   0     0 | 267  1079 |02-12 19:51:37
  3   6  87   0   0   5|   0     0 | 410k   12M|   0     0 |1159  4709 |02-12 19:51:38
  3   7  86   0   0   4|   0     0 | 517k   15M|   0     0 |1294  5274 |02-12 19:51:39
  3   5  87   1   0   4|   0    60k| 545k   16M|   0     0 |1236  5193 |02-12 19:51:40
  3   6  86   0   0   5|   0    56k| 543k   16M|   0     0 |1390  5536 |02-12 19:51:41
  4   7  87   0   0   3|   0     0 | 465k   14M|   0     0 |1213  5001 |02-12 19:51:42
  3   5  89   0   0   3|   0     0 | 371k   11M|   0     0 | 997  4163 |02-12 19:51:43
  4   6  89   0   0   2|   0     0 | 365k   11M|   0     0 | 934  4010 |02-12 19:51:44
  3   4  90   0   0   4|   0     0 | 359k   11M|   0     0 | 940  4084 |02-12 19:51:45
  3   4  91   0   0   3|   0     0 | 359k   11M|   0     0 |1014  4150 |02-12 19:51:46
  3   4  90   0   0   3|   0     0 | 364k   11M|   0     0 | 953  3999 |02-12 19:51:47
  3   4  91   0   0   2|   0     0 | 351k   10M|   0     0 | 998  3940 |02-12 19:51:48
  4   4  89   0   0   4|   0     0 | 361k   11M|   0     0 | 960  4057 |02-12 19:51:49
  3   3  92   0   0   2|   0     0 | 371k   11M|   0     0 | 986  4111 |02-12 19:51:50
  4   4  91   0   0   2|   0     0 | 363k   11M|   0     0 |1009  3905 |02-12 19:51:51
  4   4  89   0   0   4|   0     0 | 357k   11M|   0     0 |1027  4037 |02-12 19:51:52
  3   6  88   0   0   2|   0     0 | 365k   11M|   0     0 | 964  3929 |02-12 19:51:53
  2   4  91   0   0   3|   0     0 | 354k   10M|   0     0 |1004  3855 |02-12 19:51:54
  2   6  89   0   0   2|   0     0 | 358k   10M|   0     0 | 962  3796 |02-12 19:51:55
  4   3  90   0   0   3|   0     0 | 374k   11M|   0     0 |1000  3963 |02-12 19:51:56
  3   5  88   0   0   3|   0     0 | 355k   10M|   0     0 |1006  3866 |02-12 19:51:57
  3   4  91   0   0   2|   0     0 | 364k   11M|   0     0 |1012  3927 |02-12 19:51:58
  5   4  88   0   0   4|   0     0 | 372k   11M|   0     0 |1110  4230 |02-12 19:51:59
  3   4  88   0   0   4|   0     0 | 354k   10M|   0     0 | 961  3730 |02-12 19:52:00
  3   5  88   0   0   3|   0     0 | 369k   11M|   0     0 | 972  4009 |02-12 19:52:01
  3   4  90   0   0   3|   0     0 | 366k   11M|   0     0 | 946  3811 |02-12 19:52:02
  3   3  91   0   0   3|   0     0 | 368k   11M|   0     0 |1056  4151 |02-12 19:52:03
  3   4  88   0   0   5|   0     0 | 363k   11M|   0     0 |1005  4004 |02-12 19:52:04
  3   5  90   0   0   3|   0     0 | 357k   10M|   0     0 | 980  3780 |02-12 19:52:05
  3   5  90   0   0   4|   0     0 | 357k   10M|   0     0 |1012  4001 |02-12 19:52:06
  3   3  91   0   0   3|   0     0 | 364k   11M|   0     0 | 955  4054 |02-12 19:52:07
  4   4  88   0   0   3|   0     0 | 370k   11M|   0     0 | 967  4097 |02-12 19:52:08
  4   3  90   0   0   4|   0     0 | 360k   11M|   0     0 | 921  3969 |02-12 19:52:09
  3   3  90   2   0   3|   0    40k| 365k   11M|   0     0 | 987  4116 |02-12 19:52:10
  4   4  90   0   0   3|   0     0 | 376k   11M|   0     0 | 936  4165 |02-12 19:52:11
  2   4  91   0   0   3|   0    16k| 360k   11M|   0     0 | 828  3822 |02-12 19:52:12
  2   5  92   0   0   2|   0     0 | 354k   10M|   0     0 | 923  3858 |02-12 19:52:13
  4   4  87   0   0   4|   0     0 | 369k   11M|   0     0 |1018  4189 |02-12 19:52:14
  2   4  89   0   0   5|   0     0 | 366k   11M|   0     0 |1022  4051 |02-12 19:52:15
  2   4  93   0   0   2|   0     0 | 358k   10M|   0     0 | 958  3957 |02-12 19:52:16
  3   5  90   0   0   3|   0     0 | 361k   10M|   0     0 | 935  3829 |02-12 19:52:17
  4   4  89   0   0   4|   0     0 | 364k   11M|   0     0 | 962  4050 |02-12 19:52:18
  1   5  90   0   0   4|   0     0 | 362k   11M|   0     0 | 984  3953 |02-12 19:52:19
  4   3  89   0   0   5|   0     0 | 367k   11M|   0     0 | 929  3837 |02-12 19:52:20
  3   5  90   0   0   3|   0     0 | 353k   10M|   0     0 | 997  3849 |02-12 19:52:21
  2   5  91   0   0   3|   0     0 | 362k   11M|   0     0 |1016  4074 |02-12 19:52:22
  3   3  91   0   0   4|   0     0 | 367k   11M|   0     0 | 932  4090 |02-12 19:52:23
  2   3  92   0   0   4|   0     0 | 357k   10M|   0     0 | 963  3971 |02-12 19:52:24
  2   5  91   0   0   2|   0     0 | 367k   11M|   0     0 | 925  3925 |02-12 19:52:25
  4   3  91   0   0   3|   0     0 | 366k   11M|   0     0 | 980  4009 |02-12 19:52:26
  2   3  91   0   0   4|   0     0 | 353k   10M|   0     0 | 960  3843 |02-12 19:52:27
  2   4  91   0   0   4|   0     0 | 363k   11M|   0     0 |1047  4190 |02-12 19:52:28
  3   4  89   0   0   5|   0     0 | 376k   11M|   0     0 | 967  4041 |02-12 19:52:29
  3   4  90   0   0   4|   0     0 | 361k   11M|   0     0 | 966  3967 |02-12 19:52:30
  2   5  91   0   0   3|   0     0 | 362k   11M|   0     0 | 947  3869 |02-12 19:52:31
  3   4  91   0   0   2|   0     0 | 361k   10M|   0     0 | 979  3791 |02-12 19:52:32
  4   4  89   0   0   3|   0     0 | 365k   11M|   0     0 |1048  4098 |02-12 19:52:33
  2   5  90   0   0   3|   0     0 | 366k   11M|   0     0 | 972  4090 |02-12 19:52:34
  3   3  91   0   0   3|   0     0 | 358k   10M|   0     0 | 999  3970 |02-12 19:52:35
  4   4  91   0   0   2|   0     0 | 357k   10M|   0     0 |1009  3918 |02-12 19:52:36
  2   2  95   0   0   2|   0     0 | 233k 6847k|   0     0 | 608  2619 |02-12 19:52:37
  2   1  98   0   0   0|   0     0 |  10k 7382B|   0     0 |  44   259 |02-12 19:52:38
  0   1 100   0   0   0|   0     0 |   0     0 |   0     0 |  34    87 |02-12 19:52:39
  1   0 100   0   0   0|   0     0 |   0     0 |   0     0 |  25    38 |02-12 19:52:40
  1   0  98   2   0   0|   0    52k|5422B 2784B|   0     0 |  24    75 |02-12 19:52:41
  0   0 100   0   0   0|   0     0 |   0     0 |   0     0 |  25    46 |02-12 19:52:42
  0   0 100   0   0   0|   0    60k|   0     0 |   0     0 |  21    41 |02-12 19:52:43
  1   1  99   0   0   0|   0     0 |5422B 2784B|   0     0 |  43   105 |02-12 19:52:44
  0   0 100   0   0   0|   0     0 | 102B  192B|   0     0 |  22    41 |02-12 19:52:45
  0   0 100   0   0   0|   0     0 |4224B 4224B|   0     0 |  23    44 |02-12 19:52:46
  1   0  99   0   0   0|   0     0 |5422B 2784B|   0     0 |  27    80 |02-12 19:52:47
  1   1  99   0   0   0|   0     0 |2725B 2601B|   0     0 |  53   147 |02-12 19:52:48
  8   4  88   0   0   0|   0     0 |2286B 1920B|   0     0 | 213   645 |02-12 19:52:49
  1   0 100   0   0   0|   0     0 |5422B 2784B|   0     0 |  29    80 |02-12 19:52:50
  0   1 100   0   0   0|   0     0 |   0     0 |   0     0 |  18    29 |02-12 19:52:51
  0   0 100   0   0   0|   0     0 |   0     0 |   0     0 |  24    37 |02-12 19:52:52
  1   0 100   0   0   0|   0     0 |5422B 2784B|   0     0 |  26    85 |02-12 19:52:53
  0   1 100   0   0   0|   0     0 |   0     0 |   0     0 |  35    75 |02-12 19:52:54
  0   0 100   0   0   0|   0     0 |   0     0 |   0     0 |  24    41 |02-12 19:52:55
  1   0  99   0   0   0|   0     0 |5422B 2784B|   0     0 |  29    81 |02-12 19:52:56
  0   0 100   0   0   0|   0     0 |   0     0 |   0     0 |  18    24 |02-12 19:52:57
  0   0 100   0   0   0|   0     0 |   0     0 |   0     0 |  24    56 |02-12 19:52:58
  1   0 100   0   0   0|   0     0 |5168B 2718B|   0     0 |  38    92 |02-12 19:52:59
  1   0 100   0   0   0|   0     0 | 254B   66B|   0     0 |  26    59 |02-12 19:53:00
  0   0 100   0   0   0|   0     0 |   0     0 |   0     0 |  26    48 |02-12 19:53:01
  0   0 100   0   0   0|   0     0 |   0     0 |   0     0 |  23    46 |02-12 19:53:02
  1   0  99   0   0   0|   0     0 |5918B 3570B|   0     0 |  24    79 |02-12 19:53:03
  4   3  94   0   0   0|   0     0 |3547B 2621B|   0     0 | 156   386 |02-12 19:53:04
  6   3  91   0   0   0|   0     0 |  85k 2611k|   0     0 | 317  1287 |02-12 19:53:05
  1   2  96   0   0   1|   0     0 |  91k 2594k|   0     0 | 266  1123 |02-12 19:53:06
  2   2  94   0   0   2|   0     0 | 182k 5619k|   0     0 | 562  2212 |02-12 19:53:07
  2   3  93   0   0   3|   0     0 | 277k 8339k|   0     0 | 785  3179 |02-12 19:53:08
  3   5  89   0   0   3|   0  4096B| 385k   11M|   0     0 |1086  4400 |02-12 19:53:09
  1   5  92   0   0   3|   0     0 | 282k 8487k|   0     0 | 773  3151 |02-12 19:53:10
  3   3  92   0   0   3|   0     0 | 363k   11M|   0     0 |1035  4167 |02-12 19:53:11
  3   4  83   9   0   2|   0    40k| 372k   11M|   0     0 |1015  4101 |02-12 19:53:12
  3   3  92   0   0   3|   0     0 | 287k 8625k|   0     0 | 779  3234 |02-12 19:53:13
  1   0 100   0   0   0|   0  8192B|   0     0 |   0     0 |  37    85 |02-12 19:53:14
  2   3  93   0   0   2|   0     0 | 191k 5566k|   0     0 | 531  2150 |02-12 19:53:15
  1   0 100   0   0   0|   0     0 |  17k  522k|   0     0 |  68   242 |02-12 19:53:16
  1   2  97   0   0   1|   0     0 |  85k 2539k|   0     0 | 230   954 |02-12 19:53:17
  1   2  97   0   0   1|   0     0 | 108k 3085k|   0     0 | 317  1238 |02-12 19:53:18
  1   3  95   0   0   1|   0  4096B| 107k 3228k|   0     0 | 316  1236 |02-12 19:53:19
  3   3  93   0   0   2|   0     0 | 364k   11M|   0     0 |1031  4115 |02-12 19:53:20
  4   4  89   0   0   3|   0     0 | 356k   10M|   0     0 | 941  3883 |02-12 19:53:21
  3   4  91   0   0   3|   0     0 | 364k   11M|   0     0 |1032  4196 |02-12 19:53:22
  2   4  90   0   0   4|   0     0 | 359k   11M|   0     0 | 941  3797 |02-12 19:53:23
  4   4  90   0   0   3|   0     0 | 372k   11M|   0     0 | 999  3988 |02-12 19:53:24
  4   3  88   0   0   5|   0     0 | 368k   11M|   0     0 |1004  4097 |02-12 19:53:25
  3   5  89   0   0   3|   0     0 | 366k   11M|   0     0 | 998  4023 |02-12 19:53:26
  3   4  90   0   0   3|   0     0 | 374k   11M|   0     0 |1011  4080 |02-12 19:53:27
  1   4  93   0   0   2|   0     0 | 356k   10M|   0     0 | 975  4040 |02-12 19:53:28
  4   5  89   0   0   3|   0     0 | 364k   11M|   0     0 | 974  3891 |02-12 19:53:29
  3   5  90   0   0   3|   0     0 | 373k   11M|   0     0 | 977  4022 |02-12 19:53:30
  3   5  90   0   0   2|   0     0 | 360k   11M|   0     0 | 991  3873 |02-12 19:53:31
  2   5  90   0   0   4|   0     0 | 368k   11M|   0     0 | 986  4004 |02-12 19:53:32
  4   6  87   0   0   4|   0     0 | 373k   11M|   0     0 |1001  3978 |02-12 19:53:33
  3   4  90   0   0   3|   0     0 | 354k   10M|   0     0 | 970  3905 |02-12 19:53:34
  2   4  92   0   0   2|   0     0 | 372k   11M|   0     0 |1011  4158 |02-12 19:53:35
  2   4  90   0   0   4|   0     0 | 358k   10M|   0     0 | 971  3906 |02-12 19:53:36
  3   4  89   0   0   4|   0     0 | 367k   11M|   0     0 |1018  4180 |02-12 19:53:37
  3   4  91   0   0   2|   0     0 | 364k   11M|   0     0 | 972  3967 |02-12 19:53:38
  3   6  87   0   0   4|   0  8192B| 362k   10M|   0     0 | 942  3894 |02-12 19:53:39
  2   5  89   0   0   4|   0     0 | 378k   11M|   0     0 |1066  4156 |02-12 19:53:40
  3   6  89   0   0   3|   0     0 | 368k   11M|   0     0 |1004  4080 |02-12 19:53:41
  4   3  89   1   0   3|   0    48k| 363k   10M|   0     0 | 974  4067 |02-12 19:53:42
  3   5  88   0   0   3|   0     0 | 361k   11M|   0     0 |1003  3974 |02-12 19:53:43
  2   3  94   0   0   2|   0     0 | 364k   11M|   0     0 |1003  4063 |02-12 19:53:44
  5   4  89   0   0   3|   0    52k| 368k   11M|   0     0 | 955  3980 |02-12 19:53:45
  2   4  92   0   0   3|   0     0 | 366k   11M|   0     0 | 994  3950 |02-12 19:53:46
  3   5  89   0   0   4|   0     0 | 363k   11M|   0     0 |1002  4001 |02-12 19:53:47
  2   4  92   0   0   3|   0     0 | 368k   11M|   0     0 |1025  4086 |02-12 19:53:48
  3   4  90   0   0   4|   0     0 | 367k   11M|   0     0 | 953  3862 |02-12 19:53:49
  3   3  91   0   0   3|   0     0 | 368k   11M|   0     0 | 959  3883 |02-12 19:53:50
  3   3  90   0   0   5|   0     0 | 357k   10M|   0     0 | 939  3779 |02-12 19:53:51
  2   5  89   0   0   4|   0     0 | 372k   11M|   0     0 |1059  4313 |02-12 19:53:52
  4   5  89   0   0   2|   0     0 | 362k   11M|   0     0 |1017  3916 |02-12 19:53:53
  2   4  91   0   0   3|   0     0 | 368k   11M|   0     0 | 937  3818 |02-12 19:53:54
  0   0 100   0   0   0|   0     0 |   0     0 |   0     0 |  36    82 |02-12 19:53:55
  2   2  94   0   0   2|   0     0 | 199k 5970k|   0     0 | 569  2323 |02-12 19:53:56
  1   1  97   0   0   1|   0     0 |  69k 1923k|   0     0 | 211   839 |02-12 19:53:57
  2   2  95   0   0   2|   0     0 | 203k 6085k|   0     0 | 570  2255 |02-12 19:53:58
  0   0 100   0   0   0|   0     0 |8960B  263k|   0     0 |  47   151 |02-12 19:53:59
  3   5  90   0   0   3|   0     0 | 302k 8925k|   0     0 | 826  3309 |02-12 19:54:00
  2   5  90   0   0   3|   0     0 | 375k   11M|   0     0 |1026  4007 |02-12 19:54:01
  2   5  89   0   0   5|   0     0 | 364k   11M|   0     0 | 983  3977 |02-12 19:54:02
  3   3  91   0   0   3|   0     0 | 380k   11M|   0     0 |1077  4191 |02-12 19:54:03
  3   4  92   0   0   2|   0     0 | 357k   10M|   0     0 | 928  3748 |02-12 19:54:04
  1   1  97   0   0   1|   0     0 | 116k 3338k|   0     0 | 316  1284 |02-12 19:54:05
  1   1  98   0   0   0|   0     0 |  10k 7382B|   0     0 |  57   262 |02-12 19:54:06
  0   0 100   0   0   0|   0     0 |   0     0 |   0     0 |  22    43 |02-12 19:54:07
  0   0 100   0   0   0|   0     0 |   0     0 |   0     0 |  22    46 |02-12 19:54:08
  1   0  99   0   0   0|   0     0 |5422B 2784B|   0     0 |  29    65 |02-12 19:54:09
  0   0  99   0   0   0|   0  8192B|   0     0 |   0     0 |  34    83 |02-12 19:54:10
  0   0 100   0   0   0|   0     0 |   0     0 |   0     0 |  23    42 |02-12 19:54:11
  1   0 100   0   0   0|   0     0 |5422B 2784B|   0     0 |  28    56 |02-12 19:54:12
  0   0  99   2   0   0|   0    28k|4224B 4224B|   0     0 |  20    40 |02-12 19:54:13
  0   0 100   0   0   0|   0     0 |  74B   74B|   0     0 |  18    27 |02-12 19:54:14
  2   1  97   0   0   0|   0     0 |7781B 3791B|   0     0 |  68   174 |02-12 19:54:15
  7   4  89   0   0   0|   0     0 |2680B 3632B|   0     0 | 196   638 |02-12 19:54:16
  0   0 100   0   0   0|   0     0 |   0     0 |   0     0 |  23    38 |02-12 19:54:17
  0   0 100   0   0   0|   0     0 |   0     0 |   0     0 |  24    50 |02-12 19:54:18
  1   0  99   0   0   0|   0     0 |5422B 2784B|   0     0 |  28    84 |02-12 19:54:19
  0   1 100   0   0   0|   0  8192B|   0     0 |   0     0 |  35    87 |02-12 19:54:20
  1   0 100   0   0   0|   0     0 |   0     0 |   0     0 |  27    49 |02-12 19:54:21
  1   0 100   0   0   0|   0     0 |5422B 2784B|   0     0 |  31    76 |02-12 19:54:22
  0   0 100   0   0   0|   0     0 |   0     0 |   0     0 |  23    50 |02-12 19:54:23
  0   0 100   0   0   0|   0     0 |   0     0 |   0     0 |  23    39 |02-12 19:54:24
  1   0  99   0   0   0|   0     0 |5422B 2784B|   0     0 |  56   147 |02-12 19:54:25
  0   0 100   0   0   0|   0     0 |   0     0 |   0     0 |  24    40 |02-12 19:54:26
  0   0 100   0   0   0|   0     0 |   0     0 |   0     0 |  23    44 |02-12 19:54:27
  1   0  99   0   0   0|   0     0 |5422B 2784B|   0     0 |  34    86 |02-12 19:54:28
  0   0 100   0   0   0|   0     0 | 247B  140B|   0     0 |  25    43 |02-12 19:54:29
  8   5  88   0   0   0|   0     0 |3374B 3627B|   0     0 | 215   601 |02-12 19:54:30
  1   2  98   0   0   1|   0     0 |  44k 1140k|   0     0 | 122   510 |02-12 19:54:31
  1   2  96   0   0   1|   0     0 | 158k 4737k|   0     0 | 475  2038 |02-12 19:54:32
  4   5  89   0   0   3|   0     0 | 306k 9221k|   0     0 | 908  3663 |02-12 19:54:33
  3   6  89   0   0   3|   0     0 | 373k   11M|   0     0 |1013  4256 |02-12 19:54:34
  3   5  89   0   0   4|   0     0 | 356k   11M|   0     0 | 989  3967 |02-12 19:54:35
  3   4  90   0   0   4|   0     0 | 359k   11M|   0     0 |1052  3964 |02-12 19:54:36
  3   5  89   0   0   3|   0     0 | 368k   11M|   0     0 |1034  4152 |02-12 19:54:37
  4   5  90   0   0   2|   0     0 | 365k   11M|   0     0 | 975  3927 |02-12 19:54:38
  3   4  90   0   0   3|   0     0 | 368k   11M|   0     0 | 992  3953 |02-12 19:54:39
  4   4  89   0   0   3|   0     0 | 363k   11M|   0     0 | 901  3951 |02-12 19:54:40
  2   4  92   0   0   3|   0  4096B| 353k   10M|   0     0 |1015  4097 |02-12 19:54:41
  1   4  92   0   0   3|   0     0 | 366k   11M|   0     0 |1023  4068 |02-12 19:54:42
  3   3  91   0   0   3|   0     0 | 367k   11M|   0     0 | 949  3988 |02-12 19:54:43
  2   5  91   2   0   2|   0    64k| 362k   11M|   0     0 | 991  3941 |02-12 19:54:44
  3   4  91   0   0   3|   0     0 | 369k   11M|   0     0 |1026  4066 |02-12 19:54:45
  4   4  89   0   0   3|   0    52k| 382k   11M|   0     0 | 975  4003 |02-12 19:54:46
  4   4  90   0   0   3|   0     0 | 349k   10M|   0     0 | 911  3841 |02-12 19:54:47
  3   3  91   0   0   3|   0     0 | 364k   11M|   0     0 | 955  3879 |02-12 19:54:48
  3   4  89   0   0   5|   0     0 | 366k   11M|   0     0 | 883  3777 |02-12 19:54:49
  2   3  91   0   0   4|   0     0 | 369k   11M|   0     0 | 990  3940 |02-12 19:54:50
  3   4  90   0   0   4|   0  8192B| 369k   11M|   0     0 | 971  3828 |02-12 19:54:51
  3   4  90   0   0   4|   0     0 | 365k   11M|   0     0 |1068  4120 |02-12 19:54:52
  3   4  91   0   0   3|   0     0 | 363k   11M|   0     0 |1045  3999 |02-12 19:54:53
  3   4  90   0   0   3|   0     0 | 370k   11M|   0     0 |1071  4013 |02-12 19:54:54
  4   6  88   0   0   3|   0     0 | 369k   11M|   0     0 | 984  4074 |02-12 19:54:55
  3   2  93   0   0   2|   0     0 | 377k   11M|   0     0 |1058  4099 |02-12 19:54:56
  2   4  90   0   0   4|   0     0 | 356k   10M|   0     0 | 988  3777 |02-12 19:54:57
  4   5  89   0   0   2|   0     0 | 362k   10M|   0     0 | 904  3823 |02-12 19:54:58
  2   5  89   0   0   4|   0     0 | 369k   11M|   0     0 | 975  4033 |02-12 19:54:59
  4   4  91   0   0   2|   0     0 | 355k   10M|   0     0 | 927  3787 |02-12 19:55:00
  2   3  90   0   0   5|   0  8192B| 368k   11M|   0     0 | 908  3786 |02-12 19:55:01
  1   3  92   0   0   4|   0     0 | 364k   11M|   0     0 | 921  3819 |02-12 19:55:02
  2   4  92   0   0   2|   0     0 | 363k   11M|   0     0 | 991  3903 |02-12 19:55:03
  3   5  90   0   0   2|   0     0 | 380k   11M|   0     0 | 923  4143 |02-12 19:55:04
  3   5  90   0   0   3|   0     0 | 371k   11M|   0     0 | 969  4028 |02-12 19:55:05
  2   5  90   0   0   4|   0     0 | 337k   10M|   0     0 | 909  3565 |02-12 19:55:06
  1   2  96   0   0   2|   0     0 | 151k 4403k|   0     0 | 435  1713 |02-12 19:55:07
  1   1  98   0   0   0|   0     0 |  56k 1676k|   0     0 | 153   647 |02-12 19:55:08
  2   2  94   0   0   2|   0     0 | 290k 8696k|   0     0 | 695  3188 |02-12 19:55:09
  1   2  97   0   0   1|   0     0 |  93k 2636k|   0     0 | 253  1094 |02-12 19:55:10
  0   1  98   0   0   0|   0     0 |  67k 2009k|   0     0 | 176   797 |02-12 19:55:11
  2   3  94   0   0   1|   0     0 | 207k 6208k|   0     0 | 537  2320 |02-12 19:55:12
  4   4  90   0   0   3|   0     0 | 364k   10M|   0     0 | 987  3964 |02-12 19:55:13
  3   5  87   2   0   4|   0    28k| 366k   11M|   0     0 |1087  4193 |02-12 19:55:14
  3   5  91   0   0   2|   0     0 | 345k   10M|   0     0 | 935  3777 |02-12 19:55:15
  3   3  92   0   0   3|   0     0 | 358k   10M|   0     0 | 915  3859 |02-12 19:55:16
  2   3  93   0   0   3|   0     0 | 354k   10M|   0     0 | 843  3776 |02-12 19:55:17
  4   2  92   0   0   2|   0     0 | 370k   11M|   0     0 | 984  4197 |02-12 19:55:18
  4   5  89   0   0   3|   0     0 | 364k   11M|   0     0 | 913  3841 |02-12 19:55:19
  3   5  90   0   0   3|   0     0 | 365k   11M|   0     0 | 909  4011 |02-12 19:55:20
  2   5  90   0   0   4|   0     0 | 354k   10M|   0     0 | 880  3805 |02-12 19:55:21
  4   3  89   0   0   5|   0  8192B| 376k   11M|   0     0 | 949  4123 |02-12 19:55:22
  2   5  91   0   0   2|   0     0 | 352k   10M|   0     0 | 984  3957 |02-12 19:55:23
  2   5  89   0   0   4|   0     0 | 368k   11M|   0     0 |1014  4161 |02-12 19:55:24
  4   5  89   0   0   3|   0     0 | 362k   10M|   0     0 | 845  3719 |02-12 19:55:25
  2   3  94   0   0   2|   0     0 | 370k   11M|   0     0 |1014  3918 |02-12 19:55:26
  3   5  91   0   0   2|   0     0 | 351k   10M|   0     0 | 934  3813 |02-12 19:55:27
  3   5  87   0   0   5|   0     0 | 377k   11M|   0     0 | 989  4092 |02-12 19:55:28
  2   4  90   0   0   5|   0     0 | 364k   11M|   0     0 | 945  4017 |02-12 19:55:29
  3   4  91   0   0   3|   0     0 | 362k   11M|   0     0 | 917  3823 |02-12 19:55:30
  1   1  98   0   0   0|   0     0 |  55k 1367k|   0     0 | 169   649 |02-12 19:55:31
  1   0  99   0   0   0|   0  8192B|4584B 4598B|   0     0 |  45   213 |02-12 19:55:32
  0   0 100   0   0   0|   0     0 |   0     0 |   0     0 |  24    43 |02-12 19:55:33
  1   1  98   0   0   0|   0     0 |8102B 8348B|   0     0 |  63   166 |02-12 19:55:34
  0   0  99   0   0   0|   0     0 |   0     0 |   0     0 |  31    65 |02-12 19:55:35
  0   0 100   0   0   0|   0     0 |   0     0 |   0     0 |  24    43 |02-12 19:55:36
  1   0 100   0   0   0|   0     0 |5422B 2784B|   0     0 |  28    57 |02-12 19:55:37
  1   0 100   0   0   0|   0     0 |   0     0 |   0     0 |  18    38 |02-12 19:55:38
  0   0 100   0   0   0|   0     0 |   0     0 |   0     0 |  21    39 |02-12 19:55:39
  1   1  99   0   0   0|   0     0 |6812B 4834B|   0     0 |  39    97 |02-12 19:55:40
  1   1  99   0   0   0|   0     0 |5427B 4775B|   0     0 |  55   152 |02-12 19:55:41
  7   4  90   0   0   0|   0     0 |2220B 1986B|   0     0 | 205   633 |02-12 19:55:42
  0   0 100   0   0   0|   0     0 |  66B    0 |   0     0 |  23    44 |02-12 19:55:43
  0   1  98   2   0   0|   0    52k|5422B 2784B|   0     0 |  28    76 |02-12 19:55:44
  0   0  99   0   0   0|   0     0 |   0     0 |   0     0 |  33    80 |02-12 19:55:45
  0   0 100   0   0   0|   0     0 |   0     0 |   0     0 |  25    47 |02-12 19:55:46
  1   0  99   0   0   0|   0    40k|5422B 2784B|   0     0 |  29    82 |02-12 19:55:47
  0   0 100   0   0   0|   0     0 |   0     0 |   0     0 |  23    50 |02-12 19:55:48
  0   0 100   0   0   0|   0     0 |   0     0 |   0     0 |  24    44 |02-12 19:55:49
  1   1  99   0   0   0|   0     0 |5422B 2784B|   0     0 |  38    99 |02-12 19:55:50
  1   1  99   0   0   0|   0     0 | 247B  247B|   0     0 |  36    73 |02-12 19:55:51
  2   2  96   0   0   0|   0     0 |3064B 2448B|   0     0 | 132   301 |02-12 19:55:52
