[7l----total-cpu-usage---- -dsk/total- -net/total- ---paging-- ---system-- ----system----
usr sys idl wai hiq siq| read  writ| recv  send|  in   out | int   csw |     time     
  2   2  94   1   0   2|  27k   67k|   0     0 |   0     0 | 518  2031 |02-12 20:05:05
  0   0  99   0   0   0|   0     0 |   0    66B|   0     0 |  39    89 |02-12 20:05:06
  0   0 100   0   0   0|   0     0 |   0     0 |   0     0 |  22    44 |02-12 20:05:07
  1   0  99   0   0   0|   0     0 |5422B 2784B|   0     0 |  25    86 |02-12 20:05:08
  0   0 100   0   0   0|   0     0 |   0     0 |   0     0 |  23    42 |02-12 20:05:09
  0   0 100   0   0   0|   0     0 |   0     0 |   0     0 |  24    56 |02-12 20:05:10
  1   1  99   0   0   0|   0    12k|5844B 3496B|   0     0 |  39   125 |02-12 20:05:11
  1   0  99   0   0   0|   0     0 |2725B 2601B|   0     0 |  53   135 |02-12 20:05:12
  8   4  87   0   0   2|   0     0 |  56k 1624k|   0     0 | 295   997 |02-12 20:05:13
  3   4  91   0   0   3|   0     0 | 272k 8001k|   0     0 | 751  3042 |02-12 20:05:14
  1   1  98   0   0   2|   0     0 |  73k 2189k|   0     0 | 247   916 |02-12 20:05:15
  1   2  96   0   0   2|   0     0 | 129k 3858k|   0     0 | 322  1238 |02-12 20:05:16
  1   1  96   0   0   1|   0     0 | 108k 3079k|   0     0 | 311  1261 |02-12 20:05:17
  1   3  95   0   0   1|   0     0 | 160k 4784k|   0     0 | 461  1761 |02-12 20:05:18
  1   2  97   0   0   1|   0     0 | 110k 3292k|   0     0 | 312  1151 |02-12 20:05:19
  2   1  94   0   0   2|   0     0 | 164k 4766k|   0     0 | 406  1673 |02-12 20:05:20
  2   1  96   0   0   1|   0  4096B| 165k 4956k|   0     0 | 479  1885 |02-12 20:05:21
  1   1  97   0   0   1|   0     0 | 101k 3031k|   0     0 | 298  1132 |02-12 20:05:22
  1   1  98   0   0   1|   0     0 | 182k 5311k|   0     0 | 454  1753 |02-12 20:05:23
  2   4  92   0   0   2|   0     0 | 317k 9482k|   0     0 | 768  3159 |02-12 20:05:24
  1   1  96   0   0   2|   0     0 | 107k 3199k|   0     0 | 277  1105 |02-12 20:05:25
  2   2  95   0   0   2|   0     0 | 193k 5639k|   0     0 | 461  1955 |02-12 20:05:26
  1   1  97   1   0   1|   0    44k| 105k 3142k|   0     0 | 276  1192 |02-12 20:05:27
  2   2  95   0   0   1|   0     0 | 146k 4379k|   0     0 | 387  1647 |02-12 20:05:28
  2   1  98   0   0   1|   0     0 |  62k 1703k|   0     0 | 171   657 |02-12 20:05:29
  1   0  98   0   0   0|   0     0 |  46k 1372k|   0     0 | 140   513 |02-12 20:05:30
  2   2  95   0   0   2|   0     0 | 248k 7427k|   0     0 | 631  2606 |02-12 20:05:31
  1   1  96   0   0   1|   0     0 |  71k 1981k|   0     0 | 172   742 |02-12 20:05:32
  2   1  96   0   0   2|   0     0 | 145k 4338k|   0     0 | 357  1577 |02-12 20:05:33
  3   2  93   0   0   2|   0     0 | 237k 7039k|   0     0 | 574  2387 |02-12 20:05:34
  4   3  91   0   0   2|   0     0 | 309k 9105k|   0     0 | 710  3002 |02-12 20:05:35
  1   1  96   0   0   1|   0     0 |  83k 2486k|   0     0 | 218   916 |02-12 20:05:36
  1   1  99   0   0   0|   0  4096B|  69k 2056k|   0     0 | 182   756 |02-12 20:05:37
  1   0  99   0   0   0|   0     0 |  13k  232k|   0     0 |  46   157 |02-12 20:05:38
  0   0 100   0   0   1|   0     0 |  19k  574k|   0     0 |  61   242 |02-12 20:05:39
  1   2  95   0   0   2|   0     0 | 183k 5468k|   0     0 | 467  1970 |02-12 20:05:40
  4   3  92   0   0   2|   0     0 | 277k 8135k|   0     0 | 641  2692 |02-12 20:05:41
  2   4  93   0   0   1|   0     0 | 247k 7385k|   0     0 | 625  2427 |02-12 20:05:42
  2   2  95   0   0   2|   0     0 | 223k 6681k|   0     0 | 587  2388 |02-12 20:05:43
  1   3  96   0   0   1|   0     0 | 133k 3802k|   0     0 | 352  1312 |02-12 20:05:44
  1   2  96   0   0   1|   0     0 | 170k 5071k|   0     0 | 480  1836 |02-12 20:05:45
  2   3  95   0   0   1|   0     0 | 191k 5710k|   0     0 | 498  1879 |02-12 20:05:46
  1   1  96   0   0   2|   0    20k| 149k 4316k|   0     0 | 357  1422 |02-12 20:05:47
  1   1  98   0   0   0|   0     0 |  44k 1290k|   0     0 | 124   489 |02-12 20:05:48
  2   3  93   0   0   2|   0     0 | 291k 8692k|   0     0 | 610  2893 |02-12 20:05:49
  2   2  94   0   0   2|   0     0 | 209k 6102k|   0     0 | 472  1917 |02-12 20:05:50
  3   3  93   0   0   2|   0     0 | 195k 5766k|   0     0 | 591  2307 |02-12 20:05:51
  1   2  95   0   0   1|   0     0 | 151k 4442k|   0     0 | 442  1687 |02-12 20:05:52
  2   2  96   0   0   1|   0     0 | 127k 3786k|   0     0 | 366  1383 |02-12 20:05:53
  1   1  98   0   0   1|   0     0 |  42k 1098k|   0     0 | 117   481 |02-12 20:05:54
  1   3  96   0   0   1|   0     0 | 177k 5283k|   0     0 | 504  1938 |02-12 20:05:55
  1   1  96   0   0   2|   0     0 | 162k 4822k|   0     0 | 474  1830 |02-12 20:05:56
  0   1  97   1   0   1|   0   112k|  37k  929k|   0     0 | 134   520 |02-12 20:05:57
  4   2  91   0   0   3|   0     0 | 355k   10M|   0     0 | 922  3902 |02-12 20:05:58
  1   1  98   0   0   1|   0     0 |  65k 1906k|   0     0 | 246   857 |02-12 20:05:59
  2   1  97   0   0   1|   0     0 | 100k 2801k|   0     0 | 316  1154 |02-12 20:06:00
  0   0  99   0   0   1|   0     0 |  21k  611k|   0     0 | 114   372 |02-12 20:06:01
  3   3  91   0   0   3|   0     0 | 300k 8959k|   0     0 | 821  3344 |02-12 20:06:02
  1   1  98   0   0   0|   0     0 |  46k 1203k|   0     0 | 130   505 |02-12 20:06:03
  1   4  94   0   0   1|   0     0 | 228k 6820k|   0     0 | 487  2318 |02-12 20:06:04
  2   1  95   0   0   2|   0     0 | 199k 5947k|   0     0 | 479  1978 |02-12 20:06:05
  2   2  94   0   0   2|   0     0 | 208k 6085k|   0     0 | 507  2056 |02-12 20:06:06
  0   0 100   0   0   0|   0     0 |1120B   33k|   0     0 |  37   104 |02-12 20:06:07
  1   3  95   0   0   2|   0     0 | 224k 6701k|   0     0 | 611  2440 |02-12 20:06:08
  2   4  93   0   0   2|   0     0 | 210k 6143k|   0     0 | 496  2087 |02-12 20:06:09
  1   3  94   0   0   3|   0     0 | 229k 6857k|   0     0 | 541  2429 |02-12 20:06:10
  1   2  97   0   0   1|   0     0 | 104k 3117k|   0     0 | 237  1152 |02-12 20:06:11
  2   0  98   0   0   0|   0  8192B|  42k 1097k|   0     0 | 141   495 |02-12 20:06:12
  0   0 100   0   0   0|   0     0 |  26k  639k|   0     0 |  71   359 |02-12 20:06:13
  1   0  98   0   0   0|   0     0 |4584B 4598B|   0     0 |  47   213 |02-12 20:06:14
  0   0 100   0   0   0|   0     0 |5422B 2784B|   0     0 |  28    67 |02-12 20:06:15
  0   0 100   0   0   0|   0     0 |   0     0 |   0     0 |  18    24 |02-12 20:06:16
  0   1 100   0   0   0|   0     0 |   0     0 |   0     0 |  32    69 |02-12 20:06:17
  1   0  99   0   0   0|   0    16k|5422B 2784B|   0     0 |  21    74 |02-12 20:06:18
  0   0 100   0   0   0|   0     0 |   0     0 |   0     0 |  18    23 |02-12 20:06:19
  0   0 100   0   0   0|   0     0 |   0     0 |   0     0 |  18    24 |02-12 20:06:20
  1   0  99   0   0   0|   0     0 |7534B 4896B|   0     0 |  20    58 |02-12 20:06:21
  1   0 100   0   0   0|   0     0 |   0     0 |   0     0 |  31    66 |02-12 20:06:22
  0   0 100   0   0   0|   0     0 |2112B 2112B|   0     0 |  18    26 |02-12 20:06:23
  0   0  99   0   0   0|   0     0 |5422B 2784B|   0     0 |  25    70 |02-12 20:06:24
  1   0  99   0   0   0|   0     0 |1911B 1917B|   0     0 |  36    91 |02-12 20:06:25
  7   4  88   0   0   1|   0     0 |2608B 2472B|   0     0 | 192   533 |02-12 20:06:26
  1   1  98   0   0   0|   0     0 |5782B 2916B|   0     0 |  56   266 |02-12 20:06:27
  0   0  99   1   0   0|   0   108k|   0     0 |   0     0 |  26    56 |02-12 20:06:28
  0   0 100   0   0   0|   0     0 |   0     0 |   0     0 |  19    30 |02-12 20:06:29
  1   0 100   0   0   0|   0     0 |5422B 2784B|   0     0 |  20    56 |02-12 20:06:30
  0   1 100   0   0   0|   0     0 |   0     0 |   0     0 |  19    28 |02-12 20:06:31
  0   1 100   0   0   0|   0     0 |   0     0 |   0     0 |  30    60 |02-12 20:06:32
  1   0  99   0   0   0|   0     0 |5422B 2784B|   0     0 |  26    70 |02-12 20:06:33
  1   1  99   0   0   0|   0     0 |2680B 5564B|   0     0 |  45   120 |02-12 20:06:34
  1   0 100   0   0   0|   0     0 |   0     0 |   0     0 |  18    24 |02-12 20:06:35
  1   0 100   0   0   0|   0     0 |5422B 2784B|   0     0 |  28    76 |02-12 20:06:36
  1   0  99   0   0   0|   0     0 |   0     0 |   0     0 |  34    81 |02-12 20:06:37
  0   0 100   0   0   0|   0     0 |   0     0 |   0     0 |  24    54 |02-12 20:06:38
  0   0 100   0   0   0|   0     0 |5422B 2784B|   0     0 |  31    74 |02-12 20:06:39
  0   0 100   0   0   0|   0     0 |   0     0 |   0     0 |  23    32 |02-12 20:06:40
  1   0 100   0   0   0|   0     0 |   0     0 |   0     0 |  19    34 |02-12 20:06:41
  1   1  99   0   0   0|   0     0 |5422B 2784B|   0     0 |  40   112 |02-12 20:06:42
  1   0  99   0   0   0|   0     0 |1911B 1851B|   0     0 |  34    77 |02-12 20:06:43
  8   4  87   0   0   1|   0     0 |  12k  286k|   0     0 | 203   654 |02-12 20:06:44
  2   3  92   0   0   3|   0     0 | 288k 8490k|   0     0 | 841  3380 |02-12 20:06:45
  2   4  92   0   0   2|   0     0 | 348k   10M|   0     0 | 992  3993 |02-12 20:06:46
  3   4  90   0   0   4|   0     0 | 382k   11M|   0     0 | 989  3966 |02-12 20:06:47
  2   3  92   0   0   3|   0     0 | 365k   11M|   0     0 | 906  3703 |02-12 20:06:48
  2   4  91   0   0   3|   0     0 | 372k   11M|   0     0 | 936  3844 |02-12 20:06:49
  3   6  89   0   0   3|   0     0 | 396k   12M|   0     0 | 956  4099 |02-12 20:06:50
  5   3  90   0   0   3|   0     0 | 372k   11M|   0     0 | 893  3814 |02-12 20:06:51
  3   4  90   0   0   3|   0     0 | 352k   10M|   0     0 | 886  3655 |02-12 20:06:52
  4   4  87   0   0   4|   0     0 | 395k   12M|   0     0 | 956  4095 |02-12 20:06:53
  4   3  91   0   0   3|   0     0 | 370k   11M|   0     0 | 917  3810 |02-12 20:06:54
  3   4  90   0   0   2|   0     0 | 352k   10M|   0     0 | 859  3648 |02-12 20:06:55
  2   3  92   0   0   3|   0     0 | 333k 9990k|   0     0 | 772  3309 |02-12 20:06:56
  4   4  89   0   0   3|   0     0 | 375k   11M|   0     0 | 931  3756 |02-12 20:06:57
  3   5  88   2   0   2|   0    52k| 330k 9892k|   0     0 | 822  3380 |02-12 20:06:58
  3   3  92   0   0   3|   0    60k| 358k   10M|   0     0 | 958  3712 |02-12 20:06:59
  4   3  89   0   0   4|   0     0 | 384k   11M|   0     0 | 923  3770 |02-12 20:07:00
  2   3  93   0   0   3|   0     0 | 363k   11M|   0     0 | 966  3900 |02-12 20:07:01
  2   3  93   0   0   2|   0     0 | 286k 8581k|   0     0 | 725  3033 |02-12 20:07:02
  1   2  96   0   0   2|   0     0 | 161k 4656k|   0     0 | 391  1571 |02-12 20:07:03
  0   0 100   0   0   0|   0     0 |  90B   90B|   0     0 |  46    53 |02-12 20:07:04
  1   1  98   0   0   1|   0     0 |  44k 1311k|   0     0 | 136   534 |02-12 20:07:05
  1   4  94   0   0   2|   0     0 | 208k 6073k|   0     0 | 549  2180 |02-12 20:07:06
  4   3  87   0   0   5|   0     0 | 371k   11M|   0     0 | 934  3794 |02-12 20:07:07
  2   4  91   0   0   4|   0     0 | 355k   10M|   0     0 | 945  3788 |02-12 20:07:08
  2   5  91   0   0   2|   0     0 | 327k 9814k|   0     0 | 789  3239 |02-12 20:07:09
  1   3  94   0   0   2|   0     0 | 214k 6253k|   0     0 | 504  2086 |02-12 20:07:10
  1   1  96   0   0   2|   0     0 | 242k 7254k|   0     0 | 598  2475 |02-12 20:07:11
  1   2  95   0   0   3|   0     0 | 210k 6292k|   0     0 | 470  2064 |02-12 20:07:12
  1   2  96   0   0   2|   0     0 | 183k 5328k|   0     0 | 483  1975 |02-12 20:07:13
  1   3  95   0   0   0|   0     0 | 181k 5431k|   0     0 | 453  1805 |02-12 20:07:14
  1   2  95   0   0   2|   0     0 | 174k 5214k|   0     0 | 451  1846 |02-12 20:07:15
  2   1  96   0   0   1|   0     0 | 170k 4934k|   0     0 | 371  1623 |02-12 20:07:16
  3   4  90   0   0   3|   0     0 | 385k   11M|   0     0 | 951  4080 |02-12 20:07:17
  3   3  93   0   0   2|   0     0 | 369k   11M|   0     0 | 874  3656 |02-12 20:07:18
  3   4  90   0   0   3|   0     0 | 368k   11M|   0     0 | 797  3523 |02-12 20:07:19
  4   3  89   0   0   5|   0     0 | 382k   11M|   0     0 | 855  3690 |02-12 20:07:20
  1   3  94   0   0   3|   0     0 | 368k   11M|   0     0 | 897  3712 |02-12 20:07:21
  3   3  91   0   0   3|   0     0 | 353k   10M|   0     0 | 835  3508 |02-12 20:07:22
  2   4  91   0   0   3|   0     0 | 341k   10M|   0     0 | 812  3444 |02-12 20:07:23
  3   4  89   0   0   5|   0     0 | 392k   11M|   0     0 | 919  3880 |02-12 20:07:24
  3   3  90   0   0   4|   0     0 | 378k   11M|   0     0 | 862  3597 |02-12 20:07:25
  3   4  91   0   0   3|   0     0 | 368k   11M|   0     0 | 935  3833 |02-12 20:07:26
  2   4  92   0   0   2|   0     0 | 379k   11M|   0     0 | 943  3713 |02-12 20:07:27
  3   6  88   1   0   4|   0    24k| 349k   10M|   0     0 | 886  3619 |02-12 20:07:28
  3   4  89   0   0   4|   0     0 | 387k   11M|   0     0 | 988  4042 |02-12 20:07:29
  2   2  93   0   0   3|   0    24k| 361k   11M|   0     0 | 940  3722 |02-12 20:07:30
  2   4  91   0   0   4|   0     0 | 385k   11M|   0     0 | 941  3835 |02-12 20:07:31
  3   4  90   0   0   3|   0     0 | 374k   11M|   0     0 | 953  3879 |02-12 20:07:32
  3   3  91   0   0   3|   0     0 | 371k   11M|   0     0 | 927  3713 |02-12 20:07:33
  4   6  88   0   0   3|   0     0 | 384k   11M|   0     0 | 962  3789 |02-12 20:07:34
  2   4  92   0   0   3|   0     0 | 372k   11M|   0     0 | 944  3781 |02-12 20:07:35
  3   4  90   0   0   3|   0     0 | 375k   11M|   0     0 | 938  3796 |02-12 20:07:36
  3   5  88   0   0   4|   0     0 | 394k   11M|   0     0 |1035  4164 |02-12 20:07:37
  2   3  93   0   0   3|   0     0 | 367k   11M|   0     0 | 994  3996 |02-12 20:07:38
  3   4  89   0   0   4|   0     0 | 400k   12M|   0     0 | 984  4069 |02-12 20:07:39
  3   4  91   0   0   3|   0     0 | 376k   11M|   0     0 | 903  3896 |02-12 20:07:40
  4   2  91   0   0   4|   0     0 | 376k   11M|   0     0 | 848  3664 |02-12 20:07:41
  4   4  89   0   0   3|   0     0 | 385k   11M|   0     0 | 885  3646 |02-12 20:07:42
  3   4  89   0   0   4|   0     0 | 365k   11M|   0     0 | 874  3592 |02-12 20:07:43
  4   3  90   0   0   3|   0     0 | 384k   11M|   0     0 | 911  3592 |02-12 20:07:44
  0   0 100   0   0   0|   0     0 |4224B 4466B|   0     0 |  31    77 |02-12 20:07:45
  1   1  99   0   0   0|   0     0 |5782B 2916B|   0     0 |  49   221 |02-12 20:07:46
  1   0  99   0   0   0|   0     0 |   0     0 |   0     0 |  36    81 |02-12 20:07:47
  0   0 100   0   0   0|   0     0 |   0     0 |   0     0 |  24    48 |02-12 20:07:48
  1   0  99   0   0   0|   0     0 |5422B 2784B|   0     0 |  25    72 |02-12 20:07:49
  0   0 100   0   0   0|   0     0 |   0     0 |   0     0 |  22    37 |02-12 20:07:50
  0   0 100   0   0   0|   0     0 |   0     0 |   0     0 |  24    44 |02-12 20:07:51
  2   0  99   0   0   0|   0     0 |7534B 4896B|   0     0 |  36   100 |02-12 20:07:52
  0   0 100   0   0   0|   0     0 |2112B 2112B|   0     0 |  24    48 |02-12 20:07:53
  1   1  99   0   0   0|   0     0 |2287B 2203B|   0     0 |  41   105 |02-12 20:07:54
  8   4  88   0   0   0|   0     0 |8350B 5386B|   0     0 | 213   685 |02-12 20:07:55
  0   0 100   0   0   0|   0     0 |   0     0 |   0     0 |  24    43 |02-12 20:07:56
  0   1  99   0   0   0|   0     0 |   0     0 |   0     0 |  34    76 |02-12 20:07:57
  1   0  99   0   0   0|   0     0 |5422B 2784B|   0     0 |  25    77 |02-12 20:07:58
  0   0  99   1   0   0|   0    44k|   0     0 |   0     0 |  25    53 |02-12 20:07:59
  1   0 100   0   0   0|   0     0 |   0     0 |   0     0 |  18    24 |02-12 20:08:00
  1   0 100   0   0   0|   0    56k|5422B 2784B|   0     0 |  28    81 |02-12 20:08:01
  1   1  99   0   0   0|   0     0 |   0     0 |   0     0 |  34    80 |02-12 20:08:02
  0   0 100   0   0   0|   0     0 |   0     0 |   0     0 |  22    34 |02-12 20:08:03
  1   1  99   0   0   0|   0     0 |5590B 2976B|   0     0 |  26    92 |02-12 20:08:04
  0   0 100   0   0   0|   0     0 |   0     0 |   0     0 |  23    36 |02-12 20:08:05
  0   0 100   0   0   0|   0     0 |   0     0 |   0     0 |  25    47 |02-12 20:08:06
  1   0  99   0   0   0|   0     0 |5422B 2784B|   0     0 |  41   105 |02-12 20:08:07
  0   0 100   0   0   0|   0     0 |   0     0 |   0     0 |  24    42 |02-12 20:08:08
  1   0  99   0   0   0|   0     0 |1829B 1851B|   0     0 |  37    89 |02-12 20:08:09
  7   4  89   0   0   0|   0     0 |7148B 4810B|   0     0 | 182   538 |02-12 20:08:10
  1   2  95   0   0   2|   0     0 | 175k 5208k|   0     0 | 496  2046 |02-12 20:08:11
  3   4  90   0   0   3|   0     0 | 326k 9769k|   0     0 | 924  3693 |02-12 20:08:12
  3   3  92   0   0   2|   0     0 | 364k   10M|   0     0 | 981  3995 |02-12 20:08:13
  3   4  91   0   0   3|   0     0 | 352k   10M|   0     0 | 874  3609 |02-12 20:08:14
  3   4  91   0   0   3|   0     0 | 368k   11M|   0     0 | 926  3682 |02-12 20:08:15
  3   5  89   0   0   3|   0  4096B| 397k   11M|   0     0 | 944  3808 |02-12 20:08:16
  2   5  90   0   0   4|   0     0 | 370k   11M|   0     0 |1006  3923 |02-12 20:08:17
  3   4  92   0   0   2|   0     0 | 367k   11M|   0     0 | 931  3767 |02-12 20:08:18
  2   6  90   0   0   3|   0     0 | 397k   11M|   0     0 |1026  4086 |02-12 20:08:19
  3   4  89   0   0   4|   0     0 | 369k   11M|   0     0 | 907  3716 |02-12 20:08:20
  3   3  90   0   0   4|   0     0 | 379k   11M|   0     0 | 953  3932 |02-12 20:08:21
  2   7  86   0   0   4|   0     0 | 394k   12M|   0     0 | 974  3970 |02-12 20:08:22
  4   3  91   0   0   2|   0     0 | 338k 9981k|   0     0 | 796  3322 |02-12 20:08:23
  2   4  91   0   0   3|   0     0 | 377k   11M|   0     0 | 982  3953 |02-12 20:08:24
  2   4  92   0   0   2|   0     0 | 340k   10M|   0     0 | 837  3476 |02-12 20:08:25
  3   4  92   0   0   2|   0     0 | 371k   11M|   0     0 | 933  3773 |02-12 20:08:26
  3   5  91   0   0   2|   0  4096B| 383k   11M|   0     0 | 928  3786 |02-12 20:08:27
  2   4  88   0   0   5|   0     0 | 383k   11M|   0     0 | 986  4021 |02-12 20:08:28
  3   5  87   0   0   4|   0     0 | 369k   11M|   0     0 | 891  3497 |02-12 20:08:29
  3   6  88   1   0   3|   0    40k| 360k   11M|   0     0 | 995  3932 |02-12 20:08:30
  3   4  88   0   0   5|   0     0 | 375k   11M|   0     0 | 961  3899 |02-12 20:08:31
  2   4  91   0   0   3|   0  8192B| 362k   10M|   0     0 | 917  3719 |02-12 20:08:32
  3   3  90   0   0   4|   0     0 | 388k   11M|   0     0 | 981  4028 |02-12 20:08:33
  3   5  89   0   0   3|   0     0 | 394k   12M|   0     0 | 982  3926 |02-12 20:08:34
  3   4  90   0   0   4|   0     0 | 355k   10M|   0     0 | 851  3540 |02-12 20:08:35
  2   7  87   0   0   4|   0     0 | 375k   11M|   0     0 | 990  3971 |02-12 20:08:36
  4   3  89   0   0   4|   0     0 | 384k   11M|   0     0 | 977  4125 |02-12 20:08:37
  3   3  90   0   0   5|   0     0 | 367k   11M|   0     0 | 874  3634 |02-12 20:08:38
  2   4  90   0   0   4|   0     0 | 390k   11M|   0     0 | 977  3871 |02-12 20:08:39
  2   4  91   0   0   3|   0     0 | 386k   11M|   0     0 | 893  3868 |02-12 20:08:40
  4   3  91   0   0   3|   0     0 | 372k   11M|   0     0 | 905  3776 |02-12 20:08:41
  3   5  89   0   0   3|   0    16k| 372k   11M|   0     0 | 902  3790 |02-12 20:08:42
  2   2  93   0   0   3|   0     0 | 361k   11M|   0     0 | 884  3735 |02-12 20:08:43
  3   4  88   0   0   5|   0     0 | 388k   11M|   0     0 | 955  4096 |02-12 20:08:44
  2   4  90   0   0   4|   0     0 | 375k   11M|   0     0 | 895  3770 |02-12 20:08:45
  3   5  90   0   0   2|   0     0 | 369k   11M|   0     0 | 860  3598 |02-12 20:08:46
  4   4  88   0   0   3|   0     0 | 385k   11M|   0     0 | 959  4050 |02-12 20:08:47
  3   3  92   0   0   3|   0     0 | 370k   11M|   0     0 | 882  3733 |02-12 20:08:48
  2   4  90   0   0   4|   0     0 | 366k   11M|   0     0 | 862  3625 |02-12 20:08:49
  2   4  92   0   0   3|   0     0 | 364k   11M|   0     0 | 842  3519 |02-12 20:08:50
  3   4  91   0   0   3|   0     0 | 347k   10M|   0     0 | 872  3626 |02-12 20:08:51
  1   4  93   0   0   2|   0     0 | 366k   11M|   0     0 | 924  3875 |02-12 20:08:52
  3   4  90   0   0   3|   0     0 | 362k   10M|   0     0 | 875  3585 |02-12 20:08:53
  3   5  89   0   0   3|   0     0 | 361k   11M|   0     0 | 914  3735 |02-12 20:08:54
  3   3  91   0   0   4|   0     0 | 364k   11M|   0     0 | 902  3639 |02-12 20:08:55
  3   3  90   0   0   4|   0     0 | 394k   11M|   0     0 | 900  3821 |02-12 20:08:56
  3   3  93   0   0   2|   0     0 | 282k 8438k|   0     0 | 697  2821 |02-12 20:08:57
  3   4  89   0   0   4|   0     0 | 375k   11M|   0     0 | 925  3876 |02-12 20:08:58
  2   4  91   0   0   4|   0     0 | 399k   12M|   0     0 | 875  3739 |02-12 20:08:59
  3   3  91   2   0   2|   0    44k| 353k   10M|   0     0 | 830  3536 |02-12 20:09:00
  1   5  90   0   0   4|   0     0 | 372k   11M|   0     0 | 909  3834 |02-12 20:09:01
  3   4  89   0   0   4|   0    44k| 373k   11M|   0     0 | 855  3691 |02-12 20:09:02
  3   5  90   0   0   3|   0     0 | 356k   10M|   0     0 | 875  3615 |02-12 20:09:03
  2   5  88   0   0   5|   0     0 | 398k   12M|   0     0 |1016  4166 |02-12 20:09:04
  3   4  91   0   0   2|   0     0 | 405k   12M|   0     0 | 918  4053 |02-12 20:09:05
  2   4  91   0   0   3|   0     0 | 354k   10M|   0     0 | 861  3603 |02-12 20:09:06
  4   3  89   0   0   4|   0     0 | 405k   12M|   0     0 | 934  3998 |02-12 20:09:07
  5   4  88   0   0   4|   0  8192B| 414k   12M|   0     0 | 927  3976 |02-12 20:09:08
  3   5  89   0   0   4|   0     0 | 387k   11M|   0     0 | 932  3851 |02-12 20:09:09
  2   3  92   0   0   3|   0     0 | 385k   11M|   0     0 | 921  3827 |02-12 20:09:10
  1   1  98   0   0   1|   0     0 |  51k 1252k|   0     0 | 143   568 |02-12 20:09:11
  1   1  99   0   0   0|   0     0 |4584B 4598B|   0     0 |  56   254 |02-12 20:09:12
  0   0 100   0   0   0|   0    16k|   0     0 |   0     0 |  24    63 |02-12 20:09:13
  1   0  99   0   0   0|   0     0 |5844B 3496B|   0     0 |  26    75 |02-12 20:09:14
  0   0 100   0   0   0|   0     0 |   0     0 |   0     0 |  23    36 |02-12 20:09:15
  0   0 100   0   0   0|   0     0 |   0     0 |   0     0 |  23    40 |02-12 20:09:16
  1   0  99   0   0   0|   0     0 |5422B 2784B|   0     0 |  38   103 |02-12 20:09:17
  0   0 100   0   0   0|   0     0 |   0     0 |   0     0 |  24    50 |02-12 20:09:18
  0   0 100   0   0   0|   0     0 |2112B 2112B|   0     0 |  22    38 |02-12 20:09:19
  1   0 100   0   0   0|   0     0 |5422B 2784B|   0     0 |  28    63 |02-12 20:09:20
  0   0 100   0   0   0|   0     0 |2112B 2112B|   0     0 |  19    34 |02-12 20:09:21
  0   1  99   0   0   0|   0     0 |   0     0 |   0     0 |  33    74 |02-12 20:09:22
  2   1  98   0   0   0|   0     0 |7465B 4701B|   0     0 |  40   115 |02-12 20:09:23
  7   4  89   0   0   0|   0     0 |1644B 1960B|   0     0 | 184   541 |02-12 20:09:24
  1   1  99   0   0   0|   0     0 |1324B  644B|   0     0 |  46   234 |02-12 20:09:25
  1   0  99   0   0   0|   0     0 |5422B 2784B|   0     0 |  26    74 |02-12 20:09:26
  1   1  99   0   0   0|   0     0 |   0     0 |   0     0 |  34    77 |02-12 20:09:27
  0   0 100   0   0   0|   0     0 |   0     0 |   0     0 |  24    45 |02-12 20:09:28
  1   0  99   0   0   0|   0     0 |5422B 2784B|   0     0 |  21    71 |02-12 20:09:29
  0   0 100   0   0   0|   0     0 |   0     0 |   0     0 |  24    51 |02-12 20:09:30
  0   0  99   1   0   0|   0    28k|   0     0 |   0     0 |  19    57 |02-12 20:09:31
  1   1  99   0   0   0|   0     0 |5422B 2784B|   0     0 |  36   112 |02-12 20:09:32
  0   0 100   0   0   0|   0     0 |   0     0 |   0     0 |  24    46 |02-12 20:09:33
  1   0 100   0   0   0|   0     0 |   0     0 |   0     0 |  22    36 |02-12 20:09:34
  1   1  99   0   0   0|   0     0 |8102B 8348B|   0     0 |  49   148 |02-12 20:09:35
  0   0 100   0   0   0|   0     0 |   0     0 |   0     0 |  22    48 |02-12 20:09:36
  1   0 100   0   0   0|   0     0 |   0     0 |   0     0 |  36    76 |02-12 20:09:37
  1   0  99   0   0   0|   0     0 |5422B 2784B|   0     0 |  28    94 |02-12 20:09:38
  0   0 100   0   0   0|   0     0 |   0     0 |   0     0 |  23    38 |02-12 20:09:39
  0   0 100   0   0   0|   0     0 |   0     0 |   0     0 |  23    52 |02-12 20:09:40
  1   0 100   0   0   0|   0     0 |5168B 2718B|   0     0 |  27    61 |02-12 20:09:41
  1   1  99   0   0   0|   0     0 | 501B  313B|   0     0 |  41   109 |02-12 20:09:42
  8   2  91   0   0   0|   0    12k|3242B 2448B|   0     0 | 146   394 |02-12 20:09:43
  4   3  92   0   0   2|   0     0 | 185k 5529k|   0     0 | 500  2220 |02-12 20:09:44
  5   4  87   0   0   4|   0     0 | 482k   14M|   0     0 |1209  4896 |02-12 20:09:45
  4   6  87   0   0   4|   0     0 | 518k   15M|   0     0 |1120  4740 |02-12 20:09:46
  3   7  87   0   0   3|   0     0 | 528k   15M|   0     0 |1221  5026 |02-12 20:09:47
  3   6  88   0   0   4|   0     0 | 535k   15M|   0     0 |1082  4507 |02-12 20:09:48
  4   5  89   0   0   3|   0     0 | 500k   15M|   0     0 |1169  4554 |02-12 20:09:49
  4   6  86   0   0   5|   0     0 | 542k   16M|   0     0 |1190  4742 |02-12 20:09:50
  3   7  87   0   0   3|   0     0 | 550k   16M|   0     0 |1171  4715 |02-12 20:09:51
  5   7  86   0   0   3|   0     0 | 504k   15M|   0     0 |1143  4550 |02-12 20:09:52
  3   8  86   0   0   4|   0     0 | 551k   16M|   0     0 |1138  4690 |02-12 20:09:53
  4   7  86   0   0   4|   0     0 | 542k   16M|   0     0 |1128  4713 |02-12 20:09:54
  4   6  86   0   0   5|   0     0 | 513k   15M|   0     0 |1090  4563 |02-12 20:09:55
  2   5  90   0   0   4|   0     0 | 548k   16M|   0     0 |1203  4804 |02-12 20:09:56
  5   4  89   0   0   2|   0     0 | 536k   16M|   0     0 |1139  4458 |02-12 20:09:57
  2   7  86   0   0   6|   0     0 | 525k   15M|   0     0 |1107  4499 |02-12 20:09:58
  4   5  87   0   0   5|   0  4096B| 527k   15M|   0     0 |1175  4750 |02-12 20:09:59
  4   5  87   0   0   4|   0     0 | 526k   15M|   0     0 |1155  4674 |02-12 20:10:00
  3   6  87   0   0   5|   0     0 | 534k   16M|   0     0 |1216  4798 |02-12 20:10:01
  4   5  86   1   0   4|   0    64k| 540k   16M|   0     0 |1142  4683 |02-12 20:10:02
  5   6  85   0   0   4|   0     0 | 540k   16M|   0     0 |1130  4683 |02-12 20:10:03
  4   6  86   0   0   4|   0    52k| 523k   15M|   0     0 |1074  4588 |02-12 20:10:04
  3   4  90   0   0   4|   0     0 | 545k   16M|   0     0 |1146  4836 |02-12 20:10:05
  5   6  85   0   0   5|   0     0 | 555k   16M|   0     0 |1177  4760 |02-12 20:10:06
  3   6  86   0   0   5|   0     0 | 512k   15M|   0     0 |1124  4472 |02-12 20:10:07
  5   4  87   0   0   4|   0     0 | 552k   16M|   0     0 |1259  4835 |02-12 20:10:08
  3   6  86   0   0   4|   0     0 | 538k   16M|   0     0 |1124  4609 |02-12 20:10:09
  4   6  87   0   0   4|   0     0 | 535k   16M|   0     0 |1175  4796 |02-12 20:10:10
  5   6  87   0   0   2|   0     0 | 559k   16M|   0     0 |1202  4987 |02-12 20:10:11
  4   6  85   0   0   5|   0     0 | 550k   16M|   0     0 |1198  4834 |02-12 20:10:12
  4   4  88   0   0   4|   0     0 | 528k   15M|   0     0 |1210  4792 |02-12 20:10:13
  4   7  85   0   0   4|   0    24k| 526k   15M|   0     0 |1099  4516 |02-12 20:10:14
  6   7  83   0   0   4|   0     0 | 532k   15M|   0     0 |1149  4710 |02-12 20:10:15
  3   5  87   0   0   5|   0     0 | 518k   15M|   0     0 |1105  4603 |02-12 20:10:16
  3   6  87   0   0   5|   0     0 | 535k   16M|   0     0 |1133  4685 |02-12 20:10:17
  4   4  89   0   0   4|   0     0 | 543k   16M|   0     0 |1152  4954 |02-12 20:10:18
  5   4  88   0   0   3|   0     0 | 522k   15M|   0     0 |1097  4427 |02-12 20:10:19
  5   6  85   0   0   4|   0     0 | 532k   16M|   0     0 |1216  4901 |02-12 20:10:20
  4   4  87   0   0   5|   0     0 | 524k   15M|   0     0 |1081  4387 |02-12 20:10:21
  3   5  89   0   0   4|   0     0 | 515k   15M|   0     0 |1209  4806 |02-12 20:10:22
  4   5  87   0   0   4|   0     0 | 519k   15M|   0     0 |1187  4673 |02-12 20:10:23
  4   6  88   0   0   3|   0     0 | 536k   16M|   0     0 |1163  4757 |02-12 20:10:24
  2   5  89   0   0   5|   0     0 | 537k   16M|   0     0 |1137  4610 |02-12 20:10:25
  3   6  88   0   0   4|   0     0 | 521k   15M|   0     0 |1148  4548 |02-12 20:10:26
  5   5  87   0   0   3|   0     0 | 532k   15M|   0     0 |1187  4611 |02-12 20:10:27
  4   7  86   0   0   4|   0     0 | 526k   15M|   0     0 |1212  4667 |02-12 20:10:28
  5   7  86   0   0   3|   0     0 | 509k   15M|   0     0 |1137  4564 |02-12 20:10:29
  5   4  88   0   0   4|   0     0 | 534k   15M|   0     0 |1234  4827 |02-12 20:10:30
  4   5  88   0   0   4|   0     0 | 522k   15M|   0     0 |1183  4826 |02-12 20:10:31
  4   6  85   2   0   5|   0    28k| 509k   15M|   0     0 |1165  4640 |02-12 20:10:32
  5   6  86   0   0   4|   0     0 | 552k   16M|   0     0 |1256  5102 |02-12 20:10:33
  3   5  89   0   0   3|   0     0 | 525k   15M|   0     0 |1119  4612 |02-12 20:10:34
  3   7  86   0   0   4|   0     0 | 509k   15M|   0     0 |1088  4442 |02-12 20:10:35
  4   5  89   0   0   3|   0     0 | 528k   15M|   0     0 |1100  4561 |02-12 20:10:36
  5   4  88   0   0   3|   0     0 | 533k   16M|   0     0 |1192  4848 |02-12 20:10:37
  4   6  87   0   0   4|   0     0 | 522k   15M|   0     0 |1139  4667 |02-12 20:10:38
  4   6  85   0   0   5|   0     0 | 537k   16M|   0     0 |1103  4660 |02-12 20:10:39
  4   7  86   0   0   5|   0     0 | 545k   16M|   0     0 |1159  4776 |02-12 20:10:40
  2   5  90   0   0   4|   0     0 | 529k   15M|   0     0 |1093  4600 |02-12 20:10:41
  4   4  88   0   0   3|   0     0 | 545k   16M|   0     0 |1101  4596 |02-12 20:10:42
  4   6  88   0   0   3|   0     0 | 525k   15M|   0     0 |1216  4999 |02-12 20:10:43
  2   1  95   0   0   2|   0     0 | 187k 5462k|   0     0 | 433  1795 |02-12 20:10:44
  1   1  98   0   0   0|   0    24k|9940B 7624B|   0     0 |  58   260 |02-12 20:10:45
  0   0 100   0   0   0|   0     0 |  66B    0 |   0     0 |  23    41 |02-12 20:10:46
  1   0  99   0   0   0|   0     0 |   0     0 |   0     0 |  33    68 |02-12 20:10:47
  1   0  99   0   0   0|   0     0 |5422B 2784B|   0     0 |  22    76 |02-12 20:10:48
  0   0 100   0   0   0|   0     0 |   0     0 |   0     0 |  23    36 |02-12 20:10:49
  0   0 100   0   0   0|   0     0 |   0     0 |   0     0 |  21    35 |02-12 20:10:50
  1   0  99   0   0   0|   0     0 |5422B 2784B|   0     0 |  23    59 |02-12 20:10:51
  0   1 100   0   0   0|   0     0 |2112B 2112B|   0     0 |  32    77 |02-12 20:10:52
  0   0 100   0   0   0|   0     0 |   0     0 |   0     0 |  20    38 |02-12 20:10:53
  1   0  99   0   0   0|   0     0 |5422B 2784B|   0     0 |  28    62 |02-12 20:10:54
  0   0 100   0   0   0|   0     0 |2112B 2112B|   0     0 |  22    30 |02-12 20:10:55
  0   0 100   0   0   0|   0     0 |   0     0 |   0     0 |  20    38 |02-12 20:10:56
  1   2  98   0   0   0|   0     0 |5669B 3031B|   0     0 |  49   119 |02-12 20:10:57
  1   0  99   0   0   0|   0     0 |2478B 2354B|   0     0 |  37   108 |02-12 20:10:58
  8   4  88   0   0   0|   0     0 |2364B 2926B|   0     0 | 197   654 |02-12 20:10:59
  1   0 100   0   0   0|   0     0 |5488B 2784B|   0     0 |  21    63 |02-12 20:11:00
  1   0 100   0   0   0|   0     0 |   0     0 |   0     0 |  21    36 |02-12 20:11:01
  0   0  99   0   0   0|   0     0 |   0     0 |   0     0 |  30    75 |02-12 20:11:02
  1   0  82  18   0   0|   0    52k|5422B 2784B|   0     0 |  24    92 |02-12 20:11:03
  0   0 100   0   0   0|   0     0 |   0     0 |   0     0 |  19    41 |02-12 20:11:04
  0   0 100   0   0   0|   0     0 |   0     0 |   0     0 |  20    35 |02-12 20:11:05
  1   0  99   0   0   0|   0    40k|5524B 2976B|   0     0 |  26    72 |02-12 20:11:06
  1   0  99   0   0   0|   0     0 |   0     0 |   0     0 |  33    83 |02-12 20:11:07
  0   0 100   0   0   0|   0     0 |   0     0 |   0     0 |  22    51 |02-12 20:11:08
  0   0 100   0   0   0|   0     0 |   0     0 |   0     0 |  24    38 |02-12 20:11:09
  1   0  99   0   0   0|   0     0 |5422B 2784B|   0     0 |  26    71 |02-12 20:11:10
  0   0 100   0   0   0|   0     0 |   0     0 |   0     0 |  23    43 |02-12 20:11:11
  0   1 100   0   0   0|   0     0 |   0     0 |   0     0 |  33    67 |02-12 20:11:12
  1   0  99   0   0   0|   0     0 |5422B 2784B|   0     0 |  21    64 |02-12 20:11:13
  0   0 100   0   0   0|   0     0 |   0     0 |   0     0 |  24    67 |02-12 20:11:14
  0   0 100   0   0   0|   0     0 |   0     0 |   0     0 |  23    41 |02-12 20:11:15
  1   1  99   0   0   0|   0  8192B|6091B 3743B|   0     0 |  34   112 |02-12 20:11:16
  3   2  95   0   0   0|   0     0 |3064B 2448B|   0     0 | 113   352 |02-12 20:11:17
  7   3  90   0   0   1|   0     0 | 111k 3301k|   0     0 | 369  1446 |02-12 20:11:18
  5   3  87   0   0   5|   0     0 | 474k   14M|   0     0 |1150  4790 |02-12 20:11:19
  4   5  88   0   0   4|   0     0 | 491k   14M|   0     0 |1137  4606 |02-12 20:11:20
  4   5  88   0   0   3|   0     0 | 515k   15M|   0     0 |1046  4470 |02-12 20:11:21
  4   6  87   0   0   4|   0     0 | 550k   16M|   0     0 |1157  4731 |02-12 20:11:22
  3   5  87   0   0   5|   0     0 | 535k   16M|   0     0 |1084  4530 |02-12 20:11:23
  5   6  84   0   0   4|   0     0 | 526k   15M|   0     0 |1121  4535 |02-12 20:11:24
  6   5  86   0   0   4|   0     0 | 546k   16M|   0     0 |1040  4487 |02-12 20:11:25
  3   5  87   0   0   6|   0     0 | 541k   16M|   0     0 |1196  4770 |02-12 20:11:26
  4   6  86   0   0   5|   0     0 | 541k   16M|   0     0 |1189  4731 |02-12 20:11:27
  3   5  86   0   0   6|   0     0 | 544k   16M|   0     0 |1071  4538 |02-12 20:11:28
  4   6  86   0   0   4|   0     0 | 526k   15M|   0     0 |1200  4618 |02-12 20:11:29
  3   6  87   0   0   5|   0     0 | 516k   15M|   0     0 |1166  4670 |02-12 20:11:30
  3   5  88   0   0   5|   0  4096B| 536k   16M|   0     0 |1127  4641 |02-12 20:11:31
  4   7  86   0   0   4|   0     0 | 533k   16M|   0     0 |1039  4409 |02-12 20:11:32
  4   6  85   0   0   5|   0     0 | 538k   16M|   0     0 |1068  4562 |02-12 20:11:33
  3   6  85   2   0   5|   0    36k| 552k   16M|   0     0 |1149  4694 |02-12 20:11:34
  5   7  85   0   0   3|   0     0 | 550k   16M|   0     0 |1124  4760 |02-12 20:11:35
  4   5  89   0   0   3|   0     0 | 517k   15M|   0     0 |1096  4564 |02-12 20:11:36
  5   6  85   0   0   5|   0     0 | 548k   16M|   0     0 |1119  4650 |02-12 20:11:37
  5   4  87   0   0   4|   0     0 | 556k   16M|   0     0 |1210  4899 |02-12 20:11:38
  5   7  85   0   0   3|   0     0 | 531k   16M|   0     0 |1158  4606 |02-12 20:11:39
  5   6  85   0   0   5|   0     0 | 535k   15M|   0     0 |1119  4698 |02-12 20:11:40
  5   4  88   0   0   3|   0     0 | 539k   16M|   0     0 |1154  4663 |02-12 20:11:41
  3   5  88   0   0   4|   0     0 | 516k   15M|   0     0 |1109  4486 |02-12 20:11:42
  5   6  84   0   0   5|   0     0 | 560k   16M|   0     0 |1188  4985 |02-12 20:11:43
  3   4  87   0   0   6|   0     0 | 554k   16M|   0     0 |1196  4961 |02-12 20:11:44
  3   4  89   0   0   4|   0     0 | 516k   15M|   0     0 |1152  4609 |02-12 20:11:45
  4   6  86   0   0   5|   0     0 | 547k   16M|   0     0 |1136  4703 |02-12 20:11:46
  4   7  86   0   0   4|   0  8192B| 556k   16M|   0     0 |1200  4904 |02-12 20:11:47
  3   5  89   0   0   4|   0     0 | 515k   15M|   0     0 |1125  4577 |02-12 20:11:48
  3   4  89   0   0   4|   0     0 | 502k   15M|   0     0 |1013  4314 |02-12 20:11:49
  5   7  86   0   0   4|   0     0 | 534k   16M|   0     0 |1163  4738 |02-12 20:11:50
  3   5  87   0   0   5|   0     0 | 525k   15M|   0     0 |1099  4633 |02-12 20:11:51
  4   5  87   0   0   4|   0    20k| 555k   16M|   0     0 |1170  4848 |02-12 20:11:52
  5   5  87   0   0   4|   0     0 | 542k   16M|   0     0 |1163  4746 |02-12 20:11:53
  2   7  87   0   0   5|   0     0 | 528k   15M|   0     0 |1096  4474 |02-12 20:11:54
  5   5  86   0   0   4|   0     0 | 546k   16M|   0     0 |1179  4826 |02-12 20:11:55
  4   5  86   0   0   6|   0     0 | 548k   16M|   0     0 |1236  4875 |02-12 20:11:56
  5   5  87   0   0   4|   0     0 | 548k   16M|   0     0 |1246  4997 |02-12 20:11:57
  4   6  87   0   0   3|   0     0 | 550k   16M|   0     0 |1133  4648 |02-12 20:11:58
  3   7  87   0   0   3|   0     0 | 547k   16M|   0     0 |1236  4888 |02-12 20:11:59
  4   6  86   0   0   5|   0     0 | 522k   15M|   0     0 |1179  4681 |02-12 20:12:00
  4   5  90   0   0   2|   0     0 | 548k   16M|   0     0 |1211  4844 |02-12 20:12:01
  3   4  90   0   0   3|   0     0 | 540k   16M|   0     0 |1189  4676 |02-12 20:12:02
  4   4  87   0   0   5|   0     0 | 541k   16M|   0     0 |1203  4796 |02-12 20:12:03
  5   6  85   1   0   4|   0    48k| 545k   16M|   0     0 |1226  4874 |02-12 20:12:04
  3   6  88   0   0   4|   0     0 | 545k   16M|   0     0 |1195  4731 |02-12 20:12:05
  3   4  89   0   0   5|   0     0 | 528k   15M|   0     0 |1183  4693 |02-12 20:12:06
  3   6  89   0   0   2|   0    48k| 549k   16M|   0     0 |1180  4710 |02-12 20:12:07
  3   8  85   0   0   4|   0     0 | 545k   16M|   0     0 |1147  4713 |02-12 20:12:08
  4   5  87   0   0   5|   0     0 | 545k   16M|   0     0 |1207  4837 |02-12 20:12:09
  3   7  87   0   0   4|   0     0 | 548k   16M|   0     0 |1160  4767 |02-12 20:12:10
  3   7  86   0   0   5|   0     0 | 546k   16M|   0     0 |1103  4645 |02-12 20:12:11
  4   5  85   0   0   7|   0     0 | 555k   16M|   0     0 |1154  4808 |02-12 20:12:12
  4   8  85   0   0   4|   0     0 | 534k   15M|   0     0 |1079  4535 |02-12 20:12:13
  3   7  84   0   0   5|   0     0 | 556k   16M|   0     0 |1239  4927 |02-12 20:12:14
  4   6  88   0   0   3|   0     0 | 538k   16M|   0     0 |1184  4808 |02-12 20:12:15
  4   6  86   0   0   4|   0     0 | 528k   15M|   0     0 |1037  4289 |02-12 20:12:16
  3   7  88   0   0   3|   0     0 | 551k   16M|   0     0 |1155  4855 |02-12 20:12:17
  3   4  93   0   0   1|   0     0 | 250k 7342k|   0     0 | 559  2326 |02-12 20:12:18
  2   1  98   0   0   0|   0     0 |9752B 7316B|   0     0 |  45   260 |02-12 20:12:19
  0   0 100   0   0   0|   0     0 | 254B   66B|   0     0 |  26    56 |02-12 20:12:20
  0   0 100   0   0   0|   0     0 |   0     0 |   0     0 |  23    36 |02-12 20:12:21
  0   0 100   0   0   0|   0     0 |   0     0 |   0     0 |  25    51 |02-12 20:12:22
  1   0  99   0   0   0|   0    24k|5422B 2784B|   0     0 |  34   108 |02-12 20:12:23
  0   0 100   0   0   0|   0     0 |   0     0 |   0     0 |  18    24 |02-12 20:12:24
  0   0 100   0   0   0|   0     0 |   0     0 |   0     0 |  18    28 |02-12 20:12:25
  1   0  99   0   0   0|   0     0 |5422B 2784B|   0     0 |  27    62 |02-12 20:12:26
  0   0 100   0   0   0|   0     0 |2112B 2112B|   0     0 |  19    42 |02-12 20:12:27
  1   1  99   0   0   0|   0     0 |   0     0 |   0     0 |  35    82 |02-12 20:12:28
  1   0  99   0   0   0|   0     0 |7534B 4896B|   0     0 |  20    56 |02-12 20:12:29
  0   0 100   0   0   0|   0     0 |   0     0 |   0     0 |  18    28 |02-12 20:12:30
  1   1  99   0   0   0|   0     0 |2287B 2203B|   0     0 |  38   102 |02-12 20:12:31
  7   4  89   0   0   0|   0     0 |8212B 5102B|   0     0 | 204   664 |02-12 20:12:32
  1   0  99   0   0   0|   0     0 |  66B    0 |   0     0 |  30    73 |02-12 20:12:33
  0   0  99   2   0   0|   0    32k|   0     0 |   0     0 |  19    46 |02-12 20:12:34
  1   1  98   0   0   1|   0     0 |8102B 8348B|   0     0 |  50   144 |02-12 20:12:35
  0   0 100   0   0   0|   0     0 |   0     0 |   0     0 |  18    27 |02-12 20:12:36
  0   0 100   0   0   0|   0     0 |   0     0 |   0     0 |  19    26 |02-12 20:12:37
  1   0  99   0   0   0|   0     0 |5422B 2784B|   0     0 |  37   112 |02-12 20:12:38
  0   0 100   0   0   0|   0     0 |   0     0 |   0     0 |  24    53 |02-12 20:12:39
  0   0 100   0   0   0|   0     0 |   0     0 |   0     0 |  18    25 |02-12 20:12:40
  0   0  99   0   0   0|   0     0 |5422B 2784B|   0     0 |  26    64 |02-12 20:12:41
  1   0 100   0   0   0|   0     0 |   0     0 |   0     0 |  19    26 |02-12 20:12:42
  0   1 100   0   0   0|   0     0 |   0     0 |   0     0 |  34    98 |02-12 20:12:43
  0   0  99   0   0   0|   0     0 |5422B 2784B|   0     0 |  26    63 |02-12 20:12:44
  0   0 100   0   0   0|   0     0 |   0     0 |   0     0 |  18    26 |02-12 20:12:45
  0   0 100   0   0   0|   0     0 |   0     0 |   0     0 |  19    45 |02-12 20:12:46
  1   0 100   0   0   0|   0     0 |5422B 2784B|   0     0 |  27    63 |02-12 20:12:47
  1   1  99   0   0   0|   0     0 |   0     0 |   0     0 |  34    97 |02-12 20:12:48
  1   1  99   0   0   0|   0     0 |1895B 1851B|   0     0 |  32    84 |02-12 20:12:49
  7   4  89   0   0   1|   0     0 |7148B 4700B|   0     0 | 194   572 |02-12 20:12:50
  2   3  94   0   0   2|   0     0 | 209k 6267k|   0     0 | 508  2275 |02-12 20:12:51
  3   8  85   0   0   3|   0     0 | 459k   13M|   0     0 |1101  4637 |02-12 20:12:52
  4   5  87   0   0   4|   0  4096B| 536k   16M|   0     0 |1169  4754 |02-12 20:12:53
  5   5  86   0   0   5|   0     0 | 558k   16M|   0     0 |1147  4775 |02-12 20:12:54
  3   5  89   0   0   4|   0     0 | 529k   15M|   0     0 |1064  4556 |02-12 20:12:55
  3   7  87   0   0   3|   0     0 | 567k   16M|   0     0 |1226  5100 |02-12 20:12:56
  4   4  88   0   0   5|   0     0 | 549k   16M|   0     0 |1063  4608 |02-12 20:12:57
  4   7  85   0   0   4|   0  8192B| 535k   16M|   0     0 |1075  4520 |02-12 20:12:58
  4   8  85   0   0   4|   0     0 | 568k   16M|   0     0 |1231  4977 |02-12 20:12:59
  3   6  87   0   0   4|   0     0 | 549k   16M|   0     0 |1252  4987 |02-12 20:13:00
  4   5  88   0   0   3|   0     0 | 535k   16M|   0     0 |1228  5007 |02-12 20:13:01
  5   6  85   0   0   4|   0     0 | 537k   16M|   0     0 |1202  4999 |02-12 20:13:02
  3   6  87   0   0   4|   0     0 | 553k   16M|   0     0 |1212  4778 |02-12 20:13:03
  6   6  85   0   0   4|   0  4096B| 566k   17M|   0     0 |1156  4690 |02-12 20:13:04
  4   6  86   1   0   4|   0    64k| 544k   16M|   0     0 |1112  4575 |02-12 20:13:05
  3   6  88   0   0   3|   0     0 | 556k   16M|   0     0 |1242  4947 |02-12 20:13:06
  4   6  88   0   0   2|   0     0 | 547k   16M|   0     0 |1231  4892 |02-12 20:13:07
  3   9  84   0   0   4|   0     0 | 545k   16M|   0     0 |1134  4620 |02-12 20:13:08
  3   7  88   0   0   3|   0     0 | 548k   16M|   0     0 |1148  4900 |02-12 20:13:09
  4   4  89   0   0   4|   0     0 | 537k   16M|   0     0 |1192  4786 |02-12 20:13:10
  4   6  87   0   0   4|   0     0 | 545k   16M|   0     0 |1173  4757 |02-12 20:13:11
  5   6  87   0   0   2|   0     0 | 552k   16M|   0     0 |1210  4935 |02-12 20:13:12
  4   5  86   0   0   5|   0     0 | 548k   16M|   0     0 |1206  4834 |02-12 20:13:13
  3   6  88   0   0   4|   0     0 | 535k   15M|   0     0 |1196  4769 |02-12 20:13:14
  4   5  86   0   0   6|   0     0 | 541k   16M|   0     0 |1209  4822 |02-12 20:13:15
  4   8  85   0   0   5|   0     0 | 548k   16M|   0     0 |1207  4815 |02-12 20:13:16
  4   6  86   0   0   4|   0     0 | 524k   15M|   0     0 |1135  4493 |02-12 20:13:17
  3   6  86   0   0   5|   0     0 | 540k   16M|   0     0 |1234  4896 |02-12 20:13:18
  4   7  87   0   0   3|   0     0 | 560k   16M|   0     0 |1228  4985 |02-12 20:13:19
  4   6  85   0   0   5|   0     0 | 553k   16M|   0     0 |1163  4750 |02-12 20:13:20
  3   3  90   0   0   4|   0     0 | 545k   16M|   0     0 |1181  4844 |02-12 20:13:21
  4   4  88   0   0   4|   0     0 | 549k   16M|   0     0 |1223  4758 |02-12 20:13:22
  4   6  87   0   0   4|   0     0 | 533k   15M|   0     0 |1111  4419 |02-12 20:13:23
  2   6  89   0   0   3|   0    16k| 542k   16M|   0     0 |1135  4584 |02-12 20:13:24
  5   5  86   0   0   4|   0     0 | 558k   16M|   0     0 |1174  4531 |02-12 20:13:25
  3   7  86   0   0   5|   0     0 | 525k   15M|   0     0 |1073  4443 |02-12 20:13:26
  2   7  88   0   0   3|   0     0 | 550k   16M|   0     0 |1173  4895 |02-12 20:13:27
  3   7  86   0   0   5|   0     0 | 547k   16M|   0     0 |1226  4837 |02-12 20:13:28
  2   4  89   0   0   4|   0  4096B| 540k   16M|   0     0 |1234  4757 |02-12 20:13:29
  3   3  86   0   0   8|   0     0 | 535k   16M|   0     0 |1175  4800 |02-12 20:13:30
  4   6  88   0   0   3|   0     0 | 547k   16M|   0     0 |1255  4902 |02-12 20:13:31
  4   6  86   0   0   5|   0     0 | 540k   16M|   0     0 |1148  4678 |02-12 20:13:32
  5   5  87   0   0   4|   0     0 | 530k   16M|   0     0 |1148  4506 |02-12 20:13:33
  5   6  84   0   0   4|   0     0 | 557k   16M|   0     0 |1222  4934 |02-12 20:13:34
  5   5  83   2   0   5|   0    28k| 544k   16M|   0     0 |1149  4687 |02-12 20:13:35
  3   5  88   0   0   5|   0     0 | 528k   15M|   0     0 |1173  4473 |02-12 20:13:36
  4   5  88   0   0   3|   0     0 | 539k   16M|   0     0 |1149  4647 |02-12 20:13:37
  4   6  88   0   0   2|   0     0 | 548k   16M|   0     0 |1059  4472 |02-12 20:13:38
  5   4  87   0   0   4|   0    24k| 526k   15M|   0     0 |1163  4796 |02-12 20:13:39
  3   4  89   0   0   4|   0     0 | 541k   16M|   0     0 |1174  4936 |02-12 20:13:40
  4   5  87   0   0   5|   0     0 | 552k   16M|   0     0 |1177  4757 |02-12 20:13:41
  3   9  86   0   0   4|   0     0 | 536k   16M|   0     0 |1194  4736 |02-12 20:13:42
  4   5  87   0   0   5|   0     0 | 550k   16M|   0     0 |1190  4790 |02-12 20:13:43
  5   7  84   0   0   5|   0     0 | 553k   16M|   0     0 |1188  4746 |02-12 20:13:44
  5   6  85   0   0   5|   0     0 | 539k   16M|   0     0 |1242  4783 |02-12 20:13:45
  5   5  86   0   0   5|   0     0 | 552k   16M|   0     0 |1166  4733 |02-12 20:13:46
  5   5  86   0   0   4|   0     0 | 543k   16M|   0     0 |1153  4686 |02-12 20:13:47
  4   6  86   0   0   5|   0     0 | 518k   15M|   0     0 |1156  4649 |02-12 20:13:48
  5   5  86   0   0   5|   0     0 | 545k   16M|   0     0 |1164  4838 |02-12 20:13:49
  3   4  90   0   0   4|   0     0 | 521k   15M|   0     0 |1153  4560 |02-12 20:13:50
  2   1  95   0   0   1|   0     0 | 145k 4054k|   0     0 | 341  1333 |02-12 20:13:51
  1   1  99   0   0   0|   0     0 |4584B 4598B|   0     0 |  48   220 |02-12 20:13:52
  0   0  99   0   0   0|   0     0 |   0     0 |   0     0 |  32    70 |02-12 20:13:53
  0   0 100   0   0   0|   0     0 |5422B 2784B|   0     0 |  27    68 |02-12 20:13:54
  1   0 100   0   0   0|   0     0 |   0     0 |   0     0 |  23    42 |02-12 20:13:55
  0   0 100   0   0   0|   0     0 |   0     0 |   0     0 |  24    36 |02-12 20:13:56
  1   0  99   0   0   0|   0     0 |5422B 2784B|   0     0 |  27    62 |02-12 20:13:57
  1   0  99   0   0   0|   0     0 |   0     0 |   0     0 |  36    87 |02-12 20:13:58
  0   0 100   0   0   0|   0     0 |   0     0 |   0     0 |  22    33 |02-12 20:13:59
  1   0 100   0   0   0|   0    24k|5422B 2784B|   0     0 |  26    63 |02-12 20:14:00
  0   0 100   0   0   0|   0     0 |   0     0 |   0     0 |  23    40 |02-12 20:14:01
  0   0 100   0   0   0|   0     0 |   0     0 |   0     0 |  21    39 |02-12 20:14:02
  1   1  99   0   0   0|   0     0 |5422B 2784B|   0     0 |  39   113 |02-12 20:14:03
  0   0 100   0   0   0|   0     0 |   0     0 |   0     0 |  25    42 |02-12 20:14:04
  1   0 100   0   0   0|   0     0 |2214B 2304B|   0     0 |  24    49 |02-12 20:14:05
  0   0  98   2   0   0|   0    52k|5422B 2784B|   0     0 |  32    85 |02-12 20:14:06
  0   0 100   0   0   0|   0     0 |2112B 2112B|   0     0 |  27    59 |02-12 20:14:07
  1   0  99   0   0   0|   0     0 |   0     0 |   0     0 |  37    82 |02-12 20:14:08
  0   0 100   0   0   0|   0     0 |5422B 2784B|   0     0 |  30    74 |02-12 20:14:09
  0   0 100   0   0   0|   0    48k|   0     0 |   0     0 |  20    37 |02-12 20:14:10
  0   0 100   0   0   0|   0     0 |   0     0 |   0     0 |  22    47 |02-12 20:14:11
  1   0 100   0   0   0|   0     0 |5422B 2784B|   0     0 |  21    59 |02-12 20:14:12
  0   0  99   0   0   0|   0     0 |   0     0 |   0     0 |  35    67 |02-12 20:14:13
  0   0 100   0   0   0|   0     0 |   0     0 |   0     0 |  21    34 |02-12 20:14:14
  1   0  99   0   0   0|   0     0 |5422B 2784B|   0     0 |  22    62 |02-12 20:14:15
  0   0 100   0   0   0|   0     0 |   0     0 |   0     0 |  26    50 |02-12 20:14:16
  0   0 100   0   0   0|   0     0 |  74B   74B|   0     0 |  21    39 |02-12 20:14:17
  1   1  98   0   0   1|   0     0 |7784B 5458B|   0     0 |  56   174 |02-12 20:14:18
  0   0 100   0   0   0|   0     0 | 460B  540B|   0     0 |  35    71 |02-12 20:14:19
  7   4  89   0   0   0|   0     0 |1400B 1674B|   0     0 | 178   488 |02-12 20:14:20
  1   2  97   0   0   0|   0     0 |6746B 3362B|   0     0 |  56   234 |02-12 20:14:21
  0   0 100   0   0   0|   0     0 |   0     0 |   0     0 |  23    45 |02-12 20:14:22
  0   0  99   0   0   0|   0     0 |   0     0 |   0     0 |  36    71 |02-12 20:14:23
  1   0  99   0   0   0|   0     0 |5422B 2784B|   0     0 |  27    72 |02-12 20:14:24
  0   0 100   0   0   0|   0     0 |   0     0 |   0     0 |  23    43 |02-12 20:14:25
  0   0 100   0   0   0|   0     0 |   0     0 |   0     0 |  23    47 |02-12 20:14:26
  1   0 100   0   0   0|   0     0 |5422B 2784B|   0     0 |  25    81 |02-12 20:14:27
  1   1  99   0   0   0|   0     0 |   0     0 |   0     0 |  39   106 |02-12 20:14:28
  0   0 100   0   0   0|   0     0 |   0     0 |   0     0 |  22    66 |02-12 20:14:29
  1   0  99   0   0   0|   0     0 |5422B 2784B|   0     0 |  26    82 |02-12 20:14:30
  0   1  99   0   0   0|   0     0 | 247B  247B|   0     0 |  36    91 |02-12 20:14:31
  6   3  91   0   0   0|   0     0 |3242B 2514B|   0     0 | 153   443 |02-12 20:14:32
