[7l----total-cpu-usage---- -dsk/total- -net/total- ---paging-- ---system-- ----system----
usr sys idl wai hiq siq| read  writ| recv  send|  in   out | int   csw |     time     
  2   2  94   1   0   2|  28k   70k|   0     0 |   0     0 | 509  1987 |02-12 19:38:09
  1   0 100   0   0   0|   0     0 |5422B 2850B|   0     0 |  31    91 |02-12 19:38:10
  0   0 100   0   0   0|   0     0 |   0     0 |   0     0 |  20    34 |02-12 19:38:11
  0   1  99   0   0   0|   0     0 | 606B  408B|   0     0 |  49   113 |02-12 19:38:12
  0   1  99   0   0   0|   0     0 |5656B 2902B|   0     0 |  30    78 |02-12 19:38:13
  0   0 100   0   0   0|   0     0 | 168B  102B|   0     0 |  30    63 |02-12 19:38:14
  2   1  98   0   0   0|   0     0 |3881B 3255B|   0     0 | 114   330 |02-12 19:38:15
  7   5  88   0   0   1|   0     0 |  36k 1063k|   0     0 | 220   800 |02-12 19:38:16
  3   3  93   0   0   2|   0     0 | 263k 7948k|   0     0 | 878  3410 |02-12 19:38:17
  2   4  91   0   0   3|   0     0 | 331k 9906k|   0     0 |1023  4079 |02-12 19:38:18
  3   4  90   0   0   3|   0     0 | 378k   11M|   0     0 |1054  4242 |02-12 19:38:19
  3   3  89   0   0   5|   0     0 | 355k   10M|   0     0 | 977  4047 |02-12 19:38:20
  3   3  92   0   0   3|   0     0 | 360k   11M|   0     0 | 896  3933 |02-12 19:38:21
  2   6  90   0   0   2|   0     0 | 337k 9942k|   0     0 | 880  3728 |02-12 19:38:22
  2   4  92   0   0   3|   0     0 | 378k   11M|   0     0 | 968  4086 |02-12 19:38:23
  4   4  86   0   0   5|   0    16k| 362k   11M|   0     0 |1051  4388 |02-12 19:38:24
  4   6  87   0   0   4|   0     0 | 379k   11M|   0     0 |1081  4404 |02-12 19:38:25
  2   4  91   0   0   4|   0     0 | 358k   10M|   0     0 |1002  4199 |02-12 19:38:26
  2   5  88   0   0   5|   0     0 | 378k   11M|   0     0 |1027  4246 |02-12 19:38:27
  3   4  91   0   0   2|   0     0 | 353k   10M|   0     0 | 935  3986 |02-12 19:38:28
  3   4  90   0   0   3|   0     0 | 362k   11M|   0     0 |1019  4317 |02-12 19:38:29
  3   5  90   0   0   3|   0     0 | 360k   11M|   0     0 | 974  3998 |02-12 19:38:30
  4   4  90   0   0   2|   0     0 | 380k   11M|   0     0 |1016  4263 |02-12 19:38:31
  4   6  87   0   0   4|   0     0 | 385k   11M|   0     0 | 984  4147 |02-12 19:38:32
  3   4  89   0   0   5|   0     0 | 377k   11M|   0     0 | 991  4269 |02-12 19:38:33
  3   5  89   0   0   5|   0     0 | 369k   11M|   0     0 | 945  4052 |02-12 19:38:34
  2   5  89   0   0   4|   0     0 | 356k   10M|   0     0 | 889  3806 |02-12 19:38:35
  3   4  90   0   0   3|   0     0 | 377k   11M|   0     0 | 972  4097 |02-12 19:38:36
  2   3  90   0   0   5|   0     0 | 365k   11M|   0     0 | 923  3934 |02-12 19:38:37
  2   4  89   0   0   5|   0     0 | 373k   11M|   0     0 |1001  4162 |02-12 19:38:38
  3   4  88   1   0   5|   0    72k| 357k   10M|   0     0 | 940  3947 |02-12 19:38:39
  2   3  92   0   0   3|   0    68k| 353k   10M|   0     0 | 954  4071 |02-12 19:38:40
  2   4  90   0   0   4|   0     0 | 348k   10M|   0     0 |1012  4037 |02-12 19:38:41
  4   4  88   0   0   4|   0     0 | 366k   11M|   0     0 |1012  4194 |02-12 19:38:42
  4   4  88   0   0   4|   0     0 | 386k   11M|   0     0 |1077  4332 |02-12 19:38:43
  3   4  90   0   0   3|   0     0 | 361k   11M|   0     0 |1020  4093 |02-12 19:38:44
  2   4  91   0   0   3|   0     0 | 375k   11M|   0     0 |1077  4299 |02-12 19:38:45
  4   5  88   0   0   4|   0     0 | 352k   10M|   0     0 | 954  3791 |02-12 19:38:46
  3   4  90   0   0   3|   0     0 | 377k   11M|   0     0 | 898  3733 |02-12 19:38:47
  2   4  89   0   0   5|   0     0 | 357k   10M|   0     0 |1005  3996 |02-12 19:38:48
  2   3  93   0   0   2|   0     0 | 368k   11M|   0     0 | 942  3762 |02-12 19:38:49
  4   7  86   0   0   3|   0     0 | 374k   11M|   0     0 |1015  4093 |02-12 19:38:50
  2   4  91   0   0   3|   0     0 | 345k   10M|   0     0 |1004  4042 |02-12 19:38:51
  3   3  87   0   0   7|   0     0 | 355k   10M|   0     0 | 985  4025 |02-12 19:38:52
  3   4  91   0   0   3|   0     0 | 385k   11M|   0     0 |1024  4076 |02-12 19:38:53
  3   4  91   0   0   3|   0     0 | 365k   11M|   0     0 | 900  3662 |02-12 19:38:54
  2   4  92   0   0   2|   0     0 | 374k   11M|   0     0 | 972  3900 |02-12 19:38:55
  3   6  89   0   0   3|   0     0 | 368k   11M|   0     0 |1093  4392 |02-12 19:38:56
  3   4  90   0   0   4|   0     0 | 358k   10M|   0     0 |1008  4217 |02-12 19:38:57
  3   5  88   0   0   4|   0     0 | 381k   11M|   0     0 |1018  4180 |02-12 19:38:58
  3   4  89   0   0   5|   0     0 | 364k   11M|   0     0 | 986  4132 |02-12 19:38:59
  3   4  91   0   0   3|   0     0 | 369k   11M|   0     0 | 974  4197 |02-12 19:39:00
  3   3  90   0   0   4|   0     0 | 374k   11M|   0     0 |1012  4280 |02-12 19:39:01
  2   5  89   0   0   5|   0     0 | 362k   11M|   0     0 |1008  4198 |02-12 19:39:02
  2   5  91   0   0   3|   0     0 | 355k   10M|   0     0 | 954  4071 |02-12 19:39:03
  2   4  91   0   0   3|   0     0 | 365k   11M|   0     0 | 955  4035 |02-12 19:39:04
  2   7  89   0   0   2|   0     0 | 373k   11M|   0     0 |1101  4411 |02-12 19:39:05
  3   4  90   0   0   3|   0     0 | 369k   11M|   0     0 |1000  4056 |02-12 19:39:06
  3   5  90   0   0   3|   0     0 | 356k   10M|   0     0 |1034  4171 |02-12 19:39:07
  3   3  91   0   0   4|   0     0 | 377k   11M|   0     0 |1078  4264 |02-12 19:39:08
  2   4  92   0   0   2|   0     0 | 363k   11M|   0     0 |1085  4226 |02-12 19:39:09
  2   3  89   3   0   4|   0    12k| 379k   11M|   0     0 |1061  4298 |02-12 19:39:10
  3   4  90   0   0   4|   0    20k| 353k   10M|   0     0 |1028  4110 |02-12 19:39:11
  3   3  91   0   0   3|   0     0 | 346k   10M|   0     0 | 982  3960 |02-12 19:39:12
  3   4  91   0   0   2|   0     0 | 363k   10M|   0     0 | 918  3818 |02-12 19:39:13
  2   4  91   0   0   3|   0     0 | 358k   10M|   0     0 | 954  3966 |02-12 19:39:14
  2   4  89   0   0   5|   0     0 | 355k   10M|   0     0 | 984  4054 |02-12 19:39:15
  1   1  97   0   0   1|   0     0 | 182k 5168k|   0     0 | 507  2167 |02-12 19:39:16
  1   1  98   0   0   0|   0     0 |4584B 4598B|   0     0 |  64   254 |02-12 19:39:17
  0   0 100   0   0   0|   0     0 |   0     0 |   0     0 |  21    38 |02-12 19:39:18
  0   0  99   0   0   0|   0     0 |5422B 2784B|   0     0 |  23    64 |02-12 19:39:19
  0   0 100   0   0   0|   0     0 |   0     0 |   0     0 |  20    28 |02-12 19:39:20
  0   0 100   0   0   0|   0     0 | 372B  306B|   0     0 |  32    66 |02-12 19:39:21
  1   1  99   0   0   0|   0     0 |6628B 4132B|   0     0 |  72   199 |02-12 19:39:22
  0   0 100   0   0   0|   0     0 | 132B    0 |   0     0 |  26    54 |02-12 19:39:23
  0   0 100   0   0   0|   0     0 |   0     0 |   0     0 |  23    24 |02-12 19:39:24
  0   0 100   0   0   0|   0     0 |9392B 6942B|   0     0 |  28    45 |02-12 19:39:25
  0   0 100   0   0   0|   0     0 | 254B   66B|   0     0 |  25    42 |02-12 19:39:26
  1   1  99   0   0   0|   0     0 | 313B 1289B|   0     0 |  45   117 |02-12 19:39:27
  7   4  90   0   0   0|   0     0 |3980B 2886B|   0     0 | 204   569 |02-12 19:39:28
  1   1  98   0   0   0|   0     0 |7148B 3750B|   0     0 |  67   260 |02-12 19:39:29
  0   0 100   0   0   0|   0     0 | 336B  220B|   0     0 |  38    99 |02-12 19:39:30
  1   0 100   0   0   0|   0     0 | 336B  212B|   0     0 |  34    85 |02-12 19:39:31
  1   2  97   0   0   0|   0     0 |8102B 8348B|   0     0 |  75   220 |02-12 19:39:32
  1   0 100   0   0   0|   0     0 | 336B  204B|   0     0 |  36    78 |02-12 19:39:33
  0   0 100   0   0   0|   0     0 | 336B  212B|   0     0 |  33    73 |02-12 19:39:34
  1   0 100   0   0   0|   0     0 |5422B 2784B|   0     0 |  27    65 |02-12 19:39:35
  0   0 100   0   0   0|   0     0 | 168B  102B|   0     0 |  25    46 |02-12 19:39:36
  0   1 100   0   0   0|   0     0 |   0     0 |   0     0 |  35    71 |02-12 19:39:37
  0   0  99   0   0   1|   0     0 |5422B 2784B|   0     0 |  26    72 |02-12 19:39:38
  0   0 100   0   0   0|   0     0 |   0     0 |   0     0 |  23    28 |02-12 19:39:39
  0   0 100   0   0   0|   0     0 |   0     0 |   0     0 |  22    46 |02-12 19:39:40
  1   0  94   5   0   0|   0    60k|6196B 3334B|   0     0 |  45   131 |02-12 19:39:41
  0   1  99   0   0   0|   0    60k| 402B  220B|   0     0 |  41   110 |02-12 19:39:42
  1   0  99   0   0   0|   0     0 |2379B 2055B|   0     0 |  51   138 |02-12 19:39:43
  8   4  88   0   0   0|   0     0 |7000B 4700B|   0     0 | 199   537 |02-12 19:39:44
  1   2  96   0   0   1|   0     0 | 181k 5414k|   0     0 | 515  2330 |02-12 19:39:45
  2   3  92   0   0   4|   0     0 | 286k 8548k|   0     0 | 819  3565 |02-12 19:39:46
  3   4  91   0   0   3|   0     0 | 371k   11M|   0     0 | 980  4083 |02-12 19:39:47
  3   3  92   0   0   2|   0     0 | 352k   10M|   0     0 | 968  3961 |02-12 19:39:48
  2   5  89   0   0   4|   0     0 | 345k   10M|   0     0 | 991  5542 |02-12 19:39:49
  2   5  92   0   0   2|   0     0 | 365k   10M|   0     0 | 924  4018 |02-12 19:39:50
  2   4  92   0   0   2|   0     0 | 332k 9950k|   0     0 | 883  3870 |02-12 19:39:51
  2   4  91   0   0   3|   0  8192B| 325k 9718k|   0     0 | 952  3898 |02-12 19:39:52
  3   8  85   0   0   3|   0     0 | 378k   11M|   0     0 |1011  4168 |02-12 19:39:53
 18   8  48  24   0   2| 120k    0 | 352k   10M|   0     0 | 689  3428 |02-12 19:39:54
  5   5  87   0   0   3|   0   496k| 366k   11M|   0     0 |1030  3994 |02-12 19:39:55
  3   5  90   0   0   2|   0     0 | 364k   10M|   0     0 | 941  3777 |02-12 19:39:56
  2   4  91   0   0   4|   0     0 | 362k   11M|   0     0 |1044  4193 |02-12 19:39:57
  2   3  92   0   0   3|   0     0 | 345k   10M|   0     0 |1004  3864 |02-12 19:39:58
  2   3  92   0   0   3|   0     0 | 373k   11M|   0     0 | 987  4180 |02-12 19:39:59
  3   3  92   0   0   2|   0     0 | 363k   11M|   0     0 |1040  4134 |02-12 19:40:00
  2   3  93   0   0   2|   0     0 | 348k   10M|   0     0 | 957  3995 |02-12 19:40:01
  3   4  90   0   0   3|   0  4096B| 364k   10M|   0     0 | 954  3894 |02-12 19:40:02
  3   5  90   0   0   3|   0     0 | 360k   10M|   0     0 |1065  4152 |02-12 19:40:03
  4   3  91   0   0   3|   0     0 | 353k   10M|   0     0 | 965  3938 |02-12 19:40:04
 29   7  58   4   0   2| 892k  508k| 342k   10M|   0     0 | 565  2900 |02-12 19:40:05
 30   6  60   0   0   3| 512k    0 | 351k   10M|   0     0 | 796  3700 |02-12 19:40:06
  2   4  90   0   0   5|   0     0 | 339k   10M|   0     0 | 964  3854 |02-12 19:40:07
  4   3  92   0   0   2|   0     0 | 366k   11M|   0     0 |1020  4123 |02-12 19:40:08
  4   5  89   0   0   2|   0     0 | 362k   11M|   0     0 | 947  3850 |02-12 19:40:09
  2   4  92   0   0   3|   0     0 | 345k   10M|   0     0 | 970  3709 |02-12 19:40:10
  8   5  83   0   0   4|   0     0 | 350k   10M|   0     0 | 879  3540 |02-12 19:40:11
 27  13  46  12   0   3|   0  1256k| 375k   11M|   0     0 | 752  3319 |02-12 19:40:12
 64  29   2   0   0   5|   0     0 | 302k 8987k|   0     0 | 348  1499 |02-12 19:40:13
 48  12  37   0   0   2|   0     0 | 344k   10M|   0     0 | 569  2882 |02-12 19:40:14
 13   4  80   0   0   2|   0     0 | 350k   11M|   0     0 | 820  3417 |02-12 19:40:15
  5   6  86   0   0   3|   0  4096B| 324k 9574k|   0     0 | 905  3503 |02-12 19:40:16
  3   6  88   0   0   4|   0    12k| 375k   11M|   0     0 |1047  4081 |02-12 19:40:17
  2   4  89   0   0   5|   0     0 | 352k   10M|   0     0 |1066  4104 |02-12 19:40:18
  2   4  92   0   0   3|   0     0 | 336k   10M|   0     0 | 981  3683 |02-12 19:40:19
  2   5  91   0   0   3|   0     0 | 366k   11M|   0     0 |1004  3879 |02-12 19:40:20
  2   2  94   0   0   3|   0     0 | 328k 9831k|   0     0 | 859  3604 |02-12 19:40:21
  3   4  90   0   0   4|   0     0 | 342k   10M|   0     0 | 964  3997 |02-12 19:40:22
  3   5  90   0   0   3|   0     0 | 373k   11M|   0     0 |1004  4219 |02-12 19:40:23
  2   4  91   0   0   4|   0     0 | 353k   10M|   0     0 | 864  3669 |02-12 19:40:24
  2   4  92   0   0   3|   0     0 | 350k   10M|   0     0 | 998  4098 |02-12 19:40:25
  3   4  91   0   0   2|   0     0 | 353k   10M|   0     0 | 912  3888 |02-12 19:40:26
  4   4  89   0   0   4|   0     0 | 370k   11M|   0     0 | 913  3920 |02-12 19:40:27
  2   4  83   9   0   2|   0  2420k| 329k 9839k|   0     0 | 884  3631 |02-12 19:40:28
  3   3  90   0   0   4|   0     0 | 371k   11M|   0     0 | 981  4048 |02-12 19:40:29
  3   4  91   0   0   2|   0     0 | 331k 9908k|   0     0 | 784  3454 |02-12 19:40:30
  3   5  91   0   0   2|   0     0 | 355k   10M|   0     0 | 881  3851 |02-12 19:40:31
  4   7  87   0   0   2|   0     0 | 362k   10M|   0     0 | 931  3767 |02-12 19:40:32
  2   3  93   0   0   3|   0     0 | 348k   10M|   0     0 | 860  3825 |02-12 19:40:33
  2   5  90   0   0   3|   0     0 | 349k   10M|   0     0 | 871  3809 |02-12 19:40:34
  2   5  90   0   0   4|   0     0 | 370k   11M|   0     0 |1006  4054 |02-12 19:40:35
  4   3  92   0   0   2|   0     0 | 362k   11M|   0     0 | 918  3917 |02-12 19:40:36
  2   6  91   0   0   2|   0     0 | 330k 9872k|   0     0 | 775  3476 |02-12 19:40:37
  3   4  90   0   0   3|   0   128k| 346k   10M|   0     0 | 892  3712 |02-12 19:40:38
  1   4  93   0   0   2|   0     0 | 346k   10M|   0     0 | 966  3867 |02-12 19:40:39
  3   5  90   0   0   3|   0     0 | 353k   10M|   0     0 | 984  3996 |02-12 19:40:40
  2   4  91   0   0   4|   0     0 | 339k   10M|   0     0 | 939  3813 |02-12 19:40:41
  3   5  88   1   0   3|   0   256k| 364k   10M|   0     0 |1022  3928 |02-12 19:40:42
  2   4  87   5   0   3|   0  1276k| 348k   10M|   0     0 | 883  3743 |02-12 19:40:43
  4   4  88   0   0   4|   0     0 | 360k   11M|   0     0 |1046  4074 |02-12 19:40:44
  2   2  94   0   0   1|   0     0 | 162k 4558k|   0     0 | 418  1564 |02-12 19:40:45
  1   0  99   0   0   0|   0     0 |4662B 4840B|   0     0 |  44   193 |02-12 19:40:46
  0   1  99   0   0   0|   0     0 |   0     0 |   0     0 |  34    75 |02-12 19:40:47
  1   0  99   0   0   0|   0    20k|5422B 2784B|   0     0 |  26    79 |02-12 19:40:48
  0   0 100   0   0   0|   0     0 |   0     0 |   0     0 |  21    41 |02-12 19:40:49
  0   0 100   0   0   0|   0     0 |   0     0 |   0     0 |  19    26 |02-12 19:40:50
  1   0 100   0   0   0|   0     0 |5422B 2784B|   0     0 |  22    67 |02-12 19:40:51
  1   1  99   0   0   0|   0     0 |   0     0 |   0     0 |  37    73 |02-12 19:40:52
  0   0 100   0   0   0|   0     0 |4224B 4224B|   0     0 |  22    36 |02-12 19:40:53
  1   0 100   0   0   0|   0     0 |5844B 3496B|   0     0 |  30    77 |02-12 19:40:54
  1   1  99   0   0   0|   0     0 |1817B 1457B|   0     0 |  39    78 |02-12 19:40:55
 14   7  80   0   0   0|   0     0 |3192B 2362B|   0     0 | 156   594 |02-12 19:40:56
 12   8  80   0   0   1|   0     0 |1129k   29k|   0     0 | 391  1477 |02-12 19:40:57
 22   9  55  13   0   0|   0  1712k|1830B   10k|   0     0 | 158   639 |02-12 19:40:58
  4   3  94   0   0   0| 128k    0 |2808B   83k|   0     0 | 124   367 |02-12 19:40:59
  1   0  99   0   0   0|   0     0 |6262B 3294B|   0     0 |  47   134 |02-12 19:41:00
  0   0 100   0   0   0|   0     0 | 606B  408B|   0     0 |  35    73 |02-12 19:41:01
  0   0 100   0   0   0|   0     0 | 570B  306B|   0     0 |  47   109 |02-12 19:41:02
  0   1 100   0   0   0|   0     0 |5422B 2784B|   0     0 |  26    68 |02-12 19:41:03
  0   0 100   0   0   0|   0     0 | 846B  770B|   0     0 |  51   110 |02-12 19:41:04
  0   0 100   0   0   0|   0     0 | 912B  714B|   0     0 |  50   119 |02-12 19:41:05
  1   0  99   0   0   0|   0     0 |5422B 2784B|   0     0 |  26    71 |02-12 19:41:06
  1   1  99   0   0   0|   0     0 | 168B  292B|   0     0 |  41    87 |02-12 19:41:07
  0   0 100   0   0   0|   0     0 | 504B  306B|   0     0 |  34    77 |02-12 19:41:08
  1   0 100   0   0   0|   0     0 |6094B 3192B|   0     0 |  44   112 |02-12 19:41:09
  2   3  95   0   0   0|   0     0 |3779B 2899B|   0     0 | 150   380 |02-12 19:41:10
  7   2  91   0   0   1|   0     0 |  96k 2980k|   0     0 | 372  1431 |02-12 19:41:11
  4   3  91   0   0   3|   0     0 | 288k 8515k|   0     0 | 882  3574 |02-12 19:41:12
  2   3  92   0   0   3|   0     0 | 315k 9445k|   0     0 | 963  3811 |02-12 19:41:13
  4   4  89   0   0   4|   0     0 | 356k   10M|   0     0 |1024  4147 |02-12 19:41:14
  3   3  91   0   0   3|   0     0 | 369k   11M|   0     0 |1025  4109 |02-12 19:41:15
  2   4  92   0   0   3|   0     0 | 358k   10M|   0     0 | 997  4100 |02-12 19:41:16
  3   5  89   0   0   3|   0     0 | 352k   10M|   0     0 | 932  3749 |02-12 19:41:17
  2   3  91   0   0   5|   0     0 | 390k   11M|   0     0 |1066  4288 |02-12 19:41:18
  1   3  94   0   0   3|   0    12k| 343k   10M|   0     0 | 929  3860 |02-12 19:41:19
  3   3  91   0   0   3|   0     0 | 368k   11M|   0     0 | 965  4062 |02-12 19:41:20
  2   3  90   0   0   5|   0     0 | 369k   11M|   0     0 | 979  3911 |02-12 19:41:21
  2   4  92   0   0   3|   0     0 | 331k 9902k|   0     0 | 967  3765 |02-12 19:41:22
  3   5  89   0   0   2|   0     0 | 347k   10M|   0     0 | 983  3892 |02-12 19:41:23
  3   4  90   0   0   4|   0     0 | 380k   11M|   0     0 |1014  4169 |02-12 19:41:24
  3   4  89   0   0   4|   0     0 | 378k   11M|   0     0 |1048  4261 |02-12 19:41:25
  3   5  90   0   0   3|   0     0 | 370k   11M|   0     0 |1018  4007 |02-12 19:41:26
  3   4  89   0   0   4|   0     0 | 358k   10M|   0     0 | 935  3949 |02-12 19:41:27
  4   5  87   0   0   4|   0     0 | 357k   10M|   0     0 | 878  3831 |02-12 19:41:28
  2   6  83   6   0   3|   0  7316k| 370k   11M|   0     0 | 921  4053 |02-12 19:41:29
  3   4  90   0   0   4|   0  8192B| 372k   11M|   0     0 |1016  4127 |02-12 19:41:30
  2   6  90   0   0   3|   0     0 | 377k   11M|   0     0 |1068  4354 |02-12 19:41:31
  4   6  87   0   0   3|   0     0 | 380k   11M|   0     0 |1037  4254 |02-12 19:41:32
  3   3  90   0   0   5|   0     0 | 363k   10M|   0     0 | 913  3849 |02-12 19:41:33
  3   4  90   0   0   3|   0     0 | 374k   11M|   0     0 |1014  4272 |02-12 19:41:34
  4   4  90   0   0   3|   0     0 | 370k   11M|   0     0 | 972  4132 |02-12 19:41:35
  2   3  92   0   0   3|   0     0 | 402k   12M|   0     0 |1072  4417 |02-12 19:41:36
  3   4  91   0   0   3|   0     0 | 343k   10M|   0     0 |1010  4079 |02-12 19:41:37
  2   4  92   0   0   3|   0     0 | 384k   11M|   0     0 | 996  4254 |02-12 19:41:38
  3   6  89   0   0   3|   0     0 | 396k   11M|   0     0 |1004  4130 |02-12 19:41:39
  3   3  90   0   0   4|   0     0 | 365k   11M|   0     0 | 999  3998 |02-12 19:41:40
  2   4  92   0   0   2|   0     0 | 358k   10M|   0     0 | 914  3842 |02-12 19:41:41
  3   5  90   0   0   2|   0     0 | 365k   11M|   0     0 | 924  3987 |02-12 19:41:42
  2   5  91   0   0   3|   0     0 | 354k   10M|   0     0 | 904  4020 |02-12 19:41:43
  2   3  93   0   0   3|   0     0 | 356k   10M|   0     0 |1015  4095 |02-12 19:41:44
  3   4  90   0   0   3|   0  8192B| 382k   11M|   0     0 |1005  4406 |02-12 19:41:45
  2   6  89   0   0   3|   0     0 | 377k   11M|   0     0 | 971  4250 |02-12 19:41:46
  3   4  90   0   0   3|   0     0 | 361k   11M|   0     0 | 965  4183 |02-12 19:41:47
  3   4  90   0   0   3|   0     0 | 368k   11M|   0     0 |1002  4169 |02-12 19:41:48
  4   4  89   0   0   4|   0     0 | 358k   10M|   0     0 | 897  3704 |02-12 19:41:49
  2   4  91   0   0   4|   0  4096B| 370k   11M|   0     0 | 940  4043 |02-12 19:41:50
  3   5  88   0   0   4|   0     0 | 395k   11M|   0     0 | 867  3896 |02-12 19:41:51
  3   6  88   0   0   4|   0     0 | 343k   10M|   0     0 | 961  3947 |02-12 19:41:52
  3   6  89   0   0   2|   0     0 | 355k   10M|   0     0 | 935  3901 |02-12 19:41:53
  4   3  89   0   0   4|   0     0 | 368k   11M|   0     0 | 984  3961 |02-12 19:41:54
  2   3  93   0   0   2|   0     0 | 364k   11M|   0     0 |1046  4216 |02-12 19:41:55
  3   6  89   0   0   2|   0     0 | 375k   11M|   0     0 |1011  4162 |02-12 19:41:56
  3   5  89   0   0   3|   0     0 | 365k   11M|   0     0 | 967  4012 |02-12 19:41:57
  3   3  91   0   0   3|   0     0 | 355k   10M|   0     0 |1051  4027 |02-12 19:41:58
  3   5  85   3   0   5|   0   188k| 369k   11M|   0     0 |1096  4295 |02-12 19:41:59
  3   4  89   0   0   4|   0     0 | 354k   10M|   0     0 | 946  3784 |02-12 19:42:00
  3   5  90   0   0   2|   0     0 | 351k   10M|   0     0 | 979  4015 |02-12 19:42:01
  4   4  88   0   0   5|   0     0 | 360k   11M|   0     0 |1023  4230 |02-12 19:42:02
  2   3  93   0   0   3|   0     0 | 336k   10M|   0     0 | 976  3931 |02-12 19:42:03
  2   4  90   0   0   4|   0     0 | 366k   11M|   0     0 |1023  4124 |02-12 19:42:04
  3   4  90   0   0   4|   0     0 | 370k   11M|   0     0 |1056  4218 |02-12 19:42:05
  2   4  90   0   0   4|   0     0 | 368k   11M|   0     0 |1073  4298 |02-12 19:42:06
  3   5  89   0   0   4|   0     0 | 328k 9667k|   0     0 | 998  3988 |02-12 19:42:07
  2   4  92   0   0   3|   0     0 | 368k   11M|   0     0 |1051  4213 |02-12 19:42:08
  1   5  92   0   0   2|   0     0 | 363k   11M|   0     0 |1062  4193 |02-12 19:42:09
  2   4  92   0   0   3|   0     0 | 371k   11M|   0     0 |1085  4261 |02-12 19:42:10
  1   2  97   0   0   0|   0     0 | 117k 3371k|   0     0 | 360  1384 |02-12 19:42:11
  0   1  99   0   0   0|   0     0 |4584B 4598B|   0     0 |  56   240 |02-12 19:42:12
  0   0 100   0   0   0|   0     0 |5422B 2784B|   0     0 |  25    62 |02-12 19:42:13
  0   0 100   0   0   0|   0     0 |   0     0 |   0     0 |  25    45 |02-12 19:42:14
  0   0 100   0   0   0|   0  8192B|   0     0 |   0     0 |  23    42 |02-12 19:42:15
  1   0  99   0   0   0|   0     0 |5422B 2784B|   0     0 |  27    62 |02-12 19:42:16
  0   0 100   0   0   0|   0     0 |   0     0 |   0     0 |  38    76 |02-12 19:42:17
  0   1 100   0   0   0|   0     0 |   0     0 |   0     0 |  24    50 |02-12 19:42:18
  1   0 100   0   0   0|   0     0 |9646B 7008B|   0     0 |  29    81 |02-12 19:42:19
  0   0 100   0   0   0|   0     0 |   0     0 |   0     0 |  23    36 |02-12 19:42:20
  5   2  93   0   0   0|   0  8192B|3489B 2761B|   0     0 | 142   365 |02-12 19:42:21
  4   2  94   0   0   0|   0     0 |6812B 4544B|   0     0 | 140   457 |02-12 19:42:22
  0   0 100   0   0   0|   0     0 |   0     0 |   0     0 |  20    39 |02-12 19:42:23
  0   0 100   0   0   0|   0     0 |   0     0 |   0     0 |  22    35 |02-12 19:42:24
  0   0 100   0   0   0|   0     0 |5422B 2784B|   0     0 |  24    70 |02-12 19:42:25
  0   0 100   0   0   0|   0     0 |   0     0 |   0     0 |  23    45 |02-12 19:42:26
  0   1 100   0   0   0|   0     0 |   0     0 |   0     0 |  39    75 |02-12 19:42:27
  0   0 100   0   0   1|   0     0 |5422B 2784B|   0     0 |  29    98 |02-12 19:42:28
  0   0 100   0   0   0|   0     0 |   0     0 |   0     0 |  24    42 |02-12 19:42:29
  0   0  99   2   0   0|   0    28k|   0     0 |   0     0 |  25    52 |02-12 19:42:30
  0   0 100   0   0   0|   0   180k|5422B 2784B|   0     0 |  24    69 |02-12 19:42:31
  1   1  98   0   0   0|   0     0 |2680B 5564B|   0     0 |  61   156 |02-12 19:42:32
  0   0 100   0   0   0|   0     0 |   0     0 |   0     0 |  26    47 |02-12 19:42:33
  0   0 100   0   0   0|   0     0 |5422B 2784B|   0     0 |  23    73 |02-12 19:42:34
  1   0  99   0   0   0|   0     0 |2043B 1917B|   0     0 |  39   102 |02-12 19:42:35
  8   3  89   0   0   0|   0     0 |1644B 1960B|   0     0 | 186   514 |02-12 19:42:36
  2   3  93   0   0   2|   0     0 | 194k 5794k|   0     0 | 540  2289 |02-12 19:42:37
  3   6  88   0   0   3|   0     0 | 412k   12M|   0     0 |1196  4682 |02-12 19:42:38
  3   5  87   0   0   5|   0     0 | 477k   14M|   0     0 |1232  4828 |02-12 19:42:39
  5   7  86   0   0   4|   0     0 | 505k   15M|   0     0 |1176  4798 |02-12 19:42:40
  2   6  87   0   0   5|   0    16k| 498k   15M|   0     0 |1233  4921 |02-12 19:42:41
  3   8  88   0   0   2|   0     0 | 492k   14M|   0     0 |1191  4803 |02-12 19:42:42
  3   6  87   0   0   4|   0     0 | 517k   15M|   0     0 |1252  5067 |02-12 19:42:43
  3   4  89   0   0   5|   0     0 | 500k   15M|   0     0 |1195  4871 |02-12 19:42:44
  3   5  90   0   0   2|   0     0 | 493k   14M|   0     0 |1258  4935 |02-12 19:42:45
  3   7  86   0   0   5|   0     0 | 507k   15M|   0     0 |1156  4732 |02-12 19:42:46
  3   4  89   0   0   5|   0  8192B| 499k   15M|   0     0 |1160  4787 |02-12 19:42:47
  3   6  86   0   0   5|   0     0 | 488k   14M|   0     0 |1174  5004 |02-12 19:42:48
  4   5  86   0   0   6|   0     0 | 513k   15M|   0     0 |1136  4958 |02-12 19:42:49
  2   7  87   0   0   5|   0     0 | 506k   15M|   0     0 |1223  4978 |02-12 19:42:50
  3   6  88   0   0   4|   0     0 | 511k   15M|   0     0 |1170  4871 |02-12 19:42:51
  4   6  89   0   0   2|   0     0 | 488k   14M|   0     0 |1141  4707 |02-12 19:42:52
  3   7  88   0   0   3|   0    12k| 509k   15M|   0     0 |1156  4866 |02-12 19:42:53
  3   7  84   0   0   6|   0     0 | 510k   15M|   0     0 |1143  4798 |02-12 19:42:54
  4   3  89   0   0   4|   0     0 | 511k   15M|   0     0 |1139  4803 |02-12 19:42:55
  4   6  87   0   0   3|   0     0 | 514k   15M|   0     0 |1177  4850 |02-12 19:42:56
  4   4  87   0   0   6|   0     0 | 513k   15M|   0     0 |1204  4887 |02-12 19:42:57
  5   5  84   0   0   7|   0  8192B| 518k   15M|   0     0 |1212  4914 |02-12 19:42:58
  2   6  89   0   0   4|   0     0 | 504k   15M|   0     0 |1186  4764 |02-12 19:42:59
  4   6  87   0   0   4|   0     0 | 501k   15M|   0     0 |1178  4696 |02-12 19:43:00
  4   4  86   2   0   4|   0    60k| 504k   15M|   0     0 |1216  4967 |02-12 19:43:01
  2   7  87   0   0   4|   0     0 | 483k   14M|   0     0 |1157  4650 |02-12 19:43:02
  4   5  88   0   0   4|   0     0 | 499k   15M|   0     0 |1168  4752 |02-12 19:43:03
  4   6  87   0   0   3|   0    48k| 498k   14M|   0     0 |1133  4533 |02-12 19:43:04
  3   6  87   0   0   4|   0     0 | 516k   15M|   0     0 |1268  5009 |02-12 19:43:05
  4   5  88   0   0   4|   0     0 | 513k   15M|   0     0 |1205  4838 |02-12 19:43:06
  5   5  86   0   0   4|   0     0 | 497k   14M|   0     0 |1182  4869 |02-12 19:43:07
  4   6  86   0   0   5|   0     0 | 497k   15M|   0     0 |1113  4554 |02-12 19:43:08
  4   5  87   0   0   5|   0     0 | 506k   15M|   0     0 |1161  4823 |02-12 19:43:09
  4   4  89   0   0   4|   0     0 | 504k   15M|   0     0 |1116  4702 |02-12 19:43:10
  3   5  87   0   0   6|   0     0 | 518k   15M|   0     0 |1184  4832 |02-12 19:43:11
  4   6  87   0   0   4|   0     0 | 497k   15M|   0     0 |1170  4581 |02-12 19:43:12
  4   7  85   0   0   4|   0     0 | 513k   15M|   0     0 |1097  4520 |02-12 19:43:13
  4   5  87   0   0   4|   0     0 | 498k   15M|   0     0 |1151  4648 |02-12 19:43:14
  4   4  90   0   0   2|   0     0 | 519k   15M|   0     0 |1220  4972 |02-12 19:43:15
  4   4  87   0   0   5|   0     0 | 506k   15M|   0     0 |1188  4922 |02-12 19:43:16
  3   6  89   0   0   3|   0     0 | 465k   14M|   0     0 |1086  4403 |02-12 19:43:17
  3   8  83   0   0   5|   0     0 | 499k   15M|   0     0 |1213  4859 |02-12 19:43:18
  4   6  86   0   0   5|   0     0 | 518k   15M|   0     0 |1195  4744 |02-12 19:43:19
  3   5  88   0   0   5|   0     0 | 498k   15M|   0     0 |1204  4981 |02-12 19:43:20
  3   7  87   0   0   4|   0     0 | 495k   14M|   0     0 |1154  4839 |02-12 19:43:21
  5   4  87   0   0   5|   0     0 | 477k   14M|   0     0 |1133  4823 |02-12 19:43:22
  3   6  88   0   0   4|   0     0 | 480k   14M|   0     0 |1161  4784 |02-12 19:43:23
  2   6  90   0   0   3|   0     0 | 490k   14M|   0     0 |1249  4965 |02-12 19:43:24
  4   6  85   0   0   6|   0     0 | 493k   14M|   0     0 |1185  4796 |02-12 19:43:25
  2   6  87   0   0   5|   0     0 | 508k   15M|   0     0 |1168  4800 |02-12 19:43:26
  3   6  86   0   0   5|   0     0 | 522k   15M|   0     0 |1237  4970 |02-12 19:43:27
  3   5  89   0   0   4|   0     0 | 474k   14M|   0     0 |1128  4546 |02-12 19:43:28
  3   6  87   0   0   5|   0     0 | 515k   15M|   0     0 |1237  4944 |02-12 19:43:29
  3   4  89   0   0   5|   0     0 | 520k   15M|   0     0 |1223  4944 |02-12 19:43:30
  4   4  87   1   0   5|   0    24k| 512k   15M|   0     0 |1164  4816 |02-12 19:43:31
  6   7  84   0   0   5|   0     0 | 500k   14M|   0     0 |1037  4457 |02-12 19:43:32
  4   4  89   0   0   4|   0     0 | 497k   15M|   0     0 |1131  4813 |02-12 19:43:33
  4   7  86   0   0   4|   0  8192B| 511k   15M|   0     0 |1164  4854 |02-12 19:43:34
  4   6  85   0   0   4|   0     0 | 498k   14M|   0     0 |1140  4693 |02-12 19:43:35
  3   6  88   0   0   4|   0     0 | 510k   15M|   0     0 |1161  4817 |02-12 19:43:36
  1   1  97   0   0   1|   0     0 |  96k 2738k|   0     0 | 237   992 |02-12 19:43:37
  2   1  98   0   0   0|   0     0 |  10k 7382B|   0     0 |  54   248 |02-12 19:43:38
  0   0 100   0   0   0|   0  8192B|   0     0 |   0     0 |  24    44 |02-12 19:43:39
  0   0 100   0   0   0|   0     0 |   0     0 |   0     0 |  24    40 |02-12 19:43:40
  0   0  99   0   0   0|   0     0 |5422B 2784B|   0     0 |  28    64 |02-12 19:43:41
  0   0 100   0   0   0|   0     0 |   0     0 |   0     0 |  23    42 |02-12 19:43:42
  0   1 100   0   0   0|   0     0 |   0     0 |   0     0 |  35    86 |02-12 19:43:43
  1   0  99   0   0   0|   0     0 |5422B 2784B|   0     0 |  30    70 |02-12 19:43:44
  0   0 100   0   0   0|   0     0 |4224B 4224B|   0     0 |  25    85 |02-12 19:43:45
  0   0 100   0   0   0|   0     0 |   0     0 |   0     0 |  24    47 |02-12 19:43:46
  1   0  99   0   0   0|   0     0 |7251B 4635B|   0     0 |  40   114 |02-12 19:43:47
  8   6  86   0   0   0|   0     0 |3050B 2670B|   0     0 | 218   714 |02-12 19:43:48
  0   0 100   0   0   0|   0     0 |   0     0 |   0     0 |  25    47 |02-12 19:43:49
  0   0 100   0   0   0|   0     0 |5422B 2784B|   0     0 |  25    66 |02-12 19:43:50
  0   0 100   0   0   0|   0     0 |   0     0 |   0     0 |  22    45 |02-12 19:43:51
  0   0 100   0   0   0|   0     0 |   0     0 |   0     0 |  20    28 |02-12 19:43:52
  0   1  99   0   0   0|   0     0 |5422B 2784B|   0     0 |  35   112 |02-12 19:43:53
  0   0 100   0   0   0|   0     0 |   0     0 |   0     0 |  23    38 |02-12 19:43:54
  0   0 100   0   0   0|   0     0 |   0     0 |   0     0 |  24    50 |02-12 19:43:55
  2   0  98   0   0   1|   0    20k|  34k 5749B|   0     0 |  36   135 |02-12 19:43:56
  0   0 100   0   0   0|   0     0 |   0     0 |   0     0 |  19    28 |02-12 19:43:57
  0   0 100   0   0   0|   0     0 |   0     0 |   0     0 |  32    93 |02-12 19:43:58
  0   0 100   0   0   0|   0     0 |5422B 2784B|   0     0 |  26    78 |02-12 19:43:59
  0   0 100   0   0   0|   0     0 |   0     0 |   0     0 |  23    56 |02-12 19:44:00
  0   1  99   0   0   0|   0     0 |1829B 1851B|   0     0 |  34    86 |02-12 19:44:01
  8   4  82   6   0   0|   0    76k|  52k 1347k|   0     0 | 256   916 |02-12 19:44:02
  4   7  86   0   0   4|   0     0 | 445k   13M|   0     0 |1172  4915 |02-12 19:44:03
  3   4  88   0   0   6|   0     0 | 463k   14M|   0     0 |1175  4840 |02-12 19:44:04
  4   4  88   0   0   5|   0    56k| 475k   14M|   0     0 |1126  4833 |02-12 19:44:05
  4   4  87   0   0   5|   0     0 | 496k   15M|   0     0 |1144  4810 |02-12 19:44:06
  3   8  85   0   0   5|   0     0 | 489k   14M|   0     0 |1218  4981 |02-12 19:44:07
  6   5  86   0   0   4|   0     0 | 473k   14M|   0     0 |1067  4519 |02-12 19:44:08
  3   5  89   0   0   4|   0     0 | 479k   14M|   0     0 |1163  4791 |02-12 19:44:09
  4   5  86   0   0   5|   0    12k| 472k   14M|   0     0 |1175  4971 |02-12 19:44:10
  5   6  86   0   0   4|   0     0 | 471k   14M|   0     0 |1153  4759 |02-12 19:44:11
  3   6  87   0   0   4|   0     0 | 493k   14M|   0     0 |1130  4683 |02-12 19:44:12
  4   5  87   0   0   4|   0     0 | 500k   15M|   0     0 |1173  4720 |02-12 19:44:13
  3   3  91   0   0   3|   0     0 | 495k   14M|   0     0 |1131  4726 |02-12 19:44:14
  2   3  90   0   0   5|   0     0 | 507k   15M|   0     0 |1220  4789 |02-12 19:44:15
  3   6  89   0   0   3|   0     0 | 514k   15M|   0     0 |1251  4971 |02-12 19:44:16
  4   6  84   0   0   5|   0     0 | 465k   13M|   0     0 |1043  4326 |02-12 19:44:17
  2   5  90   0   0   3|   0     0 | 487k   14M|   0     0 |1134  4576 |02-12 19:44:18
  4   6  87   0   0   4|   0     0 | 522k   15M|   0     0 |1263  4973 |02-12 19:44:19
  3   6  88   0   0   4|   0  4096B| 500k   14M|   0     0 |1172  4654 |02-12 19:44:20
  3   6  88   0   0   4|   0     0 | 512k   15M|   0     0 |1172  4732 |02-12 19:44:21
  2   5  89   0   0   4|   0     0 | 508k   15M|   0     0 |1263  5041 |02-12 19:44:22
  4   7  85   0   0   6|   0     0 | 481k   14M|   0     0 |1103  4312 |02-12 19:44:23
  3   6  88   0   0   3|   0     0 | 359k   11M|   0     0 |1048  4101 |02-12 19:44:24
  3   6  88   0   0   4|   0     0 | 362k   11M|   0     0 |1062  4138 |02-12 19:44:25
  4   3  90   0   0   4|   0     0 | 380k   11M|   0     0 |1006  4122 |02-12 19:44:26
  3   5  86   0   0   5|   0     0 | 367k   11M|   0     0 |1079  4428 |02-12 19:44:27
  3   6  89   0   0   2|   0     0 | 397k   12M|   0     0 |1122  4589 |02-12 19:44:28
  3   7  86   0   0   5|   0     0 | 441k   13M|   0     0 |1153  4839 |02-12 19:44:29
  5   6  86   0   0   4|   0     0 | 485k   14M|   0     0 |1175  4960 |02-12 19:44:30
  3   5  90   0   0   2|   0    12k| 483k   14M|   0     0 |1176  4936 |02-12 19:44:31
  5   5  85   1   0   4|   0    60k| 508k   15M|   0     0 |1212  4978 |02-12 19:44:32
  3   7  87   0   0   3|   0     0 | 467k   14M|   0     0 |1080  4527 |02-12 19:44:33
  3   5  88   0   0   4|   0     0 | 499k   15M|   0     0 |1175  4802 |02-12 19:44:34
  4   5  88   0   0   4|   0     0 | 496k   14M|   0     0 |1170  4822 |02-12 19:44:35
  3   5  87   0   0   5|   0  8192B| 491k   14M|   0     0 |1149  4735 |02-12 19:44:36
  4   6  86   0   0   5|   0     0 | 488k   14M|   0     0 |1200  4985 |02-12 19:44:37
  3   4  90   0   0   3|   0     0 | 479k   14M|   0     0 |1124  4678 |02-12 19:44:38
  3   8  86   0   0   3|   0     0 | 495k   14M|   0     0 |1193  4885 |02-12 19:44:39
  2   4  91   0   0   3|   0     0 | 474k   14M|   0     0 |1075  4516 |02-12 19:44:40
  3   5  87   0   0   5|   0  8192B| 485k   14M|   0     0 |1163  4658 |02-12 19:44:41
  3   6  88   0   0   4|   0     0 | 492k   14M|   0     0 |1162  4808 |02-12 19:44:42
  4   4  88   0   0   5|   0     0 | 473k   14M|   0     0 |1222  4788 |02-12 19:44:43
  2   5  91   0   0   3|   0     0 | 494k   14M|   0     0 |1214  4779 |02-12 19:44:44
  4   6  85   0   0   5|   0     0 | 506k   15M|   0     0 |1132  4789 |02-12 19:44:45
  5   3  88   0   0   5|   0     0 | 509k   15M|   0     0 |1202  4926 |02-12 19:44:46
  4   4  86   0   0   6|   0     0 | 498k   15M|   0     0 |1099  4750 |02-12 19:44:47
  3   6  87   0   0   4|   0     0 | 479k   14M|   0     0 |1127  4638 |02-12 19:44:48
  3   7  85   0   0   4|   0     0 | 503k   15M|   0     0 |1161  4694 |02-12 19:44:49
  4   5  89   0   0   3|   0     0 | 504k   15M|   0     0 |1159  4567 |02-12 19:44:50
  4   6  87   0   0   3|   0     0 | 486k   14M|   0     0 |1050  4273 |02-12 19:44:51
  3   5  88   0   0   4|   0     0 | 499k   15M|   0     0 |1138  4726 |02-12 19:44:52
  4   6  84   0   0   6|   0     0 | 485k   14M|   0     0 |1151  4585 |02-12 19:44:53
  3   4  90   0   0   3|   0     0 | 497k   14M|   0     0 |1193  4709 |02-12 19:44:54
  2   7  84   0   0   6|   0     0 | 508k   15M|   0     0 |1266  4954 |02-12 19:44:55
  3   3  91   0   0   3|   0     0 | 508k   15M|   0     0 |1205  4859 |02-12 19:44:56
  2   4  90   0   0   5|   0     0 | 503k   15M|   0     0 |1142  4695 |02-12 19:44:57
  4   6  86   0   0   5|   0     0 | 492k   14M|   0     0 |1109  4520 |02-12 19:44:58
  4   5  87   0   0   4|   0     0 | 488k   14M|   0     0 |1177  4659 |02-12 19:44:59
  3   5  91   0   0   1|   0     0 | 493k   14M|   0     0 |1088  4585 |02-12 19:45:00
  4   4  87   0   0   5|   0     0 | 490k   14M|   0     0 |1150  4761 |02-12 19:45:01
  2   4  93   0   0   2|   0     0 | 346k   10M|   0     0 | 841  3354 |02-12 19:45:02
  1   1  96   2   0   0|   0    60k|  10k 7382B|   0     0 |  69   268 |02-12 19:45:03
  0   0 100   0   0   0|   0     0 |   0     0 |   0     0 |  22    37 |02-12 19:45:04
  0   0 100   0   0   0|   0     0 |   0     0 |   0     0 |  20    26 |02-12 19:45:05
  1   1  99   0   0   0|   0    80k|5422B 2784B|   0     0 |  26    70 |02-12 19:45:06
  0   0 100   0   0   0|   0     0 |   0     0 |   0     0 |  23    40 |02-12 19:45:07
  0   0 100   0   0   0|   0     0 |   0     0 |   0     0 |  40   100 |02-12 19:45:08
  1   0  99   0   0   0|   0     0 |5422B 2784B|   0     0 |  28    71 |02-12 19:45:09
  0   0 100   0   0   0|   0     0 |4224B 4224B|   0     0 |  24    47 |02-12 19:45:10
  4   2  94   0   0   0|   0     0 |3621B 2761B|   0     0 | 149   396 |02-12 19:45:11
  5   3  92   0   0   0|   0  8192B|6812B 4544B|   0     0 | 123   413 |02-12 19:45:12
  0   1  99   0   0   0|   0     0 |   0     0 |   0     0 |  35    74 |02-12 19:45:13
  0   0 100   0   0   0|   0     0 |   0     0 |   0     0 |  21    32 |02-12 19:45:14
  1   0 100   0   0   0|   0     0 |5422B 2784B|   0     0 |  25    71 |02-12 19:45:15
  0   0 100   0   0   0|   0     0 |   0     0 |   0     0 |  20    29 |02-12 19:45:16
  0   1 100   0   0   0|   0     0 |   0     0 |   0     0 |  26    50 |02-12 19:45:17
  1   1  99   0   0   0|   0     0 |5422B 2784B|   0     0 |  58   155 |02-12 19:45:18
  0   0 100   0   0   0|   0     0 |   0     0 |   0     0 |  26    53 |02-12 19:45:19
  0   0 100   0   0   0|   0     0 |   0     0 |   0     0 |  23    34 |02-12 19:45:20
  1   1  99   0   0   0|   0     0 |5422B 2784B|   0     0 |  32    72 |02-12 19:45:21
  0   0 100   0   0   0|   0     0 |   0     0 |   0     0 |  24    54 |02-12 19:45:22
  0   1 100   0   0   0|   0     0 |   0     0 |   0     0 |  36    88 |02-12 19:45:23
  2   0  98   0   0   0|   0     0 |7819B 5241B|   0     0 |  54   137 |02-12 19:45:24
  7   5  88   0   0   1|   0     0 |  23k  728k|   0     0 | 204   642 |02-12 19:45:25
  3   4  90   0   0   3|   0     0 | 408k   12M|   0     0 |1172  4699 |02-12 19:45:26
  3   6  87   0   0   4|   0     0 | 490k   14M|   0     0 |1269  5025 |02-12 19:45:27
  3   6  88   0   0   3|   0     0 | 491k   15M|   0     0 |1139  4816 |02-12 19:45:28
  4   4  88   0   0   4|   0     0 | 489k   14M|   0     0 |1189  4777 |02-12 19:45:29
  3   5  88   0   0   4|   0     0 | 523k   15M|   0     0 |1270  5122 |02-12 19:45:30
  4   5  86   0   0   6|   0     0 | 507k   15M|   0     0 |1225  4926 |02-12 19:45:31
  3   6  86   0   0   5|   0     0 | 505k   15M|   0     0 |1322  5173 |02-12 19:45:32
  5   6  86   0   0   4|   0     0 | 515k   15M|   0     0 |1228  4954 |02-12 19:45:33
  3   5  87   2   0   3|   0    48k| 504k   15M|   0     0 |1183  4788 |02-12 19:45:34
  3   5  88   0   0   4|   0     0 | 509k   15M|   0     0 |1171  4773 |02-12 19:45:35
  4   4  88   0   0   5|   0     0 | 520k   15M|   0     0 |1226  4807 |02-12 19:45:36
  2   6  88   0   0   4|   0  4096B| 486k   14M|   0     0 |1099  4672 |02-12 19:45:37
  4   5  84   0   0   6|   0     0 | 515k   15M|   0     0 |1185  4864 |02-12 19:45:38
  4   5  87   0   0   4|   0     0 | 508k   15M|   0     0 |1210  4889 |02-12 19:45:39
  2   5  89   0   0   4|   0     0 | 497k   15M|   0     0 |1203  4980 |02-12 19:45:40
  4   4  88   0   0   4|   0     0 | 507k   15M|   0     0 |1250  4996 |02-12 19:45:41
  4   8  85   0   0   3|   0  4096B| 514k   15M|   0     0 |1134  4625 |02-12 19:45:42
  5   6  86   0   0   4|   0     0 | 505k   15M|   0     0 |1195  4805 |02-12 19:45:43
  2   5  91   0   0   3|   0     0 | 493k   14M|   0     0 |1109  4567 |02-12 19:45:44
  3   7  86   0   0   4|   0     0 | 506k   15M|   0     0 |1176  4713 |02-12 19:45:45
  4   5  88   0   0   4|   0     0 | 485k   14M|   0     0 |1120  4609 |02-12 19:45:46
  4   5  88   0   0   3|   0  4096B| 515k   15M|   0     0 |1283  4979 |02-12 19:45:47
  3   7  87   0   0   4|   0     0 | 513k   15M|   0     0 |1138  4712 |02-12 19:45:48
  3   5  88   0   0   4|   0     0 | 498k   15M|   0     0 |1133  4657 |02-12 19:45:49
  2   4  89   0   0   5|   0     0 | 524k   15M|   0     0 |1216  5012 |02-12 19:45:50
  2   5  85   0   0   8|   0     0 | 521k   15M|   0     0 |1231  4945 |02-12 19:45:51
  3   5  87   0   0   5|   0     0 | 492k   14M|   0     0 |1158  4606 |02-12 19:45:52
  4   6  87   0   0   4|   0     0 | 510k   15M|   0     0 |1156  4799 |02-12 19:45:53
  3   6  87   0   0   5|   0     0 | 520k   15M|   0     0 |1205  4989 |02-12 19:45:54
  4   7  86   0   0   3|   0     0 | 494k   14M|   0     0 |1182  4725 |02-12 19:45:55
  4   6  86   0   0   4|   0     0 | 529k   15M|   0     0 |1224  5004 |02-12 19:45:56
  2   4  90   0   0   4|   0     0 | 526k   15M|   0     0 |1212  4796 |02-12 19:45:57
  2   6  88   0   0   4|   0  8192B| 509k   15M|   0     0 |1126  4474 |02-12 19:45:58
  3   5  87   0   0   5|   0     0 | 509k   15M|   0     0 |1129  4550 |02-12 19:45:59
  4   6  87   0   0   3|   0     0 | 524k   15M|   0     0 |1183  4819 |02-12 19:46:00
  4   5  88   0   0   4|   0     0 | 518k   15M|   0     0 |1188  4731 |02-12 19:46:01
  3   5  89   0   0   3|   0     0 | 519k   15M|   0     0 |1211  4853 |02-12 19:46:02
  4   6  88   0   0   3|   0     0 | 505k   15M|   0     0 |1224  4914 |02-12 19:46:03
  5   4  85   2   0   5|   0    24k| 511k   15M|   0     0 |1081  4647 |02-12 19:46:04
  2   5  90   0   0   3|   0     0 | 490k   14M|   0     0 |1096  4485 |02-12 19:46:05
  3   7  85   0   0   4|   0     0 | 504k   15M|   0     0 |1230  4840 |02-12 19:46:06
  3   5  90   0   0   3|   0     0 | 506k   15M|   0     0 |1254  5034 |02-12 19:46:07
  3   7  87   0   0   4|   0    32k| 511k   15M|   0     0 |1241  4878 |02-12 19:46:08
  3   7  87   0   0   4|   0     0 | 512k   15M|   0     0 |1246  4949 |02-12 19:46:09
  3   5  88   0   0   4|   0     0 | 525k   15M|   0     0 |1226  5104 |02-12 19:46:10
  3   5  89   0   0   4|   0     0 | 507k   15M|   0     0 |1203  4969 |02-12 19:46:11
  2   5  90   0   0   4|   0     0 | 504k   15M|   0     0 |1090  4585 |02-12 19:46:12
  5   5  88   0   0   3|   0     0 | 520k   15M|   0     0 |1149  4816 |02-12 19:46:13
  2   3  90   0   0   5|   0     0 | 491k   14M|   0     0 |1177  4856 |02-12 19:46:14
  2   4  90   0   0   4|   0     0 | 516k   15M|   0     0 |1268  5080 |02-12 19:46:15
  4   4  87   0   0   5|   0     0 | 512k   15M|   0     0 |1182  4952 |02-12 19:46:16
  3   6  88   0   0   3|   0     0 | 483k   14M|   0     0 |1159  4556 |02-12 19:46:17
  3   6  89   0   0   2|   0  8192B| 505k   15M|   0     0 |1094  4548 |02-12 19:46:18
  5   5  85   0   0   5|   0     0 | 513k   15M|   0     0 |1157  4639 |02-12 19:46:19
  3   5  90   0   0   3|   0     0 | 515k   15M|   0     0 |1182  4723 |02-12 19:46:20
  3   6  87   0   0   4|   0     0 | 514k   15M|   0     0 |1167  4865 |02-12 19:46:21
  5   5  85   0   0   5|   0     0 | 516k   15M|   0     0 |1270  5150 |02-12 19:46:22
  5   6  85   0   0   5|   0     0 | 507k   15M|   0     0 |1229  5014 |02-12 19:46:23
  4   5  87   0   0   4|   0     0 | 504k   15M|   0     0 |1261  4874 |02-12 19:46:24
  2   5  90   0   0   4|   0     0 | 401k   11M|   0     0 | 743  3012 |02-12 19:46:25
  0   1  99   0   0   0|   0     0 |4584B 4598B|   0     0 |  44   193 |02-12 19:46:26
  0   0 100   0   0   0|   0     0 |   0     0 |   0     0 |  22    36 |02-12 19:46:27
  1   0  98   0   0   0|   0  8192B|5422B 2784B|   0     0 |  46   123 |02-12 19:46:28
  0   0 100   0   0   0|   0     0 |   0     0 |   0     0 |  24    40 |02-12 19:46:29
  0   0 100   0   0   0|   0     0 |   0     0 |   0     0 |  24    44 |02-12 19:46:30
  1   0  99   0   0   0|   0     0 |5422B 2784B|   0     0 |  27    75 |02-12 19:46:31
  0   0 100   0   0   0|   0     0 |   0     0 |   0     0 |  24    40 |02-12 19:46:32
  4   3  93   0   0   0|   0     0 |  10k 9273B|   0     0 | 176   458 |02-12 19:46:33
  5   2  93   0   0   1|   0     0 |6812B 4610B|   0     0 | 124   431 |02-12 19:46:34
  0   0  89  11   0   0|   0    32k|   0     0 |   0     0 |  26    57 |02-12 19:46:35
  0   0 100   0   0   0|   0     0 |   0     0 |   0     0 |  24    42 |02-12 19:46:36
  0   0 100   0   0   0|   0     0 |5422B 2784B|   0     0 |  23    56 |02-12 19:46:37
  1   0 100   0   0   0|   0     0 |   0     0 |   0     0 |  31    75 |02-12 19:46:38
  0   0 100   0   0   0|   0     0 |   0     0 |   0     0 |  25    49 |02-12 19:46:39
  1   0 100   0   0   0|   0     0 |5422B 2784B|   0     0 |  23    74 |02-12 19:46:40
  1   2  97   0   0   0|   0     0 |3311B 2695B|   0     0 | 113   317 |02-12 19:46:41
