[7l----total-cpu-usage---- -dsk/total- -net/total- ---paging-- ---system-- ----system----
usr sys idl wai hiq siq| read  writ| recv  send|  in   out | int   csw |     time     
  2   2  94   1   0   2|  27k   68k|   0     0 |   0     0 | 514  2012 |02-12 19:55:58
  1   0 100   0   0   0|   0     0 |5524B 2850B|   0     0 |  22    81 |02-12 19:55:59
  0   1 100   0   0   0|   0     0 |   0     0 |   0     0 |  32    60 |02-12 19:56:00
  0   0 100   0   0   0|   0     0 |   0     0 |   0     0 |  18    26 |02-12 19:56:01
  0   1  99   0   0   0|   0     0 |5422B 2784B|   0     0 |  22    67 |02-12 19:56:02
  0   0 100   0   0   0|   0  8192B|   0     0 |   0     0 |  19    45 |02-12 19:56:03
  0   0 100   0   0   0|   0     0 |   0     0 |   0     0 |  19    25 |02-12 19:56:04
  1   0  99   0   0   0|   0     0 |5844B 3496B|   0     0 |  34   101 |02-12 19:56:05
  1   1  99   0   0   0|   0     0 |2153B 2093B|   0     0 |  32    77 |02-12 19:56:06
  8   4  88   0   0   0|   0     0 |  12k  274k|   0     0 | 196   544 |02-12 19:56:07
  3   5  89   0   0   4|   0     0 | 386k   11M|   0     0 | 923  3856 |02-12 19:56:08
  3   3  92   0   0   3|   0     0 | 399k   12M|   0     0 | 980  3936 |02-12 19:56:09
  2   5  89   0   0   4|   0     0 | 420k   12M|   0     0 |1013  3986 |02-12 19:56:10
  4   6  86   0   0   4|   0     0 | 434k   13M|   0     0 |1043  3889 |02-12 19:56:11
  3   6  89   0   0   2|   0     0 | 413k   12M|   0     0 | 976  4060 |02-12 19:56:12
  3   4  91   0   0   3|   0  4096B| 425k   12M|   0     0 | 997  3983 |02-12 19:56:13
  2   5  89   0   0   5|   0     0 | 431k   12M|   0     0 | 918  4033 |02-12 19:56:14
  2   4  89   3   0   4|   0    48k| 426k   12M|   0     0 | 989  4168 |02-12 19:56:15
  3   6  88   0   0   4|   0     0 | 411k   12M|   0     0 | 906  4004 |02-12 19:56:16
  3   5  87   0   0   5|   0     0 | 430k   12M|   0     0 | 914  4021 |02-12 19:56:17
  3   5  90   0   0   3|   0     0 | 398k   12M|   0     0 | 872  3753 |02-12 19:56:18
  4   4  87   0   0   5|   0     0 | 405k   12M|   0     0 | 941  4011 |02-12 19:56:19
  5   5  87   0   0   3|   0     0 | 448k   13M|   0     0 |1034  4125 |02-12 19:56:20
  2   4  93   0   0   2|   0     0 | 411k   12M|   0     0 | 994  3987 |02-12 19:56:21
  3   4  89   0   0   5|   0     0 | 410k   12M|   0     0 | 990  3948 |02-12 19:56:22
  4   3  90   0   0   3|   0     0 | 408k   12M|   0     0 | 826  3330 |02-12 19:56:23
  2   3  91   0   0   4|   0     0 | 428k   13M|   0     0 | 942  3921 |02-12 19:56:24
  3   5  88   0   0   4|   0     0 | 412k   12M|   0     0 | 984  3819 |02-12 19:56:25
  2   4  89   0   0   5|   0     0 | 437k   13M|   0     0 | 986  3837 |02-12 19:56:26
  1   5  92   0   0   2|   0     0 | 424k   12M|   0     0 | 935  3925 |02-12 19:56:27
  3   4  90   0   0   4|   0     0 | 403k   12M|   0     0 | 947  3961 |02-12 19:56:28
  3   3  90   0   0   5|   0     0 | 430k   12M|   0     0 | 942  4040 |02-12 19:56:29
  2   6  88   0   0   4|   0     0 | 431k   13M|   0     0 |1000  3961 |02-12 19:56:30
  3   5  89   0   0   4|   0     0 | 404k   12M|   0     0 | 955  3789 |02-12 19:56:31
  2   4  88   0   0   6|   0     0 | 448k   13M|   0     0 |1004  4051 |02-12 19:56:32
  2   5  90   0   0   3|   0     0 | 416k   12M|   0     0 | 930  3722 |02-12 19:56:33
  4   5  87   0   0   5|   0  4096B| 432k   13M|   0     0 | 955  3999 |02-12 19:56:34
  3   5  88   0   0   5|   0     0 | 435k   13M|   0     0 | 991  3901 |02-12 19:56:35
  4   6  87   0   0   4|   0     0 | 429k   13M|   0     0 | 853  3613 |02-12 19:56:36
  2   4  90   0   0   4|   0     0 | 420k   12M|   0     0 | 879  3726 |02-12 19:56:37
  2   5  92   0   0   2|   0     0 | 419k   12M|   0     0 | 937  3601 |02-12 19:56:38
  3   4  88   0   0   6|   0    20k| 429k   13M|   0     0 | 977  3890 |02-12 19:56:39
  2   7  89   0   0   3|   0     0 | 436k   13M|   0     0 | 867  3848 |02-12 19:56:40
  3   5  88   0   0   5|   0     0 | 431k   12M|   0     0 |1004  3906 |02-12 19:56:41
  3   4  90   0   0   4|   0     0 | 429k   13M|   0     0 |1061  4042 |02-12 19:56:42
  3   5  87   0   0   5|   0     0 | 431k   13M|   0     0 |1034  4122 |02-12 19:56:43
  3   5  90   0   0   3|   0     0 | 415k   12M|   0     0 | 856  3781 |02-12 19:56:44
  3   4  89   1   0   4|   0    72k| 424k   12M|   0     0 |1053  4080 |02-12 19:56:45
  2   5  92   0   0   2|   0     0 | 420k   12M|   0     0 |1080  4095 |02-12 19:56:46
  3   4  90   0   0   3|   0     0 | 427k   12M|   0     0 | 960  3858 |02-12 19:56:47
  4   5  88   0   0   3|   0     0 | 415k   12M|   0     0 | 978  3935 |02-12 19:56:48
  2   4  92   0   0   2|   0    80k| 415k   12M|   0     0 | 856  4019 |02-12 19:56:49
  4   6  87   0   0   3|   0     0 | 416k   12M|   0     0 | 879  3753 |02-12 19:56:50
  2   3  92   0   0   3|   0     0 | 415k   12M|   0     0 | 867  3515 |02-12 19:56:51
  3   6  88   0   0   5|   0     0 | 433k   13M|   0     0 | 959  4089 |02-12 19:56:52
  2   6  88   0   0   3|   0     0 | 420k   12M|   0     0 | 930  3779 |02-12 19:56:53
  3   5  89   0   0   3|   0     0 | 422k   12M|   0     0 |1020  4007 |02-12 19:56:54
  3   6  87   0   0   5|   0     0 | 431k   13M|   0     0 | 949  4016 |02-12 19:56:55
  3   4  89   0   0   4|   0     0 | 429k   12M|   0     0 | 934  3969 |02-12 19:56:56
  2   6  88   0   0   5|   0     0 | 417k   12M|   0     0 | 950  3981 |02-12 19:56:57
  3   4  91   0   0   3|   0     0 | 429k   13M|   0     0 | 957  3943 |02-12 19:56:58
  3   5  87   0   0   5|   0     0 | 410k   12M|   0     0 | 782  3730 |02-12 19:56:59
  4   6  87   0   0   3|   0     0 | 417k   12M|   0     0 | 812  3528 |02-12 19:57:00
  3   5  91   0   0   2|   0     0 | 417k   12M|   0     0 | 817  3534 |02-12 19:57:01
  3   3  90   0   0   5|   0     0 | 431k   12M|   0     0 | 906  4038 |02-12 19:57:02
  3   4  88   0   0   4|   0     0 | 406k   12M|   0     0 | 922  4138 |02-12 19:57:03
  4   6  88   0   0   2|   0     0 | 430k   13M|   0     0 |1046  4082 |02-12 19:57:04
  3   4  91   0   0   3|   0     0 | 414k   12M|   0     0 | 900  3962 |02-12 19:57:05
  3   4  89   0   0   4|   0     0 | 411k   12M|   0     0 | 915  3802 |02-12 19:57:06
  4   3  92   0   0   2|   0     0 | 366k   11M|   0     0 | 937  3767 |02-12 19:57:07
  0   1  99   0   0   0|   0     0 |4518B 4598B|   0     0 |  56   222 |02-12 19:57:08
  1   0  99   0   0   0|   0    24k|5488B 2784B|   0     0 |  29    67 |02-12 19:57:09
  0   1 100   0   0   0|   0     0 |   0     0 |   0     0 |  32    70 |02-12 19:57:10
  0   0 100   0   0   0|   0     0 |   0     0 |   0     0 |  18    28 |02-12 19:57:11
  0   0 100   0   0   0|   0     0 |5422B 2784B|   0     0 |  24    58 |02-12 19:57:12
  0   0 100   0   0   0|   0     0 |   0     0 |   0     0 |  18    25 |02-12 19:57:13
  0   0 100   0   0   0|   0     0 |   0     0 |   0     0 |  19    34 |02-12 19:57:14
  1   1  99   0   0   0|   0     0 |7534B 4896B|   0     0 |  34   106 |02-12 19:57:15
  0   0  99   2   0   0|   0    28k|   0     0 |   0     0 |  19    34 |02-12 19:57:16
  0   0 100   0   0   0|   0     0 |2112B 2112B|   0     0 |  18    24 |02-12 19:57:17
  0   0  99   0   0   0|   0     0 |5422B 2784B|   0     0 |  25    65 |02-12 19:57:18
  1   0  99   0   0   0|   0     0 |1895B 1851B|   0     0 |  32    78 |02-12 19:57:19
  7   3  90   0   0   0|   0     0 |1726B 1916B|   0     0 | 162   530 |02-12 19:57:20
  1   1  99   0   0   0|   0     0 |6530B 3508B|   0     0 |  29    99 |02-12 19:57:21
  1   0  99   0   0   0|   0     0 | 360B  132B|   0     0 |  36   171 |02-12 19:57:22
  0   0 100   0   0   0|   0     0 |   0     0 |   0     0 |  22    50 |02-12 19:57:23
  1   0 100   0   0   0|   0     0 |5422B 2784B|   0     0 |  30    62 |02-12 19:57:24
  0   1 100   0   0   0|   0     0 |   0     0 |   0     0 |  33    75 |02-12 19:57:25
  0   0 100   0   0   0|   0     0 |   0     0 |   0     0 |  23    42 |02-12 19:57:26
  1   0 100   0   0   0|   0     0 |5422B 2784B|   0     0 |  23    58 |02-12 19:57:27
  0   0 100   0   0   0|   0     0 |   0     0 |   0     0 |  18    32 |02-12 19:57:28
  0   0 100   0   0   0|   0     0 |   0     0 |   0     0 |  19    24 |02-12 19:57:29
  1   0  99   0   0   0|   0     0 |5422B 2784B|   0     0 |  32    96 |02-12 19:57:30
  0   0 100   0   0   0|   0     0 |   0     0 |   0     0 |  18    29 |02-12 19:57:31
  0   0 100   0   0   0|   0     0 |   0     0 |   0     0 |  18    22 |02-12 19:57:32
  1   0  99   0   0   0|   0     0 |5422B 2784B|   0     0 |  19    56 |02-12 19:57:33
  1   1  99   0   0   0|   0     0 |2680B 5564B|   0     0 |  47   115 |02-12 19:57:34
  1   0 100   0   0   0|   0     0 |   0     0 |   0     0 |  30    73 |02-12 19:57:35
  0   1 100   0   0   0|   0     0 |5422B 2784B|   0     0 |  21    56 |02-12 19:57:36
  0   0 100   0   0   0|   0     0 |   0     0 |   0     0 |  21    49 |02-12 19:57:37
  1   1  99   0   0   0|   0     0 |2287B 2203B|   0     0 |  47   136 |02-12 19:57:38
 10   4  86   0   0   1|   0     0 |  96k 2694k|   0     0 | 350  1231 |02-12 19:57:39
  5   7  83   0   0   5|   0    16k| 641k   19M|   0     0 |1386  5666 |02-12 19:57:40
  2   5  89   0   0   4|   0     0 | 421k   12M|   0     0 |1030  4152 |02-12 19:57:41
  3   5  89   0   0   3|   0     0 | 411k   12M|   0     0 | 968  4010 |02-12 19:57:42
  3   5  91   0   0   2|   0     0 | 430k   13M|   0     0 |1016  4115 |02-12 19:57:43
  2   4  90   0   0   4|   0     0 | 421k   12M|   0     0 | 943  3917 |02-12 19:57:44
  2   6  90   0   0   2|   0     0 | 419k   12M|   0     0 | 944  3913 |02-12 19:57:45
  2   6  89   0   0   4|   0     0 | 420k   12M|   0     0 | 969  3883 |02-12 19:57:46
  3   3  90   2   0   3|   0    68k| 425k   12M|   0     0 |1035  3978 |02-12 19:57:47
  3   4  90   0   0   4|   0     0 | 429k   12M|   0     0 | 997  4134 |02-12 19:57:48
  3   5  89   0   0   3|   0     0 | 424k   12M|   0     0 | 895  3813 |02-12 19:57:49
  3   4  90   0   0   4|   0    56k| 427k   13M|   0     0 | 999  4021 |02-12 19:57:50
  3   4  89   0   0   4|   0     0 | 419k   12M|   0     0 | 933  3933 |02-12 19:57:51
  3   6  88   0   0   4|   0     0 | 426k   12M|   0     0 |1033  4255 |02-12 19:57:52
  3   6  88   0   0   3|   0     0 | 423k   12M|   0     0 | 975  3974 |02-12 19:57:53
  3   4  89   0   0   4|   0     0 | 416k   12M|   0     0 | 973  3874 |02-12 19:57:54
  3   5  89   0   0   3|   0     0 | 430k   13M|   0     0 | 970  4026 |02-12 19:57:55
  3   4  89   0   0   4|   0     0 | 433k   13M|   0     0 | 986  4039 |02-12 19:57:56
  3   4  90   0   0   3|   0     0 | 420k   12M|   0     0 | 910  3724 |02-12 19:57:57
  3   5  89   0   0   4|   0     0 | 424k   12M|   0     0 |1021  4028 |02-12 19:57:58
  3   5  89   0   0   4|   0     0 | 418k   12M|   0     0 | 925  3781 |02-12 19:57:59
  4   5  88   0   0   3|   0     0 | 427k   12M|   0     0 |1005  4059 |02-12 19:58:00
  4   5  89   0   0   3|   0     0 | 424k   12M|   0     0 | 979  4058 |02-12 19:58:01
  3   4  91   0   0   3|   0     0 | 423k   12M|   0     0 | 997  4161 |02-12 19:58:02
  3   4  89   0   0   5|   0     0 | 406k   12M|   0     0 | 983  3914 |02-12 19:58:03
  3   5  88   0   0   4|   0     0 | 447k   13M|   0     0 |1008  4170 |02-12 19:58:04
  3   4  90   0   0   4|   0     0 | 445k   13M|   0     0 |1006  4117 |02-12 19:58:05
  3   5  89   0   0   3|   0     0 | 415k   12M|   0     0 | 877  3598 |02-12 19:58:06
  4   3  88   0   0   5|   0     0 | 423k   12M|   0     0 |1042  4096 |02-12 19:58:07
  2   6  88   0   0   4|   0     0 | 425k   12M|   0     0 | 959  3843 |02-12 19:58:08
  4   3  90   0   0   3|   0     0 | 407k   12M|   0     0 | 884  3588 |02-12 19:58:09
  3   6  89   0   0   3|   0     0 | 423k   12M|   0     0 | 996  3995 |02-12 19:58:10
  1   5  92   0   0   3|   0    20k| 430k   13M|   0     0 |1000  4078 |02-12 19:58:11
  4   4  91   0   0   2|   0     0 | 436k   13M|   0     0 | 945  3846 |02-12 19:58:12
  2   5  89   0   0   4|   0     0 | 452k   13M|   0     0 |1009  4110 |02-12 19:58:13
  3   3  91   0   0   4|   0     0 | 415k   12M|   0     0 | 965  3986 |02-12 19:58:14
  4   5  87   0   0   4|   0     0 | 428k   12M|   0     0 | 954  3832 |02-12 19:58:15
  2   4  90   0   0   4|   0     0 | 406k   12M|   0     0 | 959  3847 |02-12 19:58:16
  3   6  87   2   0   4|   0    24k| 409k   12M|   0     0 | 918  3760 |02-12 19:58:17
  4   5  89   0   0   3|   0     0 | 412k   12M|   0     0 | 952  3902 |02-12 19:58:18
  3   4  90   0   0   4|   0     0 | 412k   12M|   0     0 | 974  3926 |02-12 19:58:19
  2   5  91   0   0   3|   0     0 | 424k   12M|   0     0 | 966  3777 |02-12 19:58:20
  4   3  89   0   0   5|   0     0 | 419k   12M|   0     0 | 923  3697 |02-12 19:58:21
  3   5  90   0   0   3|   0     0 | 420k   12M|   0     0 |1061  4238 |02-12 19:58:22
  2   3  92   0   0   3|   0     0 | 439k   13M|   0     0 | 988  4091 |02-12 19:58:23
  3   3  91   0   0   4|   0     0 | 404k   12M|   0     0 | 925  3772 |02-12 19:58:24
  2   7  89   0   0   3|   0     0 | 438k   13M|   0     0 | 996  4085 |02-12 19:58:25
  3   6  90   0   0   2|   0     0 | 426k   12M|   0     0 | 988  3891 |02-12 19:58:26
  4   3  88   0   0   4|   0     0 | 411k   12M|   0     0 | 984  3995 |02-12 19:58:27
  2   3  92   0   0   4|   0     0 | 441k   13M|   0     0 |1013  4148 |02-12 19:58:28
  3   5  89   0   0   4|   0     0 | 415k   12M|   0     0 | 959  4046 |02-12 19:58:29
  4   3  90   0   0   3|   0     0 | 410k   12M|   0     0 | 943  4000 |02-12 19:58:30
  3   4  89   0   0   4|   0     0 | 424k   12M|   0     0 | 954  4067 |02-12 19:58:31
  1   5  90   0   0   4|   0     0 | 413k   12M|   0     0 | 955  3993 |02-12 19:58:32
  4   5  88   0   0   4|   0     0 | 422k   12M|   0     0 | 916  3985 |02-12 19:58:33
  3   7  87   0   0   4|   0     0 | 405k   12M|   0     0 | 862  3655 |02-12 19:58:34
  2   4  91   0   0   4|   0     0 | 427k   13M|   0     0 | 976  4094 |02-12 19:58:35
  4   4  89   0   0   4|   0     0 | 414k   12M|   0     0 | 975  3862 |02-12 19:58:36
  4   4  87   0   0   6|   0     0 | 414k   12M|   0     0 | 965  3917 |02-12 19:58:37
  2   3  91   0   0   4|   0     0 | 414k   12M|   0     0 | 985  3845 |02-12 19:58:38
  1   5  93   0   0   2|   0     0 | 274k 8073k|   0     0 | 598  2502 |02-12 19:58:39
  1   1  98   0   0   0|   0     0 |  10k 7382B|   0     0 |  71   264 |02-12 19:58:40
  0   0 100   0   0   0|   0     0 |   0     0 |   0     0 |  23    56 |02-12 19:58:41
  0   0 100   0   0   0|   0    24k|   0     0 |   0     0 |  22    38 |02-12 19:58:42
  1   0  99   0   0   0|   0     0 |5422B 2784B|   0     0 |  29    83 |02-12 19:58:43
  0   0 100   0   0   0|   0     0 |   0     0 |   0     0 |  22    36 |02-12 19:58:44
  0   0 100   0   0   0|   0     0 | 168B  192B|   0     0 |  29    69 |02-12 19:58:45
  1   0  99   0   0   0|   0     0 |5422B 2784B|   0     0 |  43   109 |02-12 19:58:46
  0   0 100   0   0   0|   0     0 |   0     0 |   0     0 |  21    45 |02-12 19:58:47
  0   0  90  10   0   0|   0    48k|2112B 2112B|   0     0 |  20    44 |02-12 19:58:48
  0   0 100   0   0   0|   0     0 |5422B 2842B|   0     0 |  22    58 |02-12 19:58:49
  0   0 100   0   0   0|   0     0 |2112B 2112B|   0     0 |  19    26 |02-12 19:58:50
  0   1  99   0   0   0|   0     0 | 247B  247B|   0     0 |  45   115 |02-12 19:58:51
  8   2  90   0   0   0|   0    44k|8796B 6304B|   0     0 | 189   573 |02-12 19:58:52
  1   1  99   0   0   0|   0     0 |1522B  754B|   0     0 |  59   226 |02-12 19:58:53
  0   0 100   0   0   0|   0     0 |   0     0 |   0     0 |  18    28 |02-12 19:58:54
  1   0 100   0   0   0|   0     0 |5422B 2784B|   0     0 |  23    60 |02-12 19:58:55
  0   1 100   0   0   0|   0     0 |   0     0 |   0     0 |  36    89 |02-12 19:58:56
  0   0 100   0   0   0|   0     0 |   0     0 |   0     0 |  19    32 |02-12 19:58:57
  1   0  99   0   0   0|   0     0 |5422B 2784B|   0     0 |  21    71 |02-12 19:58:58
  0   0 100   0   0   0|   0     0 |   0     0 |   0     0 |  18    29 |02-12 19:58:59
  0   0 100   0   0   0|   0     0 |   0     0 |   0     0 |  18    24 |02-12 19:59:00
  0   1  99   0   0   0|   0     0 |5422B 2784B|   0     0 |  34    96 |02-12 19:59:01
  0   0 100   0   0   0|   0     0 |   0     0 |   0     0 |  18    31 |02-12 19:59:02
  0   0 100   0   0   0|   0     0 |   0     0 |   0     0 |  19    28 |02-12 19:59:03
  1   0 100   0   0   0|   0     0 |5422B 2784B|   0     0 |  23    58 |02-12 19:59:04
  0   0 100   0   0   0|   0     0 |   0     0 |   0     0 |  18    24 |02-12 19:59:05
  0   0 100   0   0   0|   0     0 |   0     0 |   0     0 |  34    76 |02-12 19:59:06
  1   1  99   0   0   0|   0     0 |7559B 4785B|   0     0 |  33   112 |02-12 19:59:07
  8   5  87   0   0   0|   0     0 |  17k  436k|   0     0 | 202   639 |02-12 19:59:08
  3   4  88   0   0   6|   0     0 | 398k   12M|   0     0 |1011  4117 |02-12 19:59:09
  2   4  91   0   0   3|   0     0 | 409k   12M|   0     0 | 940  3915 |02-12 19:59:10
  2   5  89   0   0   4|   0     0 | 427k   12M|   0     0 | 948  3818 |02-12 19:59:11
  2   7  88   0   0   4|   0     0 | 434k   13M|   0     0 | 963  4056 |02-12 19:59:12
  4   4  88   0   0   5|   0     0 | 438k   13M|   0     0 | 930  3832 |02-12 19:59:13
  4   6  86   0   0   4|   0     0 | 412k   12M|   0     0 | 982  3863 |02-12 19:59:14
  4   5  87   0   0   4|   0     0 | 445k   13M|   0     0 | 978  4113 |02-12 19:59:15
  4   4  88   0   0   5|   0     0 | 418k   12M|   0     0 | 960  3858 |02-12 19:59:16
  3   5  89   0   0   3|   0     0 | 420k   12M|   0     0 | 885  3675 |02-12 19:59:17
  3   5  88   0   0   4|   0     0 | 422k   12M|   0     0 | 991  3917 |02-12 19:59:18
  2   3  87   5   0   3|   0    36k| 429k   12M|   0     0 |1036  4115 |02-12 19:59:19
  4   3  88   0   0   5|   0     0 | 419k   12M|   0     0 | 988  3894 |02-12 19:59:20
  2   3  91   0   0   5|   0     0 | 425k   12M|   0     0 | 964  3894 |02-12 19:59:21
  3   3  90   0   0   4|   0     0 | 426k   12M|   0     0 | 975  4085 |02-12 19:59:22
  3   4  89   0   0   4|   0    16k| 429k   13M|   0     0 | 982  4086 |02-12 19:59:23
  2   5  90   0   0   3|   0     0 | 414k   12M|   0     0 | 811  3623 |02-12 19:59:24
  3   5  87   0   0   4|   0     0 | 447k   13M|   0     0 | 926  3933 |02-12 19:59:25
  4   5  89   0   0   3|   0     0 | 440k   13M|   0     0 | 932  3900 |02-12 19:59:26
  3   5  88   0   0   4|   0     0 | 430k   13M|   0     0 |1020  4090 |02-12 19:59:27
  4   3  90   0   0   4|   0     0 | 444k   13M|   0     0 |1025  4119 |02-12 19:59:28
  4   4  91   0   0   2|   0     0 | 411k   12M|   0     0 | 962  4024 |02-12 19:59:29
  2   4  90   0   0   5|   0     0 | 423k   12M|   0     0 | 919  3991 |02-12 19:59:30
  5   6  85   0   0   3|   0     0 | 424k   12M|   0     0 | 935  4053 |02-12 19:59:31
  3   6  88   0   0   4|   0     0 | 442k   13M|   0     0 |1057  4303 |02-12 19:59:32
  4   4  89   0   0   4|   0     0 | 463k   14M|   0     0 |1042  4298 |02-12 19:59:33
  4   6  88   0   0   3|   0     0 | 430k   12M|   0     0 | 975  4040 |02-12 19:59:34
  4   4  88   0   0   4|   0     0 | 432k   13M|   0     0 |1021  4126 |02-12 19:59:35
  4   3  88   0   0   5|   0     0 | 431k   13M|   0     0 | 908  3888 |02-12 19:59:36
  5   4  88   0   0   3|   0     0 | 435k   13M|   0     0 | 989  4010 |02-12 19:59:37
  2   6  90   0   0   3|   0     0 | 436k   13M|   0     0 | 966  3880 |02-12 19:59:38
  3   6  88   0   0   3|   0     0 | 435k   13M|   0     0 |1009  4121 |02-12 19:59:39
  3   5  87   0   0   5|   0     0 | 450k   13M|   0     0 |1005  4037 |02-12 19:59:40
  4   7  85   0   0   4|   0     0 | 440k   13M|   0     0 |1043  4141 |02-12 19:59:41
  3   6  87   0   0   4|   0     0 | 432k   13M|   0     0 | 928  3714 |02-12 19:59:42
  2   6  86   0   0   5|   0    16k| 462k   13M|   0     0 |1059  4209 |02-12 19:59:43
  2   4  91   0   0   4|   0     0 | 415k   12M|   0     0 | 940  3721 |02-12 19:59:44
  3   4  89   0   0   4|   0     0 | 444k   13M|   0     0 |1083  4434 |02-12 19:59:45
  3   5  87   0   0   5|   0     0 | 427k   12M|   0     0 | 979  4044 |02-12 19:59:46
  3   2  92   0   0   4|   0     0 | 425k   12M|   0     0 | 989  3988 |02-12 19:59:47
  4   4  89   0   0   3|   0     0 | 425k   12M|   0     0 |1051  4289 |02-12 19:59:48
  3   5  87   2   0   4|   0    44k| 438k   13M|   0     0 |1012  4070 |02-12 19:59:49
  3   4  90   0   0   3|   0     0 | 421k   12M|   0     0 |1029  4025 |02-12 19:59:50
  2   5  88   0   0   5|   0     0 | 415k   12M|   0     0 | 902  3891 |02-12 19:59:51
  2   4  91   0   0   3|   0     0 | 434k   13M|   0     0 | 912  3927 |02-12 19:59:52
  3   3  92   0   0   3|   0    44k| 427k   12M|   0     0 | 900  3881 |02-12 19:59:53
  5   5  88   0   0   4|   0     0 | 432k   13M|   0     0 | 891  3891 |02-12 19:59:54
  4   2  91   0   0   3|   0     0 | 432k   13M|   0     0 | 952  3966 |02-12 19:59:55
  4   7  87   0   0   3|   0     0 | 421k   12M|   0     0 | 969  4033 |02-12 19:59:56
  3   5  90   0   0   3|   0     0 | 428k   13M|   0     0 | 874  3840 |02-12 19:59:57
  2   5  88   0   0   5|   0     0 | 434k   13M|   0     0 |1002  4049 |02-12 19:59:58
  4   3  90   0   0   4|   0  8192B| 410k   12M|   0     0 | 937  3870 |02-12 19:59:59
  3   3  90   0   0   4|   0     0 | 408k   12M|   0     0 | 934  3922 |02-12 20:00:00
  5   5  87   0   0   3|   0     0 | 436k   13M|   0     0 | 943  4059 |02-12 20:00:01
  3   5  87   0   0   5|   0     0 | 420k   12M|   0     0 | 896  3846 |02-12 20:00:02
  1   4  92   0   0   3|   0     0 | 430k   13M|   0     0 | 998  4096 |02-12 20:00:03
  2   3  91   0   0   4|   0     0 | 444k   13M|   0     0 | 957  4073 |02-12 20:00:04
  5   4  85   0   0   5|   0     0 | 439k   13M|   0     0 | 954  4076 |02-12 20:00:05
  5   4  89   0   0   2|   0     0 | 449k   13M|   0     0 | 992  3938 |02-12 20:00:06
  3   4  89   0   0   4|   0     0 | 447k   13M|   0     0 | 956  3966 |02-12 20:00:07
  2   3  92   0   0   4|   0     0 | 327k 9478k|   0     0 | 723  2934 |02-12 20:00:08
  1   1  99   0   0   0|   0     0 |4518B 4598B|   0     0 |  50   200 |02-12 20:00:09
  0   0 100   0   0   0|   0     0 | 192B   78B|   0     0 |  20    34 |02-12 20:00:10
  1   1  99   0   0   0|   0     0 |5422B 2784B|   0     0 |  40    96 |02-12 20:00:11
  0   0 100   0   0   0|   0     0 |   0     0 |   0     0 |  23    24 |02-12 20:00:12
  0   0 100   0   0   0|   0     0 |   0     0 |   0     0 |  23    24 |02-12 20:00:13
  1   0  99   0   0   0|   0    16k|5422B 2784B|   0     0 |  30    70 |02-12 20:00:14
  0   0 100   0   0   0|   0     0 |   0     0 |   0     0 |  23    40 |02-12 20:00:15
  0   1 100   0   0   0|   0     0 |2112B 2112B|   0     0 |  35    70 |02-12 20:00:16
  1   0 100   0   0   0|   0     0 |5422B 2784B|   0     0 |  26    68 |02-12 20:00:17
  0   0 100   0   0   0|   0     0 |2112B 2112B|   0     0 |  23    45 |02-12 20:00:18
  0   0 100   0   0   0|   0     0 |   0     0 |   0     0 |  22    41 |02-12 20:00:19
  0   0  98   2   0   0|   0    28k|5422B 2784B|   0     0 |  23    81 |02-12 20:00:20
  1   1  99   0   0   0|   0     0 |   0     0 |   0     0 |  38    79 |02-12 20:00:21
  0   0 100   0   0   0|   0     0 |   0     0 |   0     0 |  25    48 |02-12 20:00:22
  1   0 100   0   0   0|   0     0 |5422B 2784B|   0     0 |  25    71 |02-12 20:00:23
  0   0 100   0   0   0|   0     0 |   0     0 |   0     0 |  19    29 |02-12 20:00:24
  1   0  99   0   0   0|   0     0 |1829B 1851B|   0     0 |  37    74 |02-12 20:00:25
  7   4  89   0   0   0|   0     0 |7082B 4700B|   0     0 | 210   561 |02-12 20:00:26
  1   0  99   0   0   0|   0     0 |1390B  754B|   0     0 |  56   213 |02-12 20:00:27
  0   0 100   0   0   0|   0     0 |   0     0 |   0     0 |  22    57 |02-12 20:00:28
  1   0 100   0   0   0|   0     0 |5422B 2784B|   0     0 |  25    74 |02-12 20:00:29
  0   0 100   0   0   0|   0     0 |   0     0 |   0     0 |  22    34 |02-12 20:00:30
  0   0 100   0   0   0|   0     0 |   0     0 |   0     0 |  38    93 |02-12 20:00:31
  1   0 100   0   0   0|   0     0 |5422B 2784B|   0     0 |  26    76 |02-12 20:00:32
  0   0 100   0   0   0|   0     0 |   0     0 |   0     0 |  25    48 |02-12 20:00:33
  1   1  99   0   0   0|   0  4096B|2680B 5563B|   0     0 |  44   122 |02-12 20:00:34
  1   0  99   0   0   0|   0     0 |5422B 2784B|   0     0 |  22    64 |02-12 20:00:35
  0   1 100   0   0   0|   0     0 |   0     0 |   0     0 |  38    99 |02-12 20:00:36
  0   0 100   0   0   0|   0     0 |   0     0 |   0     0 |  26    49 |02-12 20:00:37
  0   1  99   0   0   1|   0     0 |5422B 2784B|   0     0 |  28    80 |02-12 20:00:38
  0   0 100   0   0   0|   0     0 |   0     0 |   0     0 |  24    49 |02-12 20:00:39
  0   0 100   0   0   0|   0  4096B|   0     0 |   0     0 |  22    37 |02-12 20:00:40
  0   1  99   0   0   0|   0     0 |5422B 2784B|   0     0 |  38   103 |02-12 20:00:41
  0   0 100   0   0   0|   0     0 |  74B   74B|   0     0 |  23    36 |02-12 20:00:42
  1   0  99   0   0   0|   0     0 |2651B 2527B|   0     0 |  56   143 |02-12 20:00:43
  8   4  89   0   0   0|   0     0 |  37k  904k|   0     0 | 223   769 |02-12 20:00:44
  3   7  85   0   0   5|   0     0 | 558k   16M|   0     0 |1223  5015 |02-12 20:00:45
  5   6  84   0   0   5|   0     0 | 604k   18M|   0     0 |1200  4819 |02-12 20:00:46
  3   6  84   0   0   8|   0     0 | 632k   18M|   0     0 |1256  5138 |02-12 20:00:47
  5   6  86   0   0   4|   0     0 | 605k   18M|   0     0 |1194  4789 |02-12 20:00:48
  4   6  84   0   0   6|   0     0 | 639k   19M|   0     0 |1273  5207 |02-12 20:00:49
  4   5  88   0   0   3|   0  4096B| 595k   17M|   0     0 |1189  4837 |02-12 20:00:50
  5   5  85   1   0   4|   0    56k| 631k   18M|   0     0 |1239  5013 |02-12 20:00:51
  4   6  84   0   0   6|   0     0 | 607k   18M|   0     0 |1188  4872 |02-12 20:00:52
  6   4  87   0   0   3|   0     0 | 621k   18M|   0     0 |1158  4804 |02-12 20:00:53
  4   7  84   0   0   5|   0     0 | 610k   18M|   0     0 |1268  5028 |02-12 20:00:54
  5   7  83   0   0   4|   0     0 | 616k   18M|   0     0 |1231  5012 |02-12 20:00:55
  5   7  85   0   0   3|   0     0 | 630k   18M|   0     0 |1220  5047 |02-12 20:00:56
  4   7  86   0   0   4|   0     0 | 621k   18M|   0     0 |1197  5006 |02-12 20:00:57
  4   9  84   0   0   4|   0     0 | 630k   18M|   0     0 |1277  5061 |02-12 20:00:58
  4   8  83   0   0   6|   0     0 | 633k   18M|   0     0 |1267  5050 |02-12 20:00:59
  3   7  85   0   0   5|   0  4096B| 621k   18M|   0     0 |1225  4972 |02-12 20:01:00
  5   7  85   0   0   3|   0     0 | 610k   18M|   0     0 |1162  4661 |02-12 20:01:01
  6   7  81   0   0   5|   0     0 | 656k   19M|   0     0 |1275  5076 |02-12 20:01:02
  4   5  87   0   0   4|   0     0 | 602k   18M|   0     0 |1139  4583 |02-12 20:01:03
  4   6  86   0   0   5|   0     0 | 603k   18M|   0     0 |1121  4583 |02-12 20:01:04
  3   6  85   0   0   7|   0    56k| 617k   18M|   0     0 |1180  4882 |02-12 20:01:05
  4   6  86   0   0   4|   0     0 | 610k   18M|   0     0 |1207  4864 |02-12 20:01:06
  4   6  86   0   0   4|   0     0 | 616k   18M|   0     0 |1208  4942 |02-12 20:01:07
  4   6  86   0   0   5|   0     0 | 623k   18M|   0     0 |1171  4903 |02-12 20:01:08
  3   6  87   0   0   4|   0     0 | 626k   18M|   0     0 |1233  5024 |02-12 20:01:09
  4   7  84   0   0   5|   0     0 | 600k   18M|   0     0 |1144  4684 |02-12 20:01:10
  2   7  85   0   0   5|   0     0 | 634k   18M|   0     0 |1204  4865 |02-12 20:01:11
  4   6  87   0   0   4|   0     0 | 598k   18M|   0     0 |1134  4729 |02-12 20:01:12
  5   7  83   0   0   6|   0     0 | 622k   18M|   0     0 |1120  4681 |02-12 20:01:13
  4   7  86   0   0   3|   0     0 | 639k   19M|   0     0 |1226  4953 |02-12 20:01:14
  5   5  87   0   0   4|   0     0 | 602k   18M|   0     0 |1192  4839 |02-12 20:01:15
  3   5  87   0   0   4|   0     0 | 608k   18M|   0     0 |1091  4483 |02-12 20:01:16
  3   4  88   0   0   5|   0     0 | 632k   19M|   0     0 |1265  5130 |02-12 20:01:17
  3   7  85   0   0   5|   0     0 | 618k   18M|   0     0 |1253  5110 |02-12 20:01:18
  3   8  86   0   0   4|   0     0 | 616k   18M|   0     0 |1302  4988 |02-12 20:01:19
  4   4  88   0   0   4|   0     0 | 612k   18M|   0     0 |1210  4842 |02-12 20:01:20
  4   6  84   2   0   4|   0    24k| 616k   18M|   0     0 |1220  4852 |02-12 20:01:21
  4   7  86   0   0   3|   0     0 | 604k   18M|   0     0 |1171  4840 |02-12 20:01:22
  3   7  84   0   0   7|   0     0 | 617k   18M|   0     0 |1065  4542 |02-12 20:01:23
  3   7  86   0   0   4|   0     0 | 628k   18M|   0     0 |1165  4754 |02-12 20:01:24
  4   7  85   0   0   5|   0     0 | 619k   18M|   0     0 |1096  4555 |02-12 20:01:25
  3   8  85   0   0   4|   0     0 | 633k   19M|   0     0 |1232  4926 |02-12 20:01:26
  4   8  83   0   0   5|   0     0 | 628k   18M|   0     0 |1257  5000 |02-12 20:01:27
  4   6  86   0   0   4|   0     0 | 600k   18M|   0     0 |1231  4840 |02-12 20:01:28
  4   6  85   0   0   6|   0     0 | 626k   18M|   0     0 |1216  4857 |02-12 20:01:29
  5   8  85   0   0   3|   0     0 | 617k   18M|   0     0 |1224  4878 |02-12 20:01:30
  4   7  85   0   0   5|   0     0 | 597k   17M|   0     0 |1137  4846 |02-12 20:01:31
  4   7  85   0   0   5|   0     0 | 629k   18M|   0     0 |1269  4903 |02-12 20:01:32
  6   6  83   0   0   6|   0     0 | 638k   18M|   0     0 |1130  4765 |02-12 20:01:33
  5   9  83   0   0   4|   0     0 | 634k   18M|   0     0 |1248  4855 |02-12 20:01:34
  3   6  86   0   0   6|   0     0 | 616k   18M|   0     0 |1137  4762 |02-12 20:01:35
  5   5  84   0   0   6|   0    24k| 633k   18M|   0     0 |1197  4857 |02-12 20:01:36
  3   8  86   0   0   4|   0     0 | 622k   18M|   0     0 |1173  4974 |02-12 20:01:37
  4   7  85   0   0   5|   0     0 | 632k   18M|   0     0 |1233  5118 |02-12 20:01:38
  4   5  86   0   0   5|   0     0 | 638k   19M|   0     0 |1223  5058 |02-12 20:01:39
  3   7  85   0   0   5|   0     0 | 608k   18M|   0     0 |1154  4762 |02-12 20:01:40
  3   5  85   0   0   7|   0     0 | 646k   19M|   0     0 |1308  5274 |02-12 20:01:41
  5   6  85   0   0   4|   0     0 | 648k   19M|   0     0 |1250  5165 |02-12 20:01:42
  5   6  86   0   0   4|   0     0 | 604k   18M|   0     0 |1222  5044 |02-12 20:01:43
  5   6  85   0   0   5|   0     0 | 656k   19M|   0     0 |1116  4787 |02-12 20:01:44
  1   1  99   0   0   0|   0     0 |9646B 7250B|   0     0 |  39   144 |02-12 20:01:45
  1   0  99   0   0   0|   0     0 | 360B  132B|   0     0 |  52   223 |02-12 20:01:46
  0   0 100   0   0   0|   0     0 |   0     0 |   0     0 |  19    30 |02-12 20:01:47
  1   0  99   0   0   0|   0     0 |5422B 2784B|   0     0 |  24    74 |02-12 20:01:48
  0   0 100   0   0   0|   0     0 |   0     0 |   0     0 |  23    37 |02-12 20:01:49
  0   0 100   0   0   0|   0     0 |   0     0 |   0     0 |  22    38 |02-12 20:01:50
  1   1  99   0   0   0|   0     0 |5422B 2784B|   0     0 |  37   113 |02-12 20:01:51
  0   0  99   2   0   0|   0    48k|2112B 2112B|   0     0 |  22    48 |02-12 20:01:52
  0   0 100   0   0   0|   0     0 |   0     0 |   0     0 |  24    39 |02-12 20:01:53
  0   0 100   0   0   0|   0     0 |7534B 4896B|   0     0 |  26    95 |02-12 20:01:54
  1   0  99   0   0   0|   0     0 | 247B  247B|   0     0 |  27    58 |02-12 20:01:55
  8   3  89   0   0   0|   0     0 |3242B 3520B|   0     0 | 195   560 |02-12 20:01:56
  1   1  98   0   0   0|   0     0 |6812B 3538B|   0     0 |  58   281 |02-12 20:01:57
  0   0 100   0   0   0|   0     0 |   0     0 |   0     0 |  23    55 |02-12 20:01:58
  0   0 100   0   0   0|   0     0 | 102B  192B|   0     0 |  23    48 |02-12 20:01:59
  0   0 100   0   0   0|   0     0 |5422B 2784B|   0     0 |  24    80 |02-12 20:02:00
  0   1 100   0   0   0|   0     0 |   0     0 |   0     0 |  37    74 |02-12 20:02:01
  0   0 100   0   0   0|   0     0 |   0     0 |   0     0 |  24    55 |02-12 20:02:02
  1   0 100   0   0   0|   0     0 |5422B 2784B|   0     0 |  23    66 |02-12 20:02:03
  0   0 100   0   0   0|   0     0 |   0     0 |   0     0 |  18    25 |02-12 20:02:04
  0   0 100   0   0   0|   0     0 |   0     0 |   0     0 |  18    24 |02-12 20:02:05
  0   0  99   0   0   0|   0     0 |5422B 2784B|   0     0 |  30    94 |02-12 20:02:06
  0   0 100   0   0   0|   0    20k|   0     0 |   0     0 |  22    44 |02-12 20:02:07
  0   0 100   0   0   0|   0     0 |   0     0 |   0     0 |  20    36 |02-12 20:02:08
  1   0 100   0   0   0|   0     0 |5844B 3496B|   0     0 |  21    80 |02-12 20:02:09
  1   1  99   0   0   0|   0     0 |1829B 1851B|   0     0 |  33    79 |02-12 20:02:10
  7   3  90   0   0   0|   0     0 |1660B 1916B|   0     0 | 185   522 |02-12 20:02:11
  4   5  89   0   0   3|   0     0 | 361k   10M|   0     0 | 717  2996 |02-12 20:02:12
  4   7  83   0   0   6|   0     0 | 709k   21M|   0     0 |1290  5218 |02-12 20:02:13
  4   6  86   0   0   5|   0     0 | 614k   18M|   0     0 |1262  5162 |02-12 20:02:14
  7   6  85   0   0   3|   0     0 | 614k   18M|   0     0 |1208  4860 |02-12 20:02:15
  3   7  86   0   0   4|   0     0 | 577k   17M|   0     0 |1111  4559 |02-12 20:02:16
  5   6  85   0   0   4|   0  8192B| 602k   18M|   0     0 |1083  4373 |02-12 20:02:17
  4   5  88   0   0   3|   0     0 | 624k   18M|   0     0 |1206  4990 |02-12 20:02:18
  4   6  84   0   0   6|   0     0 | 634k   19M|   0     0 |1179  5038 |02-12 20:02:19
  4   7  86   0   0   3|   0     0 | 626k   18M|   0     0 |1122  4727 |02-12 20:02:20
  5   6  85   0   0   5|   0     0 | 588k   17M|   0     0 |1121  4552 |02-12 20:02:21
  4   6  87   0   0   4|   0    20k| 594k   17M|   0     0 |1265  5003 |02-12 20:02:22
  4   6  82   4   0   4|   0    48k| 591k   17M|   0     0 |1139  4534 |02-12 20:02:23
  4   6  87   0   0   4|   0     0 | 630k   18M|   0     0 |1196  4770 |02-12 20:02:24
  3   6  86   0   0   6|   0     0 | 639k   19M|   0     0 |1229  4860 |02-12 20:02:25
  3   7  86   0   0   4|   0     0 | 555k   16M|   0     0 |1076  4426 |02-12 20:02:26
  4   6  87   0   0   3|   0  4096B| 615k   18M|   0     0 |1238  5006 |02-12 20:02:27
  5   6  85   0   0   4|   0     0 | 624k   18M|   0     0 |1188  4974 |02-12 20:02:28
  3   5  88   0   0   4|   0     0 | 596k   17M|   0     0 |1093  4648 |02-12 20:02:29
  3   9  84   0   0   5|   0     0 | 619k   18M|   0     0 |1166  4916 |02-12 20:02:30
  5   6  83   0   0   6|   0     0 | 596k   17M|   0     0 |1153  4725 |02-12 20:02:31
  3   5  86   0   0   6|   0     0 | 590k   17M|   0     0 |1176  4837 |02-12 20:02:32
  3   6  85   0   0   6|   0     0 | 644k   19M|   0     0 |1204  5070 |02-12 20:02:33
  5   6  85   0   0   4|   0     0 | 613k   18M|   0     0 |1119  4736 |02-12 20:02:34
  4   7  85   0   0   5|   0     0 | 616k   18M|   0     0 |1157  4873 |02-12 20:02:35
  4   6  86   0   0   4|   0     0 | 586k   17M|   0     0 |1068  4474 |02-12 20:02:36
  5   6  85   0   0   5|   0     0 | 627k   18M|   0     0 |1242  5147 |02-12 20:02:37
  4   5  88   0   0   3|   0  8192B| 611k   18M|   0     0 |1240  5001 |02-12 20:02:38
  4   5  86   0   0   6|   0     0 | 606k   18M|   0     0 |1227  5134 |02-12 20:02:39
  4   6  87   0   0   4|   0     0 | 611k   18M|   0     0 |1095  4614 |02-12 20:02:40
  3   6  88   0   0   4|   0     0 | 583k   17M|   0     0 |1134  4665 |02-12 20:02:41
  5   5  86   0   0   5|   0     0 | 609k   18M|   0     0 |1154  4867 |02-12 20:02:42
  3   5  88   0   0   4|   0    16k| 622k   18M|   0     0 |1231  5077 |02-12 20:02:43
  4   4  86   0   0   6|   0     0 | 585k   17M|   0     0 |1162  4699 |02-12 20:02:44
  4   7  87   0   0   3|   0     0 | 584k   17M|   0     0 |1118  4819 |02-12 20:02:45
  6   5  85   0   0   5|   0     0 | 602k   17M|   0     0 |1101  4550 |02-12 20:02:46
  3   6  86   0   0   5|   0     0 | 569k   17M|   0     0 |1135  4680 |02-12 20:02:47
  3   6  86   0   0   5|   0     0 | 621k   18M|   0     0 |1325  5183 |02-12 20:02:48
  5   7  83   0   0   6|   0     0 | 649k   19M|   0     0 |1232  5105 |02-12 20:02:49
  5   7  84   0   0   4|   0     0 | 598k   17M|   0     0 |1162  4536 |02-12 20:02:50
  4   7  84   0   0   5|   0     0 | 594k   17M|   0     0 |1085  4569 |02-12 20:02:51
  3   8  85   0   0   4|   0     0 | 603k   17M|   0     0 |1201  4735 |02-12 20:02:52
  3   5  87   1   0   4|   0   108k| 565k   17M|   0     0 |1123  4740 |02-12 20:02:53
  3   7  84   0   0   7|   0     0 | 588k   17M|   0     0 |1191  4798 |02-12 20:02:54
  4   5  88   0   0   3|   0     0 | 603k   17M|   0     0 |1145  4577 |02-12 20:02:55
  4   5  88   0   0   3|   0     0 | 597k   17M|   0     0 |1183  4832 |02-12 20:02:56
  3   5  87   0   0   5|   0     0 | 645k   19M|   0     0 |1247  5051 |02-12 20:02:57
  5   5  85   0   0   5|   0     0 | 618k   18M|   0     0 |1260  5087 |02-12 20:02:58
  3   5  88   0   0   4|   0     0 | 603k   18M|   0     0 |1195  5055 |02-12 20:02:59
  4   7  84   0   0   5|   0     0 | 611k   18M|   0     0 |1188  5015 |02-12 20:03:00
  5   7  85   0   0   4|   0     0 | 623k   18M|   0     0 |1216  4969 |02-12 20:03:01
  3   7  85   0   0   5|   0     0 | 596k   17M|   0     0 |1237  4991 |02-12 20:03:02
  3   6  88   0   0   4|   0    16k| 587k   17M|   0     0 |1201  4789 |02-12 20:03:03
  5   7  85   0   0   4|   0     0 | 593k   17M|   0     0 |1146  4665 |02-12 20:03:04
  4   6  86   0   0   4|   0     0 | 612k   18M|   0     0 |1226  4862 |02-12 20:03:05
  3   5  88   0   0   4|   0     0 | 576k   17M|   0     0 |1048  4338 |02-12 20:03:06
  3   8  87   0   0   3|   0     0 | 618k   18M|   0     0 |1278  5162 |02-12 20:03:07
  3   7  87   0   0   4|   0     0 | 630k   18M|   0     0 |1305  5208 |02-12 20:03:08
  4   7  87   0   0   3|   0     0 | 592k   17M|   0     0 |1159  4660 |02-12 20:03:09
  5   5  86   0   0   4|   0     0 | 617k   18M|   0     0 |1261  5058 |02-12 20:03:10
  4   5  87   0   0   4|   0     0 | 590k   17M|   0     0 |1253  4942 |02-12 20:03:11
  1   2  96   0   0   1|   0     0 | 164k 4780k|   0     0 | 342  1346 |02-12 20:03:12
  1   1  99   0   0   0|   0     0 |  10k 7382B|   0     0 |  76   269 |02-12 20:03:13
  0   0 100   0   0   0|   0     0 |   0     0 |   0     0 |  23    39 |02-12 20:03:14
  0   0 100   0   0   0|   0     0 |   0     0 |   0     0 |  23    39 |02-12 20:03:15
  1   1  98   0   0   0|   0     0 |5422B 2784B|   0     0 |  45   113 |02-12 20:03:16
  0   0 100   0   0   0|   0     0 |   0     0 |   0     0 |  24    35 |02-12 20:03:17
  0   0 100   0   0   0|   0     0 |   0     0 |   0     0 |  23    50 |02-12 20:03:18
  1   0 100   0   0   0|   0     0 |5422B 2784B|   0     0 |  26    76 |02-12 20:03:19
  0   0 100   0   0   0|   0     0 |   0     0 |   0     0 |  23    35 |02-12 20:03:20
  0   0 100   0   0   0|   0     0 |2112B 2112B|   0     0 |  38    67 |02-12 20:03:21
  1   1  99   0   0   0|   0     0 |5422B 2784B|   0     0 |  26    68 |02-12 20:03:22
  0   0 100   0   0   0|   0     0 |2112B 2112B|   0     0 |  25    52 |02-12 20:03:23
  4   3  91   3   0   0|   0    32k|3489B 2761B|   0     0 | 146   419 |02-12 20:03:24
  6   4  89   0   0   1|   0     0 |6812B 4544B|   0     0 | 217   709 |02-12 20:03:25
  0   0 100   0   0   0|   0     0 |   0     0 |   0     0 |  33    72 |02-12 20:03:26
  0   0 100   0   0   0|   0     0 |   0     0 |   0     0 |  22    36 |02-12 20:03:27
  0   0  99   0   0   0|   0     0 |5422B 2784B|   0     0 |  27    72 |02-12 20:03:28
  0   0 100   0   0   0|   0     0 |   0     0 |   0     0 |  26    51 |02-12 20:03:29
  0   0 100   0   0   0|   0     0 |   0     0 |   0     0 |  25    47 |02-12 20:03:30
  0   1  99   0   0   0|   0     0 |5422B 2784B|   0     0 |  43   125 |02-12 20:03:31
  0   0 100   0   0   0|   0     0 |   0     0 |   0     0 |  25    46 |02-12 20:03:32
  0   0 100   0   0   0|   0     0 |   0     0 |   0     0 |  25    46 |02-12 20:03:33
  1   1  99   0   0   0|   0    20k|8102B 8347B|   0     0 |  49   158 |02-12 20:03:34
  0   0 100   0   0   0|   0     0 |   0     0 |   0     0 |  23    49 |02-12 20:03:35
  0   1 100   0   0   0|   0     0 |   0     0 |   0     0 |  35    74 |02-12 20:03:36
  1   0  99   0   0   0|   0     0 |5422B 2784B|   0     0 |  25    72 |02-12 20:03:37
  0   0 100   0   0   0|   0     0 |   0     0 |   0     0 |  27    61 |02-12 20:03:38
  8   4  89   0   0   0|   0     0 |3555B 3877B|   0     0 | 196   564 |02-12 20:03:39
  3   4  90   0   0   4|   0     0 | 349k   10M|   0     0 | 762  3150 |02-12 20:03:40
  3   6  88   0   0   3|   0     0 | 582k   17M|   0     0 |1168  5114 |02-12 20:03:41
  4   6  87   0   0   4|   0     0 | 584k   17M|   0     0 |1216  4787 |02-12 20:03:42
  3   8  84   0   0   5|   0     0 | 631k   18M|   0     0 |1312  5120 |02-12 20:03:43
  3   6  87   0   0   5|   0  4096B| 614k   18M|   0     0 |1293  5022 |02-12 20:03:44
  3   6  86   0   0   6|   0     0 | 613k   18M|   0     0 |1314  5235 |02-12 20:03:45
  3   5  87   0   0   5|   0     0 | 614k   18M|   0     0 |1177  5080 |02-12 20:03:46
  4   6  85   0   0   5|   0     0 | 600k   18M|   0     0 |1187  4948 |02-12 20:03:47
  4   5  89   0   0   3|   0     0 | 619k   18M|   0     0 |1245  5039 |02-12 20:03:48
  4   9  84   0   0   4|   0     0 | 635k   18M|   0     0 |1301  5059 |02-12 20:03:49
  4   7  86   0   0   4|   0     0 | 626k   18M|   0     0 |1090  5066 |02-12 20:03:50
  3   5  88   0   0   4|   0     0 | 620k   18M|   0     0 |1243  4958 |02-12 20:03:51
  3   6  86   0   0   6|   0     0 | 620k   18M|   0     0 |1386  4986 |02-12 20:03:52
  3   7  86   0   0   4|   0     0 | 645k   19M|   0     0 |1316  5052 |02-12 20:03:53
  4   5  86   0   0   5|   0     0 | 636k   19M|   0     0 |1209  4965 |02-12 20:03:54
  4   5  84   3   0   4|   0   128k| 620k   18M|   0     0 |1165  4919 |02-12 20:03:55
  3   6  87   0   0   5|   0     0 | 636k   18M|   0     0 |1308  5213 |02-12 20:03:56
  2   7  86   0   0   5|   0     0 | 623k   18M|   0     0 |1249  5083 |02-12 20:03:57
  4   6  85   0   0   6|   0     0 | 606k   18M|   0     0 |1095  4928 |02-12 20:03:58
  4   7  86   0   0   3|   0     0 | 616k   18M|   0     0 |1285  5142 |02-12 20:03:59
  3   5  88   0   0   4|   0     0 | 622k   18M|   0     0 |1147  5048 |02-12 20:04:00
  3   9  84   0   0   4|   0     0 | 619k   18M|   0     0 |1399  4994 |02-12 20:04:01
  3   6  85   0   0   6|   0     0 | 630k   18M|   0     0 |1202  5220 |02-12 20:04:02
  3   3  89   0   0   5|   0     0 | 627k   18M|   0     0 |1288  5196 |02-12 20:04:03
  5   8  84   0   0   4|   0     0 | 616k   18M|   0     0 |1229  4787 |02-12 20:04:04
  4   5  87   0   0   4|   0  8192B| 640k   19M|   0     0 |1252  5125 |02-12 20:04:05
  3   7  85   0   0   5|   0     0 | 618k   18M|   0     0 |1250  4944 |02-12 20:04:06
  6   5  83   0   0   7|   0     0 | 588k   17M|   0     0 |1297  4856 |02-12 20:04:07
  3   7  85   0   0   6|   0     0 | 631k   18M|   0     0 |1230  5014 |02-12 20:04:08
  3   6  86   0   0   5|   0     0 | 639k   19M|   0     0 |1259  5039 |02-12 20:04:09
  3   8  86   0   0   3|   0    16k| 602k   18M|   0     0 |1287  5044 |02-12 20:04:10
  4   6  83   0   0   7|   0     0 | 630k   18M|   0     0 |1320  5046 |02-12 20:04:11
  4   6  86   0   0   5|   0     0 | 606k   18M|   0     0 |1248  4804 |02-12 20:04:12
  3   7  85   0   0   5|   0     0 | 609k   18M|   0     0 |1082  4938 |02-12 20:04:13
  4   8  84   0   0   4|   0     0 | 634k   18M|   0     0 |1311  5042 |02-12 20:04:14
  2   5  88   0   0   4|   0     0 | 618k   18M|   0     0 |1296  5052 |02-12 20:04:15
  3   8  83   0   0   5|   0     0 | 606k   18M|   0     0 |1332  5071 |02-12 20:04:16
  4   7  85   0   0   5|   0     0 | 595k   17M|   0     0 |1270  4622 |02-12 20:04:17
  4   4  85   0   0   7|   0     0 | 628k   18M|   0     0 |1343  5063 |02-12 20:04:18
  5   6  86   0   0   3|   0     0 | 599k   18M|   0     0 |1221  4603 |02-12 20:04:19
  4   7  83   0   0   7|   0     0 | 627k   18M|   0     0 |1305  4926 |02-12 20:04:20
  2   7  87   0   0   4|   0     0 | 625k   18M|   0     0 |1094  4754 |02-12 20:04:21
  5   4  86   0   0   5|   0     0 | 589k   17M|   0     0 |1187  4745 |02-12 20:04:22
  3   8  84   0   0   5|   0     0 | 622k   18M|   0     0 |1114  4682 |02-12 20:04:23
  3   6  87   0   0   4|   0     0 | 644k   19M|   0     0 |1280  4774 |02-12 20:04:24
  4   4  86   1   0   5|   0    40k| 614k   18M|   0     0 |1015  4669 |02-12 20:04:25
  5   6  84   0   0   5|   0     0 | 633k   18M|   0     0 |1145  4856 |02-12 20:04:26
  3   6  86   0   0   5|   0     0 | 631k   18M|   0     0 |1191  4866 |02-12 20:04:27
  4   7  84   0   0   5|   0     0 | 616k   18M|   0     0 |1379  4963 |02-12 20:04:28
  6   7  83   0   0   5|   0     0 | 632k   18M|   0     0 |1200  5103 |02-12 20:04:29
  3   7  85   0   0   5|   0     0 | 633k   19M|   0     0 |1321  5015 |02-12 20:04:30
  3   6  87   0   0   4|   0     0 | 631k   18M|   0     0 |1272  5142 |02-12 20:04:31
  5   5  85   0   0   5|   0     0 | 592k   17M|   0     0 |1216  4975 |02-12 20:04:32
  4   5  88   0   0   3|   0     0 | 612k   18M|   0     0 |1261  5066 |02-12 20:04:33
  5   6  85   0   0   5|   0     0 | 617k   18M|   0     0 |1159  4884 |02-12 20:04:34
  5   6  85   0   0   4|   0     0 | 625k   18M|   0     0 |1322  4926 |02-12 20:04:35
  5   6  85   0   0   5|   0  8192B| 643k   19M|   0     0 |1370  4912 |02-12 20:04:36
  4   5  87   0   0   4|   0     0 | 629k   18M|   0     0 |1350  5067 |02-12 20:04:37
  3   6  86   0   0   5|   0     0 | 621k   18M|   0     0 |1319  4746 |02-12 20:04:38
  3   5  87   0   0   6|   0     0 | 630k   18M|   0     0 |1325  5262 |02-12 20:04:39
  0   1  99   0   0   0|   0     0 |  66k 1851k|   0     0 | 197   641 |02-12 20:04:40
  1   0  98   0   0   0|   0    16k|  10k 7382B|   0     0 |  52   226 |02-12 20:04:41
  0   0 100   0   0   0|   0     0 |   0     0 |   0     0 |  35    83 |02-12 20:04:42
  0   0 100   0   0   0|   0     0 |   0     0 |   0     0 |  22    48 |02-12 20:04:43
  1   0 100   0   0   0|   0     0 |5422B 2784B|   0     0 |  29    63 |02-12 20:04:44
  1   0 100   0   0   0|   0     0 |   0     0 |   0     0 |  26   120 |02-12 20:04:45
  0   0 100   0   0   0|   0     0 | 102B  192B|   0     0 |  22    39 |02-12 20:04:46
  1   1  99   0   0   0|   0     0 |7534B 4896B|   0     0 |  41   104 |02-12 20:04:47
  0   0 100   0   0   0|   0     0 |2112B 2112B|   0     0 |  24    52 |02-12 20:04:48
  0   1  99   0   0   0|   0     0 |1911B 1917B|   0     0 |  41    79 |02-12 20:04:49
  9   3  88   0   0   0|   0     0 |8390B 5388B|   0     0 | 212   709 |02-12 20:04:50
  0   0 100   0   0   0|   0     0 |   0     0 |   0     0 |  23    39 |02-12 20:04:51
  1   0 100   0   0   0|   0     0 |   0     0 |   0     0 |  35    76 |02-12 20:04:52
  1   0 100   0   0   0|   0     0 |5422B 2784B|   0     0 |  23    69 |02-12 20:04:53
  0   0 100   0   0   0|   0     0 |   0     0 |   0     0 |  23    44 |02-12 20:04:54
  0   0 100   0   0   0|   0     0 |   0     0 |   0     0 |  25    45 |02-12 20:04:55
  1   0  86  14   0   0|   0   104k|5422B 2784B|   0     0 |  27    90 |02-12 20:04:56
  0   1 100   0   0   0|   0     0 |   0     0 |   0     0 |  36    69 |02-12 20:04:57
  1   0  99   0   0   0|   0     0 |2153B 2093B|   0     0 |  39    99 |02-12 20:04:58
