[7l----total-cpu-usage---- -dsk/total- -net/total- ---paging-- ---system-- ----system----
usr sys idl wai hiq siq| read  writ| recv  send|  in   out | int   csw |     time     
  1   2  95   0   0   1|  14k  108k|   0     0 |   0     0 | 330  1263 |08-12 17:40:17
  1   0 100   0   0   0|   0     0 |   0     0 |   0     0 |  21    46 |08-12 17:40:18
  0   0  99   0   0   0|   0     0 |   0     0 |   0     0 |  35    72 |08-12 17:40:19
  0   0 100   0   0   0|   0     0 |5422B 2782B|   0     0 |  28    82 |08-12 17:40:20
  0   0 100   0   0   0|   0     0 |   0     0 |   0     0 |  25    45 |08-12 17:40:21
  0   0 100   0   0   0|   0     0 |   0     0 |   0     0 |  21    32 |08-12 17:40:22
  3   2  94   1   0   0|   0    40k|9043B 5543B|   0     0 | 139   405 |08-12 17:40:23
  6   3  90   0   0   1|4096B    0 |1286k 1248k|   0     0 | 160  1773 |08-12 17:40:24
  1   3  95   0   0   1|   0    40k|2877k 2756k|   0     0 |1103  3166 |08-12 17:40:25
  2   3  93   0   0   2|   0     0 |2701k 2585k|   0     0 | 988  2750 |08-12 17:40:26
  1   3  94   0   0   2|   0     0 |2851k 2727k|   0     0 |1390  3042 |08-12 17:40:27
  2   3  91   0   0   4|   0     0 |3099k 2973k|   0     0 | 700  3248 |08-12 17:40:28
  2   5  90   0   0   3|   0     0 |3795k 3633k|   0     0 |1304  4107 |08-12 17:40:29
  2   6  90   0   0   3|   0     0 |3901k 3737k|   0     0 |1562  4137 |08-12 17:40:30
  2   4  91   0   0   4|   0     0 |3564k 3403k|   0     0 | 457  3803 |08-12 17:40:31
  4   5  89   0   0   3|   0     0 |3822k 3672k|   0     0 |1490  3934 |08-12 17:40:32
  2   4  90   0   0   4|   0     0 |3538k 3386k|   0     0 |1671  3751 |08-12 17:40:33
  2   4  92   0   0   3|   0     0 |3378k 3241k|   0     0 |1532  3415 |08-12 17:40:34
  3   4  90   0   0   3|   0     0 |3499k 3351k|   0     0 |1188  3500 |08-12 17:40:35
  3   3  92   0   0   3|   0    12k|3790k 3632k|   0     0 |1790  4033 |08-12 17:40:36
  2   4  90   0   0   4|   0     0 |3874k 3712k|   0     0 |1337  3929 |08-12 17:40:37
  2   4  90   0   0   4|   0     0 |3485k 3333k|   0     0 |1379  3560 |08-12 17:40:38
  2   4  90   0   0   5|   0     0 |3414k 3275k|   0     0 |1569  3512 |08-12 17:40:39
  2   4  91   0   0   4|   0     0 |3334k 3195k|   0     0 |1084  3588 |08-12 17:40:40
  3   4  90   0   0   3|   0     0 |3251k 3112k|   0     0 |1139  3410 |08-12 17:40:41
  3   3  92   0   0   3|   0    12k|3675k 3522k|   0     0 | 715  3943 |08-12 17:40:42
  2   4  93   0   0   2|   0     0 |3059k 2932k|   0     0 |1202  3175 |08-12 17:40:43
  3   4  90   0   0   4|   0     0 |3490k 3342k|   0     0 |1614  3681 |08-12 17:40:44
  3   4  91   0   0   2|   0     0 |3440k 3292k|   0     0 |1463  3626 |08-12 17:40:45
  1   2  94   0   0   3|   0     0 |3263k 3131k|   0     0 |1370  3470 |08-12 17:40:46
  3   2  93   0   0   3|   0    12k|3906k 3736k|   0     0 |1685  4075 |08-12 17:40:47
  2   4  91   0   0   3|   0     0 |3546k 3398k|   0     0 |1652  3688 |08-12 17:40:48
  3   2  90   0   0   5|   0     0 |3719k 3568k|   0     0 |1717  3786 |08-12 17:40:49
  3   4  89   0   0   4|   0     0 |3579k 3427k|   0     0 |1660  3705 |08-12 17:40:50
  2   4  91   0   0   4|   0     0 |3697k 3538k|   0     0 |1002  3872 |08-12 17:40:51
  1   4  91   0   0   4|   0     0 |4034k 3869k|   0     0 | 998  4278 |08-12 17:40:52
  2   5  89   0   0   4|   0    20k|3587k 3435k|   0     0 |1255  3823 |08-12 17:40:53
  4   4  89   1   0   3|   0    48k|3803k 3644k|   0     0 |1233  4053 |08-12 17:40:54
  2   3  91   0   0   5|   0     0 |3874k 3708k|   0     0 |1836  4073 |08-12 17:40:55
  3   4  91   0   0   2|   0     0 |3561k 3409k|   0     0 | 537  3689 |08-12 17:40:56
  2   6  90   0   0   3|   0     0 |3773k 3619k|   0     0 |1006  3890 |08-12 17:40:57
  2   4  91   0   0   3|   0    44k|3666k 3513k|   0     0 |1261  3774 |08-12 17:40:58
  2   5  92   0   0   2|   0     0 |3600k 3439k|   0     0 |1088  3792 |08-12 17:40:59
  2   5  90   0   0   3|   0     0 |3936k 3772k|   0     0 |1005  4332 |08-12 17:41:00
  2   4  91   0   0   3|   0     0 |3618k 3474k|   0     0 |1813  3876 |08-12 17:41:01
  3   5  89   0   0   3|   0     0 |4008k 3838k|   0     0 |1780  4430 |08-12 17:41:02
  3   5  89   0   0   4|   0     0 |3592k 3447k|   0     0 |1546  4028 |08-12 17:41:03
  3   2  92   0   0   3|   0     0 |3578k 3428k|   0     0 |1487  3655 |08-12 17:41:04
  4   2  91   0   0   4|   0     0 |3531k 3381k|   0     0 |1346  3690 |08-12 17:41:05
  3   3  92   0   0   3|   0     0 |3840k 3675k|   0     0 |1540  4311 |08-12 17:41:06
  2   5  90   0   0   3|   0     0 |3667k 3513k|   0     0 |1537  3805 |08-12 17:41:07
  3   3  92   0   0   2|   0     0 |3730k 3571k|   0     0 | 984  4028 |08-12 17:41:08
  3   4  88   0   0   4|   0     0 |3778k 3624k|   0     0 |1605  4076 |08-12 17:41:09
  2   5  90   0   0   3|   0     0 |3517k 3369k|   0     0 |1656  3746 |08-12 17:41:10
  3   3  90   0   0   4|   0     0 |3481k 3333k|   0     0 |1295  3619 |08-12 17:41:11
  2   3  93   0   0   2|   0     0 |3467k 3322k|   0     0 |1210  3682 |08-12 17:41:12
  3   4  91   0   0   2|   0     0 |3467k 3321k|   0     0 | 857  3622 |08-12 17:41:13
  3   5  90   0   0   3|   0     0 |3857k 3683k|   0     0 |1775  4180 |08-12 17:41:14
  3   4  90   0   0   4|   0     0 |3750k 3602k|   0     0 |1290  3946 |08-12 17:41:15
  1   3  94   0   0   2|   0     0 |3595k 3444k|   0     0 |1034  3844 |08-12 17:41:16
  3   5  89   0   0   3|   0     0 |3960k 3797k|   0     0 |1571  4222 |08-12 17:41:17
  3   3  92   0   0   2|   0     0 |3459k 3309k|   0     0 |1577  3699 |08-12 17:41:18
  2   5  89   0   0   4|   0     0 |3631k 3482k|   0     0 |1222  3625 |08-12 17:41:19
  2   4  93   0   0   2|   0     0 |3539k 3391k|   0     0 |1198  3627 |08-12 17:41:20
  3   3  91   0   0   4|   0     0 |3446k 3299k|   0     0 |1456  3509 |08-12 17:41:21
  2   4  90   0   0   4|   0     0 |3812k 3653k|   0     0 |1769  3997 |08-12 17:41:22
  3   4  91   0   0   3|   0     0 |3343k 3199k|   0     0 |1462  3653 |08-12 17:41:23
  2   2  94   2   0   1|   0   128k| 866k  823k|   0     0 | 431  1224 |08-12 17:41:24
  0   0 100   0   0   0|   0     0 |   0     0 |   0     0 |  24    41 |08-12 17:41:25
  0   0 100   0   0   0|   0     0 |   0     0 |   0     0 |  23    33 |08-12 17:41:26
  1   0 100   0   0   0|   0     0 |5422B 2782B|   0     0 |  29    66 |08-12 17:41:27
  0   0 100   0   0   0|   0     0 | 168B  102B|   0     0 |  28    50 |08-12 17:41:28
  0   1  99   0   0   0|   0     0 | 504B  314B|   0     0 |  51   102 |08-12 17:41:29
  2   0  98   0   0   0|   0     0 |7597B 4765B|   0     0 |  46   128 |08-12 17:41:30
  9   5  86   0   0   0|   0     0 |3334B 3014B|   0     0 | 214   821 |08-12 17:41:31
  1   1  99   0   0   0|   0     0 | 336B  212B|   0     0 |  68   166 |08-12 17:41:32
  2   0  99   0   0   0|   0     0 |5758B 3002B|   0     0 |  52   134 |08-12 17:41:33
  0   1  99   0   0   0|   0     0 |   0     0 |   0     0 |  35    73 |08-12 17:41:34
  0   0 100   0   0   0|   0     0 |   0     0 |   0     0 |  19    32 |08-12 17:41:35
  1   0  99   0   0   0|   0     0 |6012B 3596B|   0     0 |  28    83 |08-12 17:41:36
  0   0 100   0   0   0|   0     0 |   0     0 |   0     0 |  23    35 |08-12 17:41:37
  0   1  99   0   0   0|   0     0 | 168B  110B|   0     0 |  46   108 |08-12 17:41:38
  2   1  98   0   0   0|   0     0 |5692B 2994B|   0     0 |  60   196 |08-12 17:41:39
  0   0 100   0   0   0|   0     0 |  66B    0 |   0     0 |  24    40 |08-12 17:41:40
  4   1  95   0   0   0|   0     0 | 726B 3330B|   0     0 |  52   130 |08-12 17:41:41
  0   0 100   0   0   0|   0     0 |5422B 2782B|   0     0 |  25    58 |08-12 17:41:42
  0   0 100   0   0   0|   0     0 |   0     0 |   0     0 |  23    30 |08-12 17:41:43
  8   4  88   0   0   0|   0     0 |5159B 4155B|   0     0 | 218   614 |08-12 17:41:44
  1   2  96   0   0   1|   0     0 |2077k 1997k|   0     0 | 547  2441 |08-12 17:41:45
  1   1  94   0   0   4|   0     0 |2767k 2660k|   0     0 | 805  3187 |08-12 17:41:46
  1   2  95   0   0   2|   0     0 |3356k 3214k|   0     0 | 828  3648 |08-12 17:41:47
  3   4  91   0   0   2|   0     0 |3175k 3035k|   0     0 | 777  3396 |08-12 17:41:48
  2   2  95   0   0   1|   0     0 |3223k 3091k|   0     0 | 770  3353 |08-12 17:41:49
  2   4  93   0   0   2|   0     0 |3684k 3529k|   0     0 | 848  3751 |08-12 17:41:50
  3   2  93   0   0   3|   0     0 |3565k 3414k|   0     0 | 927  3867 |08-12 17:41:51
  3   4  92   0   0   1|   0     0 |3724k 3556k|   0     0 | 928  3889 |08-12 17:41:52
  1   3  93   0   0   3|   0     0 |3813k 3666k|   0     0 | 992  4187 |08-12 17:41:53
  2   4  92   0   0   2|   0     0 |3823k 3652k|   0     0 | 975  4180 |08-12 17:41:54
  4   5  88   1   0   3|   0    80k|3667k 3518k|   0     0 | 998  4094 |08-12 17:41:55
  5   4  89   0   0   3|   0  4096B|3512k 3369k|   0     0 | 917  3774 |08-12 17:41:56
  2   7  90   0   0   2|   0     0 |3668k 3516k|   0     0 | 986  3812 |08-12 17:41:57
  3   4  92   0   0   2|   0     0 |3578k 3429k|   0     0 | 966  3789 |08-12 17:41:58
  3   5  90   0   0   2|   0     0 |3666k 3513k|   0     0 |1011  3908 |08-12 17:41:59
  2   4  91   0   0   2|   0     0 |3109k 2977k|   0     0 | 879  3381 |08-12 17:42:00
  2   5  92   0   0   2|   0     0 |3143k 3004k|   0     0 | 919  3420 |08-12 17:42:01
  1   5  92   0   0   3|   0     0 |3516k 3373k|   0     0 | 918  3760 |08-12 17:42:02
  4   2  94   0   0   1|   0     0 |3601k 3452k|   0     0 | 911  3772 |08-12 17:42:03
  2   3  94   0   0   2|   0     0 |2905k 2783k|   0     0 | 701  2974 |08-12 17:42:04
  2   2  93   0   0   3|   0  8192B|3206k 3072k|   0     0 | 805  3426 |08-12 17:42:05
  3   3  92   0   0   3|   0     0 |3118k 2985k|   0     0 | 756  3401 |08-12 17:42:06
  2   4  92   0   0   2|   0     0 |3777k 3619k|   0     0 | 970  4077 |08-12 17:42:07
  2   3  92   0   0   3|   0     0 |3887k 3717k|   0     0 | 917  3988 |08-12 17:42:08
  3   5  89   0   0   3|   0     0 |3937k 3770k|   0     0 | 953  4344 |08-12 17:42:09
  2   3  93   0   0   2|   0     0 |4069k 3908k|   0     0 |1073  4383 |08-12 17:42:10
  3   4  91   0   0   2|   0     0 |3608k 3454k|   0     0 | 917  3666 |08-12 17:42:11
  3   4  91   0   0   2|   0     0 |3658k 3499k|   0     0 | 968  3828 |08-12 17:42:12
  2   4  92   0   0   2|   0     0 |3595k 3453k|   0     0 | 906  3604 |08-12 17:42:13
  3   4  90   0   0   4|   0     0 |3817k 3657k|   0     0 |1050  4143 |08-12 17:42:14
  2   3  93   0   0   3|   0     0 |3468k 3316k|   0     0 | 940  3693 |08-12 17:42:15
  2   3  93   0   0   3|   0    16k|3405k 3267k|   0     0 | 911  3651 |08-12 17:42:16
  3   2  91   0   0   4|   0     0 |3927k 3755k|   0     0 |1053  4289 |08-12 17:42:17
  3   5  90   0   0   2|   0     0 |3537k 3394k|   0     0 | 987  3874 |08-12 17:42:18
  3   5  89   0   0   3|   0     0 |3759k 3606k|   0     0 | 996  3898 |08-12 17:42:19
  1   3  93   0   0   3|   0     0 |3653k 3500k|   0     0 | 968  3845 |08-12 17:42:20
  3   2  93   0   0   2|   0     0 |3725k 3567k|   0     0 | 989  4060 |08-12 17:42:21
  2   2  94   0   0   2|   0     0 |3781k 3619k|   0     0 | 978  3981 |08-12 17:42:22
  2   5  91   0   0   3|   0     0 |3666k 3517k|   0     0 | 944  3900 |08-12 17:42:23
  3   3  90   0   0   4|   0     0 |3941k 3776k|   0     0 |1140  4362 |08-12 17:42:24
  2   3  89   4   0   3|   0    60k|3884k 3719k|   0     0 |1091  4324 |08-12 17:42:25
  2   5  91   0   0   3|   0    60k|3750k 3585k|   0     0 | 976  3915 |08-12 17:42:26
  3   5  91   0   0   2|   0     0 |3542k 3399k|   0     0 | 930  3708 |08-12 17:42:27
  3   3  92   0   0   3|   0     0 |3384k 3240k|   0     0 | 841  3428 |08-12 17:42:28
  2   5  91   0   0   3|   0     0 |3578k 3428k|   0     0 | 923  3911 |08-12 17:42:29
  3   4  91   0   0   2|   0     0 |3697k 3539k|   0     0 |1045  4034 |08-12 17:42:30
  3   4  92   0   0   2|   0    24k|3499k 3358k|   0     0 | 911  3769 |08-12 17:42:31
  2   3  90   0   0   4|   0     0 |3985k 3810k|   0     0 |1075  4321 |08-12 17:42:32
  3   4  91   0   0   3|   0     0 |3618k 3471k|   0     0 | 953  3796 |08-12 17:42:33
  2   4  92   0   0   2|   0     0 |3649k 3494k|   0     0 | 927  3778 |08-12 17:42:34
  4   4  90   0   0   3|   0     0 |3754k 3596k|   0     0 | 997  3929 |08-12 17:42:35
  2   2  93   0   0   3|   0     0 |3750k 3596k|   0     0 |1055  4184 |08-12 17:42:36
  3   3  89   0   0   5|   0     0 |4003k 3833k|   0     0 |1033  4283 |08-12 17:42:37
  2   6  90   0   0   2|   0     0 |3626k 3469k|   0     0 | 995  3855 |08-12 17:42:38
  3   3  91   0   0   3|   0     0 |3737k 3584k|   0     0 | 986  4024 |08-12 17:42:39
  4   5  90   0   0   2|   0     0 |3662k 3507k|   0     0 | 979  3857 |08-12 17:42:40
  2   2  93   0   0   3|   0     0 |3702k 3543k|   0     0 | 986  3846 |08-12 17:42:41
  1   4  91   0   0   4|   0     0 |3600k 3453k|   0     0 | 904  3708 |08-12 17:42:42
  3   5  90   0   0   3|   0     0 |3627k 3465k|   0     0 | 876  3768 |08-12 17:42:43
  3   4  92   0   0   1|   0     0 |3582k 3437k|   0     0 | 886  3861 |08-12 17:42:44
  0   1  99   0   0   0|   0  8192B|  27k   22k|   0     0 |  54   244 |08-12 17:42:45
  1   0 100   0   0   0|   0     0 |5422B 2782B|   0     0 |  26    65 |08-12 17:42:46
  0   0 100   0   0   0|   0     0 |   0     0 |   0     0 |  18    28 |08-12 17:42:47
  0   0 100   0   0   0|   0     0 |   0     0 |   0     0 |  19    32 |08-12 17:42:48
  1   1  99   0   0   0|   0     0 |5422B 2782B|   0     0 |  34   104 |08-12 17:42:49
  0   0 100   0   0   0|   0     0 |   0     0 |   0     0 |  23    44 |08-12 17:42:50
  0   0 100   0   0   0|   0  8192B|   0     0 |   0     0 |  25    59 |08-12 17:42:51
  5   2  93   0   0   0|   0     0 |9175B 5675B|   0     0 | 137   407 |08-12 17:42:52
  5   2  93   0   0   0|   0     0 |1522B 1892B|   0     0 | 108   385 |08-12 17:42:53
  0   1 100   0   0   0|   0     0 |   0     0 |   0     0 |  34    82 |08-12 17:42:54
  1   0 100   0   0   0|   0     0 |5598B 2924B|   0     0 |  29    72 |08-12 17:42:55
  0   0  89  11   0   0|   0    44k|   0     0 |   0     0 |  24   136 |08-12 17:42:56
  0   0 100   0   0   0|   0  8192B|   0     0 |   0     0 |  22    40 |08-12 17:42:57
  5   1  94   0   0   0|   0     0 |6148B 6214B|   0     0 |  49   154 |08-12 17:42:58
  0   1 100   0   0   0|   0     0 | 352B 2484B|   0     0 |  43   107 |08-12 17:42:59
  0   0 100   0   0   0|   0     0 |   0     0 |   0     0 |  23    42 |08-12 17:43:00
  0   0 100   0   0   0|   0     0 |5422B 2782B|   0     0 |  26    80 |08-12 17:43:01
  0   0 100   0   0   0|   0     0 |   0     0 |   0     0 |  25    32 |08-12 17:43:02
  0   0 100   0   0   0|   0     0 |   0     0 |   0     0 |  21    36 |08-12 17:43:03
  1   1  99   0   0   0|   0     0 |5758B 3026B|   0     0 |  42   121 |08-12 17:43:04
  1   0 100   0   0   0|   0     0 | 776B  978B|   0     0 |  46   107 |08-12 17:43:05
  7   4  89   0   0   0|   0     0 |6493B   22k|   0     0 | 226   627 |08-12 17:43:06
  2   3  94   0   0   2|   0     0 |2715k 2598k|   0     0 | 742  3179 |08-12 17:43:07
  3   4  92   0   0   3|   0     0 |3042k 2914k|   0     0 | 806  3404 |08-12 17:43:08
  2   3  93   0   0   2|   0     0 |3533k 3385k|   0     0 | 950  4004 |08-12 17:43:09
  7   3  86   0   0   4|   0  4096B|3269k 3130k|   0     0 | 828  3559 |08-12 17:43:10
  3   3  92   0   0   3|   0     0 |3431k 3287k|   0     0 | 885  3710 |08-12 17:43:11
  4   4  89   0   0   2|   0     0 |3568k 3419k|   0     0 | 893  3791 |08-12 17:43:12
  5   4  89   0   0   2|   0     0 |3566k 3410k|   0     0 | 905  3837 |08-12 17:43:13
  2   5  91   0   0   3|   0     0 |3586k 3437k|   0     0 | 915  3924 |08-12 17:43:14
  4   2  93   0   0   2|   0     0 |3529k 3385k|   0     0 | 900  3848 |08-12 17:43:15
  2   3  92   0   0   3|   0     0 |3322k 3181k|   0     0 | 842  3582 |08-12 17:43:16
  3   6  88   0   0   2|   0  4096B|3768k 3610k|   0     0 | 938  4026 |08-12 17:43:17
  3   4  91   0   0   3|   0     0 |3748k 3595k|   0     0 | 943  3960 |08-12 17:43:18
  3   2  94   0   0   2|   0     0 |3543k 3392k|   0     0 | 875  3746 |08-12 17:43:19
  3   3  91   0   0   3|   0     0 |3542k 3394k|   0     0 | 909  3839 |08-12 17:43:20
  3   2  91   0   0   4|   0     0 |3383k 3237k|   0     0 | 881  3645 |08-12 17:43:21
  2   1  95   0   0   3|   0     0 |3397k 3257k|   0     0 | 839  3749 |08-12 17:43:22
  3   4  91   0   0   3|   0     0 |3135k 3000k|   0     0 | 884  3579 |08-12 17:43:23
  2   2  94   0   0   3|   0     0 |3113k 2987k|   0     0 | 804  3464 |08-12 17:43:24
  2   5  90   0   0   3|   0     0 |3508k 3359k|   0     0 | 898  3751 |08-12 17:43:25
  3   3  92   0   0   2|   0     0 |2900k 2779k|   0     0 | 769  3191 |08-12 17:43:26
  3   4  90   2   0   3|   0   148k|3312k 3173k|   0     0 | 856  3611 |08-12 17:43:27
  2   3  92   0   0   3|   0     0 |3055k 2927k|   0     0 | 765  3338 |08-12 17:43:28
  3   4  90   0   0   3|   0     0 |3822k 3656k|   0     0 | 964  4099 |08-12 17:43:29
  3   4  89   0   0   3|   0     0 |3768k 3615k|   0     0 | 986  4094 |08-12 17:43:30
  2   2  93   0   0   3|   0     0 |3520k 3373k|   0     0 | 896  3729 |08-12 17:43:31
  3   4  90   0   0   4|   0  8192B|3968k 3796k|   0     0 |1008  4222 |08-12 17:43:32
  2   3  92   0   0   3|   0     0 |3498k 3356k|   0     0 | 844  3681 |08-12 17:43:33
  2   3  92   0   0   3|   0     0 |3693k 3534k|   0     0 | 918  3764 |08-12 17:43:34
  3   3  90   0   0   4|   0     0 |3716k 3562k|   0     0 | 919  3842 |08-12 17:43:35
  2   3  93   0   0   2|   0     0 |3547k 3398k|   0     0 | 898  3637 |08-12 17:43:36
  2   4  91   0   0   3|   0     0 |3980k 3814k|   0     0 |1068  4227 |08-12 17:43:37
  3   3  91   0   0   3|   0    16k|4000k 3830k|   0     0 |1082  4276 |08-12 17:43:38
  2   4  92   0   0   2|   0     0 |3750k 3594k|   0     0 | 979  3923 |08-12 17:43:39
  2   4  91   0   0   4|   0     0 |3989k 3823k|   0     0 |1019  4277 |08-12 17:43:40
  2   3  93   0   0   3|   0     0 |3818k 3656k|   0     0 | 940  4052 |08-12 17:43:41
  2   4  91   0   0   3|   0     0 |3887k 3725k|   0     0 | 992  4094 |08-12 17:43:42
  2   4  92   0   0   2|   0     0 |3773k 3615k|   0     0 | 979  4021 |08-12 17:43:43
  3   5  90   0   0   3|   0     0 |3862k 3698k|   0     0 | 980  4203 |08-12 17:43:44
  2   3  92   0   0   3|   0     0 |3719k 3551k|   0     0 | 977  4022 |08-12 17:43:45
  2   3  94   0   0   2|   0     0 |3379k 3250k|   0     0 | 872  3593 |08-12 17:43:46
  3   4  91   0   0   3|   0     0 |3808k 3647k|   0     0 | 950  4018 |08-12 17:43:47
  3   5  89   0   0   2|   0    24k|3799k 3636k|   0     0 | 967  4072 |08-12 17:43:48
  1   3  93   0   0   3|   0     0 |3560k 3403k|   0     0 | 892  3704 |08-12 17:43:49
  4   4  90   0   0   3|   0     0 |3464k 3329k|   0     0 | 874  3731 |08-12 17:43:50
  4   3  91   0   0   3|   0     0 |3653k 3500k|   0     0 | 905  3891 |08-12 17:43:51
  2   4  91   0   0   3|   0     0 |3927k 3759k|   0     0 | 951  4084 |08-12 17:43:52
  3   4  90   0   0   3|   0     0 |4203k 4029k|   0     0 |1079  4573 |08-12 17:43:53
  1   2  94   0   0   3|   0     0 |3914k 3751k|   0     0 | 982  4186 |08-12 17:43:54
  3   5  90   0   0   3|   0     0 |3710k 3551k|   0     0 | 944  3925 |08-12 17:43:55
  3   3  91   0   0   3|   0     0 |3547k 3395k|   0     0 | 870  3743 |08-12 17:43:56
  3   3  91   1   0   2|   0    36k|3940k 3770k|   0     0 | 986  4109 |08-12 17:43:57
  1   4  92   0   0   3|   0     0 |3657k 3511k|   0     0 | 922  3769 |08-12 17:43:58
  3   2  93   0   0   2|   0     0 |3839k 3671k|   0     0 |1012  4105 |08-12 17:43:59
  4   3  91   0   0   3|   0     0 |3812k 3656k|   0     0 | 971  4109 |08-12 17:44:00
  2   3  91   0   0   4|   0     0 |3400k 3254k|   0     0 | 821  3572 |08-12 17:44:01
  3   5  89   0   0   3|   0     0 |3659k 3507k|   0     0 | 918  3887 |08-12 17:44:02
  2   5  91   0   0   2|   0  4096B|3520k 3373k|   0     0 | 879  3738 |08-12 17:44:03
  1   4  92   0   0   3|   0     0 |3781k 3623k|   0     0 | 988  4086 |08-12 17:44:04
  3   4  91   0   0   2|   0     0 |3835k 3668k|   0     0 |1041  4064 |08-12 17:44:05
  2   2  94   0   0   2|   0  8192B|2994k 2873k|   0     0 | 818  3365 |08-12 17:44:06
  0   0 100   0   0   0|   0     0 |   0     0 |   0     0 |  23    45 |08-12 17:44:07
  1   0  99   0   0   0|   0     0 |5422B 2782B|   0     0 |  24    68 |08-12 17:44:08
  0   0 100   0   0   0|   0     0 |   0     0 |   0     0 |  26    48 |08-12 17:44:09
  0   0 100   0   0   0|   0     0 |   0     0 |   0     0 |  35    72 |08-12 17:44:10
  0   1  99   0   0   0|   0     0 |5422B 2782B|   0     0 |  31   109 |08-12 17:44:11
  0   0 100   0   0   0|   0     0 |   0     0 |   0     0 |  24    44 |08-12 17:44:12
  9   3  88   0   0   0|   0  8192B|3951B 4141B|   0     0 | 208   567 |08-12 17:44:13
  1   1  98   0   0   0|   0     0 |6746B 3426B|   0     0 |  56   231 |08-12 17:44:14
  0   0 100   0   0   0|   0     0 |   0     0 |   0     0 |  39    99 |08-12 17:44:15
  0   0 100   0   0   0|   0     0 |   0     0 |   0     0 |  24    44 |08-12 17:44:16
  1   0  99   0   0   0|   0     0 |5422B 2782B|   0     0 |  26    59 |08-12 17:44:17
  0   1  98   0   0   0|   0     0 |2779B 5756B|   0     0 |  54   151 |08-12 17:44:18
  0   0 100   0   0   0|   0     0 |   0     0 |   0     0 |  25    51 |08-12 17:44:19
  1   0  99   0   0   0|   0     0 |5692B 2986B|   0     0 |  46   132 |08-12 17:44:20
  0   0 100   0   0   0|   0     0 | 242B  142B|   0     0 |  29    55 |08-12 17:44:21
  0   0 100   0   0   0|   0     0 |   0     0 |   0     0 |  25    45 |08-12 17:44:22
  4   1  95   0   0   1|   0     0 |6082B 6010B|   0     0 |  51   131 |08-12 17:44:23
  0   0 100   0   0   0|   0     0 | 352B 2484B|   0     0 |  36    61 |08-12 17:44:24
  0   1 100   0   0   0|   0     0 |   0     0 |   0     0 |  34    75 |08-12 17:44:25
  1   1  99   0   0   0|   0     0 |7839B 4939B|   0     0 |  60   156 |08-12 17:44:26
  7   5  88   0   0   0|   0     0 | 670k  246k|   0     0 | 264   840 |08-12 17:44:27
  2   3  90   1   0   4|   0    76k|7172k 2406k|   0     0 | 738  2885 |08-12 17:44:28
  4   3  90   0   0   4|   0    56k|7523k 2525k|   0     0 | 834  3077 |08-12 17:44:29
  7   3  87   0   0   2|   0  4096B|8402k 2826k|   0     0 | 756  3419 |08-12 17:44:30
  2   2  94   0   0   2|   0     0 |7698k 2586k|   0     0 | 629  3009 |08-12 17:44:31
  2   3  91   0   0   4|   0     0 |9777k 3287k|   0     0 |1205  3778 |08-12 17:44:32
  2   4  91   0   0   3|   0     0 |9196k 3084k|   0     0 | 554  3566 |08-12 17:44:33
  2   2  94   0   0   2|   0  8192B|9242k 3106k|   0     0 | 651  3552 |08-12 17:44:34
  4   5  89   0   0   3|   0     0 |9354k 3140k|   0     0 | 985  3453 |08-12 17:44:35
  2   3  91   0   0   4|   0     0 |8932k 2999k|   0     0 |1202  3485 |08-12 17:44:36
  3   2  92   0   0   3|   0     0 |8184k 2753k|   0     0 | 489  3228 |08-12 17:44:37
  2   2  94   0   0   2|   0     0 |9778k 3287k|   0     0 |1184  3787 |08-12 17:44:38
  2   5  91   0   0   2|   0  8192B|  10M 3356k|   0     0 |1403  3845 |08-12 17:44:39
  3   4  91   0   0   3|   0     0 |8416k 2828k|   0     0 | 915  3300 |08-12 17:44:40
  2   3  92   0   0   3|   0     0 |8163k 2741k|   0     0 | 767  3165 |08-12 17:44:41
  3   3  92   0   0   3|   0     0 |9221k 3095k|   0     0 |1100  3438 |08-12 17:44:42
  1   4  92   0   0   3|   0     0 |9208k 3087k|   0     0 | 954  3442 |08-12 17:44:43
  2   3  92   0   0   3|   0  4096B|9849k 3310k|   0     0 | 738  3757 |08-12 17:44:44
  2   6  88   0   0   4|   0     0 |9798k 3290k|   0     0 | 885  3703 |08-12 17:44:45
  2   4  92   0   0   2|   0     0 |9289k 3128k|   0     0 | 775  3570 |08-12 17:44:46
  2   3  94   0   0   2|   0     0 |  10M 3393k|   0     0 | 876  3715 |08-12 17:44:47
  2   4  90   0   0   4|   0     0 |9916k 3331k|   0     0 |1223  3734 |08-12 17:44:48
  2   4  91   0   0   3|   0     0 |8785k 2947k|   0     0 | 956  3239 |08-12 17:44:49
  3   4  90   0   0   3|   0     0 |8633k 2899k|   0     0 | 740  3318 |08-12 17:44:50
  4   3  91   0   0   3|   0     0 |8983k 3017k|   0     0 | 710  3428 |08-12 17:44:51
  4   3  91   0   0   3|   0     0 |  10M 3392k|   0     0 | 866  3873 |08-12 17:44:52
  2   4  89   0   0   6|   0     0 |9849k 3310k|   0     0 |1194  3795 |08-12 17:44:53
  3   3  92   0   0   2|   0     0 |9982k 3352k|   0     0 | 807  3888 |08-12 17:44:54
  3   3  92   0   0   3|   0     0 |9938k 3342k|   0     0 |1049  3706 |08-12 17:44:55
  3   4  90   0   0   4|   0     0 |9298k 3122k|   0     0 |1135  3534 |08-12 17:44:56
  4   4  92   0   0   1|   0     0 |  10M 3398k|   0     0 | 866  3798 |08-12 17:44:57
  3   4  88   1   0   3|   0    68k|9481k 3186k|   0     0 |1035  3540 |08-12 17:44:58
  3   5  91   0   0   2|   0    16k|9554k 3211k|   0     0 |1130  3654 |08-12 17:44:59
  3   5  90   0   0   2|   0     0 |9995k 3365k|   0     0 |1138  3900 |08-12 17:45:00
  4   4  90   0   0   2|   0     0 |9080k 3044k|   0     0 | 893  3458 |08-12 17:45:01
  3   3  91   0   0   4|   0     0 |  10M 3416k|   0     0 |1375  3859 |08-12 17:45:02
  3   4  89   0   0   4|   0     0 |9264k 3108k|   0     0 | 856  3519 |08-12 17:45:03
  2   2  93   0   0   3|   0     0 |9655k 3248k|   0     0 | 876  3679 |08-12 17:45:04
  2   5  90   0   0   4|   0  8192B|9411k 3159k|   0     0 | 994  3538 |08-12 17:45:05
  2   4  88   0   0   6|   0     0 |9596k 3224k|   0     0 |1002  3689 |08-12 17:45:06
  3   4  90   0   0   4|   0     0 |9502k 3193k|   0     0 | 983  3541 |08-12 17:45:07
  2   6  90   0   0   3|   0     0 |  11M 3655k|   0     0 |1005  4145 |08-12 17:45:08
  3   5  88   0   0   4|   0     0 |  10M 3425k|   0     0 |1055  3899 |08-12 17:45:09
  2   4  91   0   0   4|   0    24k|9682k 3256k|   0     0 | 867  3697 |08-12 17:45:10
  3   3  91   0   0   4|   0     0 |9605k 3223k|   0     0 |1002  3606 |08-12 17:45:11
  3   3  91   0   0   3|   0     0 |  10M 3537k|   0     0 |1317  4051 |08-12 17:45:12
  2   5  90   0   0   4|   0     0 |9468k 3189k|   0     0 |1070  3554 |08-12 17:45:13
  2   2  93   0   0   4|   0     0 |9849k 3307k|   0     0 |1192  3723 |08-12 17:45:14
  3   6  88   0   0   3|   0     0 |9470k 3185k|   0     0 |1235  3681 |08-12 17:45:15
  3   3  92   0   0   3|   0     0 |9400k 3158k|   0     0 |1350  3666 |08-12 17:45:16
  3   4  91   0   0   3|   0     0 |  10M 3467k|   0     0 |1058  3849 |08-12 17:45:17
  4   3  90   0   0   3|   0     0 |9165k 3083k|   0     0 | 931  3517 |08-12 17:45:18
  2   3  93   0   0   2|   0     0 |9473k 3182k|   0     0 |1023  3625 |08-12 17:45:19
  4   4  90   0   0   2|   0     0 |9801k 3297k|   0     0 | 705  3763 |08-12 17:45:20
  3   4  91   0   0   3|   0     0 |9431k 3167k|   0     0 | 941  3557 |08-12 17:45:21
  3   3  93   0   0   2|   0     0 |9784k 3278k|   0     0 |1164  3727 |08-12 17:45:22
  6   6  85   0   0   3|   0     0 |9374k 3159k|   0     0 |1082  3595 |08-12 17:45:23
  4   3  91   0   0   3|   0     0 |9546k 3198k|   0     0 | 730  3557 |08-12 17:45:24
  3   4  91   0   0   3|   0     0 |9158k 3084k|   0     0 | 787  3406 |08-12 17:45:25
  2   3  93   0   0   3|   0     0 |9157k 3075k|   0     0 |1071  3474 |08-12 17:45:26
  1   3  95   0   0   2|   0  8192B|5565k 1869k|   0     0 | 464  2276 |08-12 17:45:27
  0   0 100   0   0   0|   0     0 | 300B  522B|   0     0 |  31    83 |08-12 17:45:28
  4   1  94   2   0   0|   0    76k| 836B 3370B|   0     0 |  54   132 |08-12 17:45:29
  1   0  98   0   0   0|   0    56k|5774B 5274B|   0     0 |  46   125 |08-12 17:45:30
  0   0 100   0   0   0|   0     0 |   0     0 |   0     0 |  29    66 |08-12 17:45:31
  0   0 100   0   0   0|   0     0 |   0     0 |   0     0 |  24    43 |08-12 17:45:32
  1   0  99   0   0   0|   0     0 |5422B 2782B|   0     0 |  30    63 |08-12 17:45:33
 10   4  87   0   0   0|   0     0 |5275B 4785B|   0     0 | 234   707 |08-12 17:45:34
  0   0 100   0   0   0|   0     0 |   0     0 |   0     0 |  35    87 |08-12 17:45:35
  0   1 100   0   0   0|   0     0 |5758B 3026B|   0     0 |  38    80 |08-12 17:45:36
  0   0 100   0   0   0|   0     0 | 366B  624B|   0     0 |  43    92 |08-12 17:45:37
  0   0 100   0   0   0|   0     0 |   0     0 |   0     0 |  22    32 |08-12 17:45:38
  1   0 100   0   0   0|   0     0 |5844B 3494B|   0     0 |  24    72 |08-12 17:45:39
  0   1 100   0   0   0|   0  4096B|   0     0 |   0     0 |  36    88 |08-12 17:45:40
  0   0 100   0   0   0|   0     0 |   0     0 |   0     0 |  28    60 |08-12 17:45:41
  0   0 100   0   0   0|   0     0 |5422B 2782B|   0     0 |  28    69 |08-12 17:45:42
  0   0 100   0   0   0|   0     0 |   0     0 |   0     0 |  25    50 |08-12 17:45:43
  0   0 100   0   0   0|   0     0 |   0     0 |   0     0 |  23    37 |08-12 17:45:44
  1   1  99   0   0   0|   0     0 |5422B 2782B|   0     0 |  40   108 |08-12 17:45:45
  0   0 100   0   0   0|   0     0 |   0     0 |   0     0 |  26    45 |08-12 17:45:46
  1   1  99   0   0   0|   0     0 |1961B 1851B|   0     0 |  37    84 |08-12 17:45:47
  8   4  87   0   0   1|   0     0 |1623k  561k|   0     0 | 279  1201 |08-12 17:45:48
  2   2  94   0   0   3|   0     0 |7401k 2487k|   0     0 | 845  2808 |08-12 17:45:49
  1   2  94   0   0   3|   0     0 |8246k 2770k|   0     0 | 832  3222 |08-12 17:45:50
  2   5  90   0   0   4|   0     0 |8626k 2899k|   0     0 | 972  3438 |08-12 17:45:51
  2   3  91   0   0   4|   0     0 |8607k 2891k|   0     0 | 873  3416 |08-12 17:45:52
  3   5  90   0   0   2|   0     0 |9900k 3329k|   0     0 |1216  3751 |08-12 17:45:53
  3   3  90   0   0   5|   0     0 |9841k 3310k|   0     0 |1078  3891 |08-12 17:45:54
  3   4  91   0   0   2|   0     0 |  10M 3463k|   0     0 |1197  3989 |08-12 17:45:55
  3   4  91   0   0   3|   0     0 |9081k 3055k|   0     0 | 779  3492 |08-12 17:45:56
  3   4  91   0   0   2|   0     0 |8050k 2705k|   0     0 | 931  3063 |08-12 17:45:57
  1   3  93   0   0   3|   0     0 |7724k 2592k|   0     0 | 871  2938 |08-12 17:45:58
  3   3  90   0   0   4|   0     0 |8582k 2885k|   0     0 |1045  3400 |08-12 17:45:59
  2   3  90   3   0   2|   0    68k|8318k 2797k|   0     0 |1002  3377 |08-12 17:46:00
  1   3  94   0   0   2|   0  4096B|8683k 2917k|   0     0 |1082  3356 |08-12 17:46:01
  3   4  91   0   0   3|   0     0 |8158k 2739k|   0     0 | 761  3040 |08-12 17:46:02
  3   3  92   0   0   2|   0     0 |8778k 2952k|   0     0 | 566  3518 |08-12 17:46:03
  2   3  92   0   0   4|   0     0 |9733k 3268k|   0     0 |1189  3535 |08-12 17:46:04
  3   5  90   0   0   3|   0     0 |9656k 3244k|   0     0 |1114  3650 |08-12 17:46:05
  3   4  91   0   0   3|   0  4096B|9644k 3239k|   0     0 |1176  3620 |08-12 17:46:06
  3   5  89   0   0   3|   0     0 |9610k 3225k|   0     0 | 935  3633 |08-12 17:46:07
  3   3  92   0   0   3|   0     0 |  10M 3465k|   0     0 |1184  3853 |08-12 17:46:08
  2   3  93   0   0   2|   0     0 |9872k 3312k|   0     0 | 657  3720 |08-12 17:46:09
  2   3  93   0   0   3|   0     0 |9367k 3148k|   0     0 |1147  3583 |08-12 17:46:10
  2   4  92   0   0   3|   0    32k|9336k 3141k|   0     0 |1112  3568 |08-12 17:46:11
  3   2  93   0   0   3|   0     0 |9695k 3254k|   0     0 | 666  3633 |08-12 17:46:12
  3   3  91   0   0   4|   0     0 |9124k 3069k|   0     0 | 998  3339 |08-12 17:46:13
  1   2  93   0   0   4|   0     0 |9656k 3240k|   0     0 | 742  3651 |08-12 17:46:14
  1   6  91   0   0   2|   0     0 |  10M 3397k|   0     0 |1201  3869 |08-12 17:46:15
  4   2  93   0   0   2|   0     0 |9132k 3066k|   0     0 |1093  3463 |08-12 17:46:16
  2   4  90   0   0   4|   0     0 |8931k 2999k|   0     0 |1075  3393 |08-12 17:46:17
  3   4  91   0   0   3|   0     0 |9288k 3130k|   0     0 |1170  3559 |08-12 17:46:18
  3   4  91   0   0   2|   0     0 |  10M 3362k|   0     0 | 732  3677 |08-12 17:46:19
  2   4  91   0   0   3|   0     0 |9592k 3223k|   0     0 | 906  3636 |08-12 17:46:20
  3   4  88   0   0   4|   0    16k|9746k 3270k|   0     0 |1109  3712 |08-12 17:46:21
  2   4  92   0   0   3|   0     0 |9316k 3136k|   0     0 |1224  3557 |08-12 17:46:22
  3   3  92   0   0   3|   0     0 |9951k 3347k|   0     0 | 699  3896 |08-12 17:46:23
  2   3  94   0   0   2|   0     0 |  10M 3388k|   0     0 | 772  3862 |08-12 17:46:24
  4   4  89   0   0   3|   0     0 |9879k 3317k|   0     0 |1304  3845 |08-12 17:46:25
  2   4  92   0   0   3|   0     0 |9052k 3044k|   0     0 |1028  3407 |08-12 17:46:26
  2   5  89   0   0   3|   0     0 |9207k 3092k|   0     0 |1159  3468 |08-12 17:46:27
  2   4  93   0   0   2|   0     0 |9047k 3041k|   0     0 | 836  3392 |08-12 17:46:28
  1   3  94   0   0   3|   0     0 |9682k 3249k|   0     0 | 740  3682 |08-12 17:46:29
  2   4  91   1   0   3|   0    56k|9029k 3038k|   0     0 |1038  3514 |08-12 17:46:30
  3   4  88   0   0   4|   0     0 |9278k 3118k|   0     0 | 712  3543 |08-12 17:46:31
  3   3  92   0   0   2|   0    60k|9554k 3210k|   0     0 | 807  3613 |08-12 17:46:32
  3   4  90   0   0   4|   0     0 |9336k 3136k|   0     0 | 846  3518 |08-12 17:46:33
  3   3  91   0   0   4|   0     0 |9521k 3203k|   0     0 | 765  3632 |08-12 17:46:34
  3   4  91   0   0   3|   0     0 |8786k 2951k|   0     0 |1008  3377 |08-12 17:46:35
  2   3  91   0   0   4|   0     0 |9400k 3158k|   0     0 | 788  3592 |08-12 17:46:36
  4   4  91   0   0   2|   0     0 |9726k 3271k|   0     0 |1096  3664 |08-12 17:46:37
  4   4  90   0   0   2|   0     0 |9682k 3257k|   0     0 |1291  3803 |08-12 17:46:38
  2   4  91   0   0   3|   0     0 |  10M 3597k|   0     0 |1356  4259 |08-12 17:46:39
  2   3  93   0   0   3|   0     0 |9957k 3348k|   0     0 | 921  3886 |08-12 17:46:40
  2   3  92   0   0   3|   0     0 |9221k 3098k|   0     0 | 981  3492 |08-12 17:46:41
  3   4  91   0   0   3|   0  8192B|  10M 3418k|   0     0 | 959  3867 |08-12 17:46:42
  3   2  92   0   0   4|   0     0 |9161k 3084k|   0     0 | 934  3498 |08-12 17:46:43
  2   3  91   0   0   4|   0     0 |9970k 3350k|   0     0 |1292  3818 |08-12 17:46:44
  5   5  89   0   0   3|   0     0 |9980k 3352k|   0     0 | 848  3930 |08-12 17:46:45
  3   4  91   0   0   3|   0     0 |8714k 2932k|   0     0 | 976  3295 |08-12 17:46:46
  3   4  89   0   0   4|   0     0 |9490k 3189k|   0     0 |1247  3654 |08-12 17:46:47
  2   2  94   0   0   2|   0    16k|4637k 1556k|   0     0 | 508  2008 |08-12 17:46:48
  1   0 100   0   0   0|   0     0 |5422B 2782B|   0     0 |  25    61 |08-12 17:46:49
  1   0 100   0   0   0|   0     0 |   0     0 |   0     0 |  35    72 |08-12 17:46:50
  0   0 100   0   0   0|   0     0 |   0     0 |   0     0 |  23    46 |08-12 17:46:51
  1   0 100   0   0   0|   0     0 |5422B 2782B|   0     0 |  27    74 |08-12 17:46:52
  0   0 100   0   0   0|   0     0 |   0     0 |   0     0 |  23    35 |08-12 17:46:53
  0   0 100   0   0   0|   0     0 | 132B  132B|   0     0 |  23    39 |08-12 17:46:54
  9   4  87   0   0   0|   0     0 |  10k 7435B|   0     0 | 233   772 |08-12 17:46:55
  0   0 100   0   0   0|   0     0 |   0     0 |   0     0 |  23    47 |08-12 17:46:56
  0   0 100   0   0   0|   0     0 |   0     0 |   0     0 |  23    48 |08-12 17:46:57
  0   0 100   0   0   0|   0     0 |5422B 2782B|   0     0 |  30    59 |08-12 17:46:58
  0   0 100   0   0   0|   0     0 |   0     0 |   0     0 |  19    34 |08-12 17:46:59
  0   1 100   0   0   0|   0     0 |   0     0 |   0     0 |  30    69 |08-12 17:47:00
  0   0  94   7   0   0|   0    40k|2588B  940B|   0     0 |  24    70 |08-12 17:47:01
  1   0 100   0   0   0|   0     0 |2834B 1842B|   0     0 |  25    67 |08-12 17:47:02
  0   0 100   0   0   0|   0     0 |   0     0 |   0     0 |  23    38 |08-12 17:47:03
  0   0 100   0   0   0|   0     0 |   0     0 |   0     0 |  25    45 |08-12 17:47:04
  1   1  99   0   0   0|   0     0 |5422B 2782B|   0     0 |  31    91 |08-12 17:47:05
  0   0 100   0   0   0|   0     0 |   0     0 |   0     0 |  18    24 |08-12 17:47:06
  0   0 100   0   0   0|   0     0 |   0     0 |   0     0 |  21    52 |08-12 17:47:07
  5   2  93   0   0   0|   0     0 |9043B 5543B|   0     0 | 135   389 |08-12 17:47:08
  6   4  89   0   0   1|   0     0 |3447k 1177k|   0     0 | 107  1620 |08-12 17:47:09
  3   2  93   0   0   2|   0     0 |7029k 2360k|   0     0 |1139  2802 |08-12 17:47:10
  1   5  89   0   0   4|   0     0 |8546k 2869k|   0     0 |1340  3267 |08-12 17:47:11
  2   2  94   0   0   3|   0     0 |8104k 2721k|   0     0 | 723  3237 |08-12 17:47:12
  3   5  90   0   0   3|   0  4096B|8596k 2890k|   0     0 |1170  3229 |08-12 17:47:13
  3   3  91   0   0   3|   0     0 |9431k 3170k|   0     0 | 744  3636 |08-12 17:47:14
  3   4  91   0   0   2|   0     0 |9580k 3216k|   0     0 | 562  3756 |08-12 17:47:15
  1   3  93   0   0   3|   0     0 |9478k 3188k|   0     0 | 961  3638 |08-12 17:47:16
  3   3  93   0   0   2|   0     0 |9060k 3046k|   0     0 | 779  3460 |08-12 17:47:17
  8   5  85   0   0   3|   0     0 |8123k 2738k|   0     0 |1028  3198 |08-12 17:47:18
  2   3  91   0   0   4|   0     0 |7941k 2669k|   0     0 |1264  2977 |08-12 17:47:19
  3   5  92   0   0   1|   0     0 |8036k 2699k|   0     0 |1216  3032 |08-12 17:47:20
  2   3  91   0   0   4|   0     0 |9042k 3038k|   0     0 |1412  3479 |08-12 17:47:21
  2   4  91   0   0   3|   0     0 |9107k 3061k|   0     0 |1471  3452 |08-12 17:47:22
  3   4  90   0   0   3|   0  4096B|9393k 3151k|   0     0 |1282  3494 |08-12 17:47:23
  3   5  90   0   0   3|   0     0 |  10M 3385k|   0     0 |1807  3870 |08-12 17:47:24
  3   5  89   0   0   4|   0     0 |9618k 3232k|   0     0 |1750  3797 |08-12 17:47:25
  2   4  92   0   0   2|   0     0 |8560k 2881k|   0     0 |1244  3259 |08-12 17:47:26
  3   4  90   0   0   3|   0     0 |8670k 2914k|   0     0 |1570  3385 |08-12 17:47:27
  2   4  90   0   0   5|   0  4096B|8850k 2974k|   0     0 |1539  3400 |08-12 17:47:28
  3   4  92   0   0   2|   0     0 |9672k 3246k|   0     0 | 339  3764 |08-12 17:47:29
  2   4  91   0   0   4|   0     0 |9219k 3102k|   0     0 | 544  3512 |08-12 17:47:30
  2   3  91   0   0   5|   0     0 |8722k 2929k|   0     0 | 852  3375 |08-12 17:47:31
  3   4  88   1   0   4|   0    64k|9636k 3238k|   0     0 |1143  3598 |08-12 17:47:32
  3   4  90   0   0   3|   0    52k|8888k 2987k|   0     0 | 990  3372 |08-12 17:47:33
  2   5  90   0   0   4|   0     0 |9016k 3030k|   0     0 |1205  3399 |08-12 17:47:34
  4   6  87   0   0   4|   0     0 |9546k 3207k|   0     0 |1057  3648 |08-12 17:47:35
  2   4  91   0   0   4|   0     0 |9413k 3166k|   0     0 |1157  3682 |08-12 17:47:36
  2   4  92   0   0   3|   0     0 |9554k 3213k|   0     0 |1377  3729 |08-12 17:47:37
  2   4  91   0   0   3|   0    48k|9611k 3228k|   0     0 |1574  3743 |08-12 17:47:38
  3   4  92   0   0   2|   0     0 |  10M 3486k|   0     0 |1357  3950 |08-12 17:47:39
  3   3  91   0   0   3|   0     0 |  10M 3446k|   0     0 | 757  3771 |08-12 17:47:40
  3   4  90   0   0   3|   0     0 |9841k 3312k|   0     0 | 992  3718 |08-12 17:47:41
  2   3  93   0   0   2|   0     0 |9579k 3214k|   0     0 |1654  3623 |08-12 17:47:42
  4   4  90   0   0   3|   0     0 |9759k 3282k|   0     0 |1530  3658 |08-12 17:47:43
  3   3  91   0   0   3|   0     0 |9892k 3317k|   0     0 |1587  3799 |08-12 17:47:44
  3   5  90   0   0   3|   0     0 |9042k 3041k|   0     0 |1336  3456 |08-12 17:47:45
  2   3  94   0   0   2|   0     0 |9054k 3046k|   0     0 |1511  3490 |08-12 17:47:46
  3   5  90   0   0   3|   0     0 |9442k 3172k|   0     0 |1113  3586 |08-12 17:47:47
  3   4  91   0   0   3|   0     0 |9476k 3180k|   0     0 |1149  3611 |08-12 17:47:48
  3   4  90   0   0   3|   0     0 |9643k 3246k|   0     0 |1368  3620 |08-12 17:47:49
  2   5  90   0   0   4|   0     0 |9392k 3146k|   0     0 |1561  3508 |08-12 17:47:50
  3   4  89   0   0   4|   0     0 |9157k 3080k|   0     0 |1471  3464 |08-12 17:47:51
  3   3  91   0   0   3|   0     0 |9951k 3342k|   0     0 |1532  3689 |08-12 17:47:52
  2   5  89   0   0   5|   0     0 |9956k 3350k|   0     0 |1325  3766 |08-12 17:47:53
  3   5  90   0   0   2|   0     0 |9362k 3140k|   0     0 |1171  3434 |08-12 17:47:54
  3   3  89   0   0   5|   0     0 |  10M 3527k|   0     0 |1133  4001 |08-12 17:47:55
  5   4  87   0   0   4|   0     0 |9431k 3165k|   0     0 |1207  3734 |08-12 17:47:56
  3   5  90   0   0   4|   0     0 |9900k 3332k|   0     0 | 823  3837 |08-12 17:47:57
  2   4  91   0   0   3|   0     0 |9310k 3129k|   0     0 |1449  3522 |08-12 17:47:58
  2   3  92   0   0   3|   0     0 |9265k 3114k|   0     0 |1382  3506 |08-12 17:47:59
  2   4  92   0   0   3|   0     0 |9644k 3242k|   0     0 |1335  3678 |08-12 17:48:00
  3   5  90   0   0   3|   0     0 |9375k 3150k|   0     0 |1489  3553 |08-12 17:48:01
  3   4  90   1   0   3|   0    32k|9585k 3223k|   0     0 | 943  3710 |08-12 17:48:02
  2   4  90   0   0   4|   0     0 |9246k 3102k|   0     0 |1425  3549 |08-12 17:48:03
  3   3  90   0   0   4|   0     0 |9433k 3169k|   0     0 |1339  3480 |08-12 17:48:04
  2   6  90   0   0   3|   0     0 |8960k 3012k|   0     0 |1520  3256 |08-12 17:48:05
  2   4  89   0   0   4|   0     0 |9309k 3124k|   0     0 |1353  3625 |08-12 17:48:06
  2   4  90   0   0   4|   0     0 |9541k 3203k|   0     0 |1615  3484 |08-12 17:48:07
  3   4  89   0   0   4|   0     0 |9559k 3219k|   0     0 |1148  3618 |08-12 17:48:08
  1   0  99   0   0   0|   0    24k|2548k  848k|   0     0 | 464   968 |08-12 17:48:09
  1   0  99   0   0   0|   0     0 | 558B  586B|   0     0 |  58   228 |08-12 17:48:10
  1   1  98   0   0   0|   0     0 |5422B 2782B|   0     0 |  42   124 |08-12 17:48:11
  0   0 100   0   0   0|   0     0 |   0     0 |   0     0 |  23    38 |08-12 17:48:12
  0   0 100   0   0   0|   0     0 |   0     0 |   0     0 |  25    40 |08-12 17:48:13
  0   0 100   0   0   0|   0     0 |5422B 2782B|   0     0 |  27    68 |08-12 17:48:14
  1   0  99   0   0   0|   0     0 |2419B 2335B|   0     0 |  39   100 |08-12 17:48:15
  7   5  88   0   0   0|   0     0 |2856B 2450B|   0     0 | 217   670 |08-12 17:48:16
  1   0 100   0   0   0|   0     0 |5422B 2782B|   0     0 |  28    69 |08-12 17:48:17
  1   1  99   0   0   0|   0     0 |2779B 5756B|   0     0 |  50   135 |08-12 17:48:18
  0   0 100   0   0   0|   0     0 |   0     0 |   0     0 |  25    45 |08-12 17:48:19
  0   0 100   0   0   0|   0     0 |   0     0 |   0     0 |  26    53 |08-12 17:48:20
  1   0  99   0   0   0|   0     0 |5422B 2782B|   0     0 |  34   106 |08-12 17:48:21
  0   0 100   0   0   0|   0     0 |   0     0 |   0     0 |  25    43 |08-12 17:48:22
  0   0 100   0   0   0|   0     0 |   0     0 |   0     0 |  23    39 |08-12 17:48:23
  1   0  99   0   0   0|   0     0 |5422B 2782B|   0     0 |  25    76 |08-12 17:48:24
  0   0 100   0   0   0|   0     0 |   0     0 |   0     0 |  26    51 |08-12 17:48:25
  0   1  99   0   0   0|   0     0 |   0     0 |   0     0 |  37    97 |08-12 17:48:26
  0   0 100   0   0   0|   0     0 |5422B 2782B|   0     0 |  26    78 |08-12 17:48:27
  0   0 100   0   0   0|   0     0 |   0     0 |   0     0 |  25    56 |08-12 17:48:28
  9   5  86   0   0   0|   0     0 |5673B   21k|   0     0 | 211   576 |08-12 17:48:29
  2   2  95   0   0   2|   0    32k|8587k 1465k|   0     0 | 388  1807 |08-12 17:48:30
  2   4  92   0   0   3|   0     0 |  12M 2124k|   0     0 |1046  2377 |08-12 17:48:31
  2   2  94   2   0   1|   0    68k|  12M 2043k|   0     0 | 535  2201 |08-12 17:48:32
  3   2  93   1   0   2|   0  4096B|  12M 2085k|   0     0 | 765  2223 |08-12 17:48:33
  2   5  92   0   0   3|   0     0 |  12M 2096k|   0     0 | 956  2305 |08-12 17:48:34
  1   3  94   0   0   2|   0     0 |  12M 2028k|   0     0 | 639  2201 |08-12 17:48:35
  2   2  94   0   0   2|   0     0 |  12M 2071k|   0     0 | 882  2280 |08-12 17:48:36
  2   2  95   0   0   2|   0     0 |  11M 1914k|   0     0 | 441  2092 |08-12 17:48:37
  2   3  93   0   0   2|   0     0 |  12M 2098k|   0     0 | 832  2291 |08-12 17:48:38
  3   3  93   0   0   2|   0     0 |  13M 2195k|   0     0 |1061  2325 |08-12 17:48:39
  2   3  92   0   0   3|   0     0 |  13M 2233k|   0     0 |1110  2433 |08-12 17:48:40
  2   2  92   0   0   3|   0     0 |  11M 1897k|   0     0 | 916  2112 |08-12 17:48:41
  3   2  95   0   0   1|   0     0 |  11M 1933k|   0     0 | 974  2134 |08-12 17:48:42
  2   3  93   0   0   2|   0     0 |  12M 2071k|   0     0 | 987  2201 |08-12 17:48:43
  2   4  93   0   0   2|   0     0 |  12M 2075k|   0     0 | 395  2254 |08-12 17:48:44
  1   2  95   0   0   2|   0     0 |  12M 2182k|   0     0 | 666  2385 |08-12 17:48:45
  2   3  93   0   0   2|   0     0 |  12M 2059k|   0     0 | 666  2257 |08-12 17:48:46
  2   2  93   0   0   3|   0     0 |  12M 2048k|   0     0 | 749  2224 |08-12 17:48:47
  3   2  93   0   0   3|   0     0 |  12M 2047k|   0     0 | 481  2159 |08-12 17:48:48
  2   2  93   0   0   3|   0     0 |  11M 1991k|   0     0 | 723  2159 |08-12 17:48:49
  2   1  95   0   0   3|   0     0 |  12M 2095k|   0     0 | 912  2189 |08-12 17:48:50
  2   3  93   0   0   3|   0     0 |  12M 2066k|   0     0 | 953  2237 |08-12 17:48:51
  1   3  95   0   0   2|   0     0 |  12M 2068k|   0     0 | 721  2251 |08-12 17:48:52
  3   3  91   0   0   3|   0     0 |  12M 2118k|   0     0 | 342  2288 |08-12 17:48:53
  2   4  92   0   0   2|   0     0 |  12M 2123k|   0     0 | 993  2364 |08-12 17:48:54
  3   2  93   0   0   3|   0     0 |  12M 2090k|   0     0 | 917  2241 |08-12 17:48:55
  3   3  91   0   0   3|   0     0 |  12M 2131k|   0     0 | 952  2247 |08-12 17:48:56
  2   2  94   0   0   2|   0     0 |  12M 2080k|   0     0 | 684  2316 |08-12 17:48:57
  2   1  96   0   0   2|   0     0 |  12M 2080k|   0     0 | 754  2307 |08-12 17:48:58
  1   2  95   0   0   2|   0     0 |  12M 2069k|   0     0 | 904  2207 |08-12 17:48:59
  2   4  92   0   0   2|   0     0 |  12M 2174k|   0     0 | 816  2403 |08-12 17:49:00
  2   3  94   0   0   1|   0    24k|  12M 2069k|   0     0 | 970  2272 |08-12 17:49:01
  1   2  94   2   0   2|   0    28k|  11M 1957k|   0     0 | 927  2167 |08-12 17:49:02
  2   3  93   1   0   3|   0  4096B|  12M 2126k|   0     0 | 999  2399 |08-12 17:49:03
  2   2  94   0   0   3|   0     0 |  12M 2039k|   0     0 | 947  2221 |08-12 17:49:04
  3   2  93   0   0   2|   0     0 |  12M 2065k|   0     0 | 459  2253 |08-12 17:49:05
  3   4  91   0   0   2|   0    52k|  12M 2061k|   0     0 | 574  2307 |08-12 17:49:06
  1   2  95   0   0   2|   0     0 |  12M 2001k|   0     0 | 422  2181 |08-12 17:49:07
  2   3  93   0   0   2|   0     0 |  12M 2041k|   0     0 | 889  2241 |08-12 17:49:08
  3   2  92   0   0   3|   0     0 |  12M 2125k|   0     0 | 580  2283 |08-12 17:49:09
  2   4  92   0   0   3|   0     0 |  12M 2061k|   0     0 | 918  2146 |08-12 17:49:10
  2   4  93   0   0   2|   0     0 |  12M 2056k|   0     0 | 564  2228 |08-12 17:49:11
  2   2  93   0   0   3|   0     0 |  12M 2048k|   0     0 | 686  2217 |08-12 17:49:12
  2   4  92   0   0   3|   0     0 |  12M 2069k|   0     0 | 861  2267 |08-12 17:49:13
  2   4  93   0   0   1|   0     0 |  12M 2045k|   0     0 | 401  2215 |08-12 17:49:14
  2   3  94   0   0   1|   0     0 |  12M 2082k|   0     0 | 275  2315 |08-12 17:49:15
  2   3  92   0   0   3|   0     0 |  12M 2063k|   0     0 | 936  2276 |08-12 17:49:16
  1   3  94   0   0   3|   0     0 |  12M 2044k|   0     0 | 717  2189 |08-12 17:49:17
  3   4  92   0   0   2|   0     0 |  12M 2056k|   0     0 | 925  2264 |08-12 17:49:18
  1   2  95   0   0   3|   0     0 |  12M 2055k|   0     0 | 932  2166 |08-12 17:49:19
  2   3  93   0   0   2|   0     0 |  12M 2058k|   0     0 | 545  2269 |08-12 17:49:20
  2   3  94   0   0   1|   0     0 |  12M 2029k|   0     0 | 778  2210 |08-12 17:49:21
  2   3  94   0   0   2|   0     0 |  12M 2096k|   0     0 | 747  2226 |08-12 17:49:22
  3   2  92   0   0   3|   0     0 |  12M 2089k|   0     0 | 620  2258 |08-12 17:49:23
  1   3  94   0   0   3|   0     0 |  12M 2144k|   0     0 | 829  2368 |08-12 17:49:24
  2   3  91   0   0   3|   0     0 |  12M 2079k|   0     0 | 826  2256 |08-12 17:49:25
  2   4  92   0   0   2|   0     0 |  12M 2031k|   0     0 | 651  2169 |08-12 17:49:26
  1   2  96   0   0   1|   0     0 |  12M 2058k|   0     0 | 674  2238 |08-12 17:49:27
  2   4  93   0   0   2|   0     0 |  12M 2027k|   0     0 | 474  2165 |08-12 17:49:28
  2   4  93   0   0   2|   0    16k|  12M 2032k|   0     0 | 420  2241 |08-12 17:49:29
  1   1  99   0   0   0|   0     0 |5726B 2848B|   0     0 |  46   188 |08-12 17:49:30
  1   0  99   0   0   0|   0     0 | 254B   66B|   0     0 |  36   106 |08-12 17:49:31
  0   0 100   0   0   0|   0  4096B|   0     0 |   0     0 |  21    56 |08-12 17:49:32
  0   0  96   4   0   0|   0    52k|   0     0 |   0     0 |  23    59 |08-12 17:49:33
  1   0 100   0   0   0|   0     0 |5422B 2782B|   0     0 |  23    61 |08-12 17:49:34
  0   0 100   0   0   0|   0     0 |   0     0 |   0     0 |  23    37 |08-12 17:49:35
  7   3  90   0   0   0|   0     0 |3753B 2893B|   0     0 | 148   422 |08-12 17:49:36
  3   3  95   0   0   0|   0     0 |6944B 4674B|   0     0 | 111   401 |08-12 17:49:37
  0   0 100   0   0   0|   0     0 |   0     0 |   0     0 |  22    35 |08-12 17:49:38
  0   0 100   0   0   0|   0     0 |   0     0 |   0     0 |  24    38 |08-12 17:49:39
  1   0 100   0   0   0|   0     0 |5422B 2782B|   0     0 |  23    80 |08-12 17:49:40
  0   1  99   0   0   0|   0     0 |   0     0 |   0     0 |  31    79 |08-12 17:49:41
  0   0 100   0   0   0|   0     0 |   0     0 |   0     0 |  19    30 |08-12 17:49:42
  0   0 100   0   0   0|   0     0 |5844B 3494B|   0     0 |  27    81 |08-12 17:49:43
  0   0 100   0   0   0|   0     0 |   0     0 |   0     0 |  19    27 |08-12 17:49:44
  0   0 100   0   0   0|   0     0 |   0     0 |   0     0 |  18    22 |08-12 17:49:45
  1   1  99   0   0   0|   0     0 |5422B 2782B|   0     0 |  30   102 |08-12 17:49:46
  0   0 100   0   0   0|   0     0 |   0     0 |   0     0 |  19    34 |08-12 17:49:47
  0   0 100   0   0   0|   0     0 |   0     0 |   0     0 |  21    34 |08-12 17:49:48
  1   0  99   0   0   0|   0     0 |5422B 2782B|   0     0 |  25    74 |08-12 17:49:49
 11   4  86   0   0   0|   0     0 | 210k   58k|   0     0 | 203   680 |08-12 17:49:50
  2   2  94   0   0   2|   0     0 |  11M 1994k|   0     0 | 222  2400 |08-12 17:49:51
  2   2  95   0   0   2|   0     0 |  12M 2143k|   0     0 | 658  2405 |08-12 17:49:52
  3   3  93   0   0   2|   0     0 |  12M 2068k|   0     0 | 999  2313 |08-12 17:49:53
  1   2  96   0   0   2|   0     0 |  12M 2029k|   0     0 | 846  2224 |08-12 17:49:54
  2   2  94   0   0   2|   0     0 |  12M 2116k|   0     0 | 881  2380 |08-12 17:49:55
  3   3  91   0   0   4|   0     0 |  12M 2037k|   0     0 | 931  2323 |08-12 17:49:56
  1   1  94   0   0   4|   0     0 |  12M 2039k|   0     0 | 723  2228 |08-12 17:49:57
  2   3  94   0   0   2|   0     0 |  12M 2088k|   0     0 | 818  2319 |08-12 17:49:58
  2   2  93   0   0   4|   0     0 |  12M 2130k|   0     0 |1069  2411 |08-12 17:49:59
  2   3  90   0   0   4|   0     0 |  13M 2207k|   0     0 |1058  2432 |08-12 17:50:00
  3   2  93   0   0   2|   0     0 |  12M 2075k|   0     0 | 646  2331 |08-12 17:50:01
  2   3  94   0   0   2|   0     0 |  12M 2076k|   0     0 | 642  2218 |08-12 17:50:02
  1   4  92   0   0   2|   0    28k|  12M 2012k|   0     0 |1009  2187 |08-12 17:50:03
  2   2  94   1   0   1|   0    48k|  11M 1853k|   0     0 | 864  2075 |08-12 17:50:04
  2   4  92   0   0   2|   0     0 |  12M 2069k|   0     0 | 709  2238 |08-12 17:50:05
  2   3  93   0   0   2|   0     0 |  11M 1995k|   0     0 | 598  2218 |08-12 17:50:06
  2   4  92   0   0   3|   0     0 |  12M 2075k|   0     0 | 617  2184 |08-12 17:50:07
  2   3  92   0   0   3|   0  4096B|  12M 2140k|   0     0 | 715  2278 |08-12 17:50:08
  2   4  93   0   0   3|   0     0 |  12M 2037k|   0     0 | 793  2217 |08-12 17:50:09
  2   3  93   0   0   2|   0     0 |  12M 2041k|   0     0 | 958  2281 |08-12 17:50:10
  3   2  94   0   0   1|   0     0 |  12M 2061k|   0     0 | 353  2232 |08-12 17:50:11
  1   2  96   0   0   1|   0     0 |  11M 1989k|   0     0 | 520  2213 |08-12 17:50:12
  2   3  93   0   0   2|   0     0 |  12M 2020k|   0     0 | 886  2147 |08-12 17:50:13
  1   2  94   0   0   3|   0     0 |  12M 2084k|   0     0 | 971  2234 |08-12 17:50:14
  2   2  95   0   0   1|   0     0 |  12M 2063k|   0     0 | 963  2253 |08-12 17:50:15
  2   3  93   0   0   3|   0     0 |  12M 2045k|   0     0 | 970  2321 |08-12 17:50:16
  2   3  93   0   0   3|   0     0 |  12M 2110k|   0     0 | 454  2307 |08-12 17:50:17
  2   2  93   0   0   3|   0     0 |  12M 2086k|   0     0 | 959  2307 |08-12 17:50:18
  2   2  95   0   0   2|   0     0 |  12M 2016k|   0     0 | 883  2143 |08-12 17:50:19
  2   3  94   0   0   2|   0     0 |  12M 2066k|   0     0 | 962  2242 |08-12 17:50:20
  2   3  92   0   0   3|   0     0 |  12M 2071k|   0     0 | 362  2345 |08-12 17:50:21
  3   3  93   0   0   2|   0     0 |  12M 2101k|   0     0 | 638  2314 |08-12 17:50:22
  2   1  94   0   0   3|   0    16k|  12M 2126k|   0     0 | 918  2391 |08-12 17:50:23
  1   3  94   0   0   2|   0     0 |  12M 2059k|   0     0 | 879  2293 |08-12 17:50:24
  2   2  95   0   0   2|   0     0 |  12M 2133k|   0     0 | 497  2335 |08-12 17:50:25
  2   3  94   0   0   1|   0     0 |  12M 2105k|   0     0 | 770  2375 |08-12 17:50:26
  2   3  91   0   0   3|   0     0 |  12M 2115k|   0     0 |1044  2361 |08-12 17:50:27
  2   3  93   0   0   2|   0     0 |  12M 2072k|   0     0 | 987  2298 |08-12 17:50:28
  2   3  93   0   0   3|   0     0 |  12M 2113k|   0     0 | 446  2321 |08-12 17:50:29
  2   2  94   0   0   2|   0     0 |  12M 2075k|   0     0 | 131  2282 |08-12 17:50:30
  3   3  92   0   0   3|   0     0 |  12M 2036k|   0     0 | 417  2333 |08-12 17:50:31
  1   3  94   0   0   2|   0     0 |  12M 2161k|   0     0 | 638  2282 |08-12 17:50:32
  2   2  95   0   0   1|   0     0 |  12M 2083k|   0     0 | 224  2315 |08-12 17:50:33
  2   3  90   1   0   3|   0    48k|  12M 2020k|   0     0 | 245  2279 |08-12 17:50:34
  1   1  95   0   0   3|   0     0 |  12M 2090k|   0     0 | 576  2302 |08-12 17:50:35
  2   4  92   0   0   2|   0     0 |  12M 2030k|   0     0 | 942  2235 |08-12 17:50:36
  2   3  93   0   0   3|   0     0 |  12M 2056k|   0     0 |1000  2233 |08-12 17:50:37
  1   3  93   0   0   3|   0    40k|  12M 2088k|   0     0 | 768  2287 |08-12 17:50:38
  1   2  94   0   0   3|   0     0 |  12M 2080k|   0     0 |1042  2237 |08-12 17:50:39
  2   3  94   0   0   1|   0     0 |  12M 2014k|   0     0 | 506  2120 |08-12 17:50:40
  1   3  94   0   0   3|   0     0 |  12M 2122k|   0     0 | 300  2322 |08-12 17:50:41
  3   3  92   0   0   2|   0     0 |  12M 2092k|   0     0 | 368  2267 |08-12 17:50:42
  4   2  92   0   0   3|   0     0 |  12M 2040k|   0     0 | 863  2208 |08-12 17:50:43
  2   3  94   0   0   1|   0     0 |  12M 2070k|   0     0 | 254  2346 |08-12 17:50:44
  3   2  94   0   0   2|   0     0 |  12M 2116k|   0     0 | 596  2336 |08-12 17:50:45
  3   3  94   0   0   1|   0     0 |  12M 2025k|   0     0 | 662  2261 |08-12 17:50:46
  1   1  97   0   0   1|   0     0 |  12M 2122k|   0     0 | 478  2298 |08-12 17:50:47
  1   3  94   0   0   2|   0     0 |  12M 2057k|   0     0 | 968  2252 |08-12 17:50:48
  1   3  92   0   0   3|   0    20k|  11M 1975k|   0     0 | 643  2182 |08-12 17:50:49
  3   2  94   0   0   1|   0     0 |8743k 1489k|   0     0 | 706  1770 |08-12 17:50:50
  1   0  99   0   0   0|   0     0 |   0     0 |   0     0 |  36    88 |08-12 17:50:51
  0   0 100   0   0   0|   0     0 |   0     0 |   0     0 |  24    45 |08-12 17:50:52
  0   0 100   0   0   0|   0     0 |5422B 2782B|   0     0 |  24    70 |08-12 17:50:53
  0   0 100   0   0   0|   0     0 |   0     0 |   0     0 |  24    37 |08-12 17:50:54
  0   0 100   0   0   0|   0     0 | 570B  562B|   0     0 |  33    67 |08-12 17:50:55
  1   1  99   0   0   0|   0     0 |5590B 2924B|   0     0 |  49   149 |08-12 17:50:56
  0   0 100   0   0   0|   0     0 | 666B  858B|   0     0 |  37    88 |08-12 17:50:57
  1   0  99   0   0   0|   0     0 |2595B 2477B|   0     0 |  56   121 |08-12 17:50:58
  8   4  88   0   0   0|   0     0 |9180B 5814B|   0     0 | 232   755 |08-12 17:50:59
  0   0 100   0   0   0|   0     0 | 806B  518B|   0     0 |  44    91 |08-12 17:51:00
  5   1  95   0   0   0|   0     0 | 894B 3338B|   0     0 |  64   159 |08-12 17:51:01
  0   0 100   0   0   0|   0     0 |5422B 2782B|   0     0 |  28    71 |08-12 17:51:02
  0   0 100   0   0   0|   0     0 |   0     0 |   0     0 |  27    49 |08-12 17:51:03
  0   0 100   0   0   0|   0     0 | 352B 2492B|   0     0 |  33    60 |08-12 17:51:04
  1   1  98   2   0   0|   0    72k|5422B 2782B|   0     0 |  31    95 |08-12 17:51:05
  0   0 100   0   0   0|   0     0 |   0     0 |   0     0 |  38    74 |08-12 17:51:06
  0   0 100   0   0   0|   0     0 | 702B  868B|   0     0 |  46   118 |08-12 17:51:07
  1   1  99   0   0   0|   0     0 |6302B 3332B|   0     0 |  47   132 |08-12 17:51:08
  0   0 100   0   0   0|   0     0 |1056B  612B|   0     0 |  46    95 |08-12 17:51:09
  4   1  96   0   0   0|   0     0 |1172B 3652B|   0     0 |  63   158 |08-12 17:51:10
  1   0  99   0   0   0|   0     0 |5488B 2782B|   0     0 |  34   113 |08-12 17:51:11
  0   0 100   0   0   0|   0     0 |   0     0 |   0     0 |  24    31 |08-12 17:51:12
  7   3  90   0   0   0|   0     0 |3621B 2761B|   0     0 | 158   406 |08-12 17:51:13
  3   3  92   0   0   2|   0     0 |7087k 1230k|   0     0 | 487  1706 |08-12 17:51:14
  2   2  94   0   0   2|   0     0 |  12M 2099k|   0     0 | 761  2500 |08-12 17:51:15
  2   3  94   0   0   2|   0     0 |  12M 2105k|   0     0 | 632  2431 |08-12 17:51:16
  3   2  94   0   0   2|   0     0 |  12M 2033k|   0     0 | 714  2375 |08-12 17:51:17
  2   2  94   0   0   3|   0     0 |  12M 2065k|   0     0 | 458  2387 |08-12 17:51:18
  3   4  92   0   0   2|   0     0 |  12M 2105k|   0     0 | 713  2442 |08-12 17:51:19
  7   2  89   0   0   3|   0    16k|  11M 1984k|   0     0 | 670  2204 |08-12 17:51:20
  2   2  94   0   0   3|   0     0 |  12M 2085k|   0     0 | 573  2384 |08-12 17:51:21
  2   4  93   0   0   2|   0     0 |  12M 2056k|   0     0 | 763  2326 |08-12 17:51:22
  3   3  93   0   0   2|   0     0 |  12M 2146k|   0     0 | 689  2401 |08-12 17:51:23
  2   3  95   0   0   1|   0     0 |  12M 2150k|   0     0 | 514  2510 |08-12 17:51:24
  3   3  92   0   0   2|   0  4096B|  12M 2066k|   0     0 | 782  2395 |08-12 17:51:25
  2   4  93   0   0   2|   0     0 |  12M 2157k|   0     0 | 448  2430 |08-12 17:51:26
  2   3  94   0   0   2|   0     0 |  12M 2108k|   0     0 | 321  2310 |08-12 17:51:27
  2   3  94   0   0   2|   0     0 |  12M 2088k|   0     0 | 713  2309 |08-12 17:51:28
  6   4  88   0   0   2|   0     0 |  12M 2096k|   0     0 | 581  2453 |08-12 17:51:29
  1   1  96   0   0   2|   0  4096B|  12M 2071k|   0     0 | 594  2336 |08-12 17:51:30
  3   2  93   0   0   3|   0     0 |  12M 2082k|   0     0 | 576  2374 |08-12 17:51:31
  2   2  93   0   0   3|   0     0 |  12M 2067k|   0     0 | 541  2359 |08-12 17:51:32
  1   2  96   0   0   2|   0     0 |  12M 2158k|   0     0 | 388  2398 |08-12 17:51:33
  2   1  95   0   0   2|   0     0 |  12M 2063k|   0     0 | 535  2370 |08-12 17:51:34
  3   2  94   0   0   2|   0  4096B|  12M 2079k|   0     0 | 520  2298 |08-12 17:51:35
  2   4  84   8   0   3|   0    76k|  12M 2139k|   0     0 | 797  2487 |08-12 17:51:36
  2   3  93   0   0   3|   0     0 |  12M 2134k|   0     0 | 502  2501 |08-12 17:51:37
  3   2  92   0   0   3|   0     0 |  12M 2060k|   0     0 | 619  2354 |08-12 17:51:38
  2   2  93   0   0   3|   0     0 |  12M 2075k|   0     0 | 632  2376 |08-12 17:51:39
  2   2  94   0   0   2|   0     0 |  12M 2127k|   0     0 | 608  2438 |08-12 17:51:40
  3   3  91   0   0   3|   0     0 |  12M 2073k|   0     0 | 626  2371 |08-12 17:51:41
  2   1  94   0   0   3|   0     0 |  12M 2060k|   0     0 | 636  2324 |08-12 17:51:42
  1   2  96   0   0   2|   0     0 |  12M 2050k|   0     0 | 609  2345 |08-12 17:51:43
  2   3  91   0   0   3|   0     0 |  12M 2094k|   0     0 | 763  2402 |08-12 17:51:44
  6   5  87   0   0   2|4096B    0 |  12M 2037k|   0     0 | 726  2321 |08-12 17:51:45
  1   3  94   0   0   3|   0    16k|  12M 2083k|   0     0 | 677  2424 |08-12 17:51:46
  3   4  92   0   0   2|   0     0 |  12M 2111k|   0     0 | 796  2394 |08-12 17:51:47
  1   3  94   0   0   3|   0     0 |  12M 2076k|   0     0 | 594  2407 |08-12 17:51:48
  1   2  94   0   0   3|   0     0 |  12M 2159k|   0     0 | 697  2400 |08-12 17:51:49
  3   4  92   0   0   2|   0     0 |  12M 2074k|   0     0 | 680  2281 |08-12 17:51:50
  3   1  94   0   0   3|   0  4096B|  12M 2116k|   0     0 | 360  2357 |08-12 17:51:51
  1   2  95   0   0   2|   0     0 |  12M 2060k|   0     0 | 303  2271 |08-12 17:51:52
  2   3  93   0   0   2|   0     0 |  12M 2070k|   0     0 | 688  2345 |08-12 17:51:53
  2   3  93   0   0   2|   0     0 |  12M 2107k|   0     0 | 381  2404 |08-12 17:51:54
  2   2  94   0   0   2|   0     0 |  12M 2116k|   0     0 | 644  2442 |08-12 17:51:55
  2   4  91   0   0   3|   0     0 |  12M 2076k|   0     0 | 708  2306 |08-12 17:51:56
  6   3  88   0   0   3|   0     0 |  12M 2065k|   0     0 | 607  2327 |08-12 17:51:57
  2   2  94   0   0   2|   0     0 |  12M 2094k|   0     0 | 499  2367 |08-12 17:51:58
  3   3  92   0   0   3|   0     0 |  12M 2092k|   0     0 | 497  2405 |08-12 17:51:59
  3   2  94   0   0   2|   0     0 |  12M 2054k|   0     0 | 649  2276 |08-12 17:52:00
  1   3  94   0   0   2|   0     0 |  11M 2001k|   0     0 | 604  2219 |08-12 17:52:01
  2   2  93   0   0   3|   0     0 |  11M 1980k|   0     0 | 748  2136 |08-12 17:52:02
  3   2  93   0   0   2|   0     0 |  12M 2019k|   0     0 | 735  2331 |08-12 17:52:03
  2   3  93   0   0   3|   0     0 |  12M 2094k|   0     0 | 688  2311 |08-12 17:52:04
  2   3  93   0   0   2|   0     0 |  12M 2085k|   0     0 | 781  2300 |08-12 17:52:05
  3   3  91   2   0   2|   0   124k|  11M 1999k|   0     0 | 420  2245 |08-12 17:52:06
  2   2  96   0   0   1|   0     0 |  12M 2004k|   0     0 | 595  2150 |08-12 17:52:07
  2   4  93   0   0   2|   0     0 |  12M 2067k|   0     0 | 648  2275 |08-12 17:52:08
  2   3  92   0   0   3|   0     0 |  12M 2156k|   0     0 | 648  2369 |08-12 17:52:09
  3   2  94   0   0   2|   0     0 |  12M 2065k|   0     0 | 361  2330 |08-12 17:52:10
  3   2  93   0   0   2|   0     0 |  12M 2078k|   0     0 | 772  2366 |08-12 17:52:11
  3   3  92   0   0   2|   0     0 |  12M 2034k|   0     0 | 645  2367 |08-12 17:52:12
  1   2  96   0   0   2|   0     0 |  12M 2044k|   0     0 | 479  2257 |08-12 17:52:13
  1   1  98   0   0   0|   0  8192B|1579k  253k|   0     0 | 138   499 |08-12 17:52:14
  1   0 100   0   0   0|   0     0 |5422B 2782B|   0     0 |  31    66 |08-12 17:52:15
  0   0 100   0   0   0|   0  8192B|   0     0 |   0     0 |  35    74 |08-12 17:52:16
  0   0 100   0   0   0|   0     0 |   0     0 |   0     0 |  25    54 |08-12 17:52:17
  1   0  99   0   0   0|   0     0 |5810B 4714B|   0     0 |  38    84 |08-12 17:52:18
  1   1  99   0   0   0|   0     0 |3315B 7492B|   0     0 |  56   153 |08-12 17:52:19
  1   1  98   0   0   1|   0     0 |3179B 3073B|   0     0 |  66   170 |08-12 17:52:20
  8   5  88   0   0   0|   0     0 |8308B 5148B|   0     0 | 227   726 |08-12 17:52:21
  0   0 100   0   0   0|   0     0 | 132B  412B|   0     0 |  26    66 |08-12 17:52:22
  0   0 100   0   0   0|   0     0 |   0     0 |   0     0 |  18    28 |08-12 17:52:23
  0   0  99   0   0   0|   0     0 |5422B 2782B|   0     0 |  23    63 |08-12 17:52:24
  0   0 100   0   0   0|   0     0 |   0     0 |   0     0 |  19    24 |08-12 17:52:25
  0   0 100   0   0   0|   0  8192B|   0     0 |   0     0 |  19    27 |08-12 17:52:26
  1   1  99   0   0   0|   0     0 |5422B 2782B|   0     0 |  35   110 |08-12 17:52:27
  0   0 100   0   0   0|   0     0 |   0     0 |   0     0 |  18    27 |08-12 17:52:28
  0   0 100   0   0   0|   0     0 |   0     0 |   0     0 |  19    24 |08-12 17:52:29
  1   0 100   0   0   0|   0     0 |5422B 2782B|   0     0 |  20    55 |08-12 17:52:30
  0   0 100   0   0   0|   0     0 |   0     0 |   0     0 |  19    41 |08-12 17:52:31
  0   0  99   0   0   0|   0    40k|   0     0 |   0     0 |  31    79 |08-12 17:52:32
  0   0 100   0   0   0|   0     0 |5422B 2782B|   0     0 |  24    69 |08-12 17:52:33
  9   3  88   0   0   0|   0     0 |5673B   21k|   0     0 | 195   580 |08-12 17:52:34
  1   2  96   0   0   2|   0     0 |  11M 1246k|   0     0 | 424  1789 |08-12 17:52:35
  2   2  92   2   0   2|   0    92k|  12M 1398k|   0     0 | 540  1845 |08-12 17:52:36
  2   3  94   0   0   2|   0     0 |  13M 1528k|   0     0 | 450  1856 |08-12 17:52:37
  2   2  94   0   0   3|   0     0 |  12M 1449k|   0     0 | 294  1792 |08-12 17:52:38
  1   3  94   0   0   2|   0     0 |  11M 1352k|   0     0 | 389  1681 |08-12 17:52:39
  3   2  95   0   0   1|   0     0 |  12M 1388k|   0     0 | 572  1723 |08-12 17:52:40
  1   3  94   0   0   3|   0     0 |  12M 1425k|   0     0 | 712  1718 |08-12 17:52:41
  2   2  94   0   0   3|   0     0 |  12M 1469k|   0     0 | 749  1877 |08-12 17:52:42
  1   3  95   0   0   2|   0     0 |  12M 1355k|   0     0 | 625  1653 |08-12 17:52:43
  2   2  96   0   0   1|   0     0 |  12M 1408k|   0     0 | 780  1770 |08-12 17:52:44
  2   2  94   0   0   3|   0     0 |  13M 1486k|   0     0 | 354  1778 |08-12 17:52:45
  2   3  95   0   0   1|   0     0 |  12M 1419k|   0     0 | 476  1741 |08-12 17:52:46
  2   4  94   0   0   1|   0     0 |  12M 1420k|   0     0 | 508  1714 |08-12 17:52:47
  3   2  93   0   0   2|   0     0 |  12M 1473k|   0     0 | 763  1751 |08-12 17:52:48
  1   2  96   0   0   2|   0     0 |  12M 1406k|   0     0 | 783  1732 |08-12 17:52:49
  1   1  96   0   0   2|   0     0 |  12M 1431k|   0     0 | 702  1718 |08-12 17:52:50
  2   3  93   0   0   2|   0     0 |  11M 1355k|   0     0 | 645  1626 |08-12 17:52:51
  2   2  94   0   0   2|   0     0 |  12M 1353k|   0     0 | 621  1634 |08-12 17:52:52
  2   4  95   0   0   1|   0     0 |  12M 1409k|   0     0 | 253  1663 |08-12 17:52:53
  2   2  94   0   0   2|   0     0 |  12M 1396k|   0     0 | 368  1678 |08-12 17:52:54
  1   2  94   0   0   3|   0     0 |  12M 1466k|   0     0 | 404  1741 |08-12 17:52:55
  2   2  95   0   0   1|   0     0 |  12M 1417k|   0     0 |  50  1750 |08-12 17:52:56
  2   2  94   0   0   3|   0     0 |  13M 1474k|   0     0 | 298  1812 |08-12 17:52:57
  1   2  96   0   0   1|   0     0 |  12M 1445k|   0     0 | 694  1687 |08-12 17:52:58
  1   2  96   0   0   2|   0     0 |  12M 1427k|   0     0 | 564  1687 |08-12 17:52:59
  2   1  96   0   0   1|   0     0 |  12M 1430k|   0     0 | 681  1681 |08-12 17:53:00
  1   2  94   0   0   3|   0     0 |  12M 1382k|   0     0 | 677  1671 |08-12 17:53:01
  2   1  97   0   0   1|   0     0 |  12M 1444k|   0     0 | 214  1748 |08-12 17:53:02
  2   3  93   0   0   3|   0  8192B|  13M 1494k|   0     0 | 630  1744 |08-12 17:53:03
  2   3  94   0   0   2|   0     0 |  12M 1464k|   0     0 | 728  1768 |08-12 17:53:04
  2   1  95   0   0   2|   0     0 |  12M 1424k|   0     0 | 645  1699 |08-12 17:53:05
  3   2  93   1   0   2|   0    32k|  12M 1371k|   0     0 | 108  1613 |08-12 17:53:06
  2   2  94   0   0   3|   0     0 |  12M 1402k|   0     0 | 312  1686 |08-12 17:53:07
  1   3  95   0   0   2|   0    88k|  13M 1523k|   0     0 | 503  1762 |08-12 17:53:08
  1   2  95   0   0   2|   0     0 |  12M 1404k|   0     0 | 621  1666 |08-12 17:53:09
  1   2  96   0   0   1|   0     0 |  12M 1405k|   0     0 | 685  1676 |08-12 17:53:10
  1   2  95   0   0   3|   0     0 |  12M 1442k|   0     0 | 628  1695 |08-12 17:53:11
  3   3  93   0   0   2|   0     0 |  12M 1386k|   0     0 | 462  1607 |08-12 17:53:12
  1   2  96   0   0   1|   0     0 |  12M 1359k|   0     0 | 668  1623 |08-12 17:53:13
  1   3  94   0   0   2|   0     0 |  12M 1424k|   0     0 | 704  1705 |08-12 17:53:14
  2   2  94   0   0   3|   0     0 |  12M 1451k|   0     0 | 701  1725 |08-12 17:53:15
  3   1  95   0   0   2|   0     0 |  12M 1392k|   0     0 |  64  1605 |08-12 17:53:16
  1   3  94   0   0   3|   0     0 |  12M 1429k|   0     0 | 457  1688 |08-12 17:53:17
  2   2  95   0   0   2|   0     0 |  12M 1393k|   0     0 |  48  1685 |08-12 17:53:18
  3   5  91   0   0   2|   0     0 |  12M 1441k|   0     0 | 522  1739 |08-12 17:53:19
  2   2  94   0   0   3|   0     0 |  12M 1415k|   0     0 | 675  1648 |08-12 17:53:20
  1   2  96   0   0   1|   0     0 |  12M 1413k|   0     0 | 516  1754 |08-12 17:53:21
  3   3  93   0   0   2|   0     0 |  12M 1401k|   0     0 | 268  1717 |08-12 17:53:22
  1   3  94   0   0   3|   0     0 |  12M 1436k|   0     0 | 624  1801 |08-12 17:53:23
  1   1  96   0   0   2|   0     0 |  12M 1440k|   0     0 | 561  1682 |08-12 17:53:24
  2   2  93   0   0   4|   0     0 |  12M 1412k|   0     0 | 663  1643 |08-12 17:53:25
  1   2  96   0   0   2|   0     0 |  12M 1393k|   0     0 | 686  1684 |08-12 17:53:26
  1   2  94   0   0   3|   0     0 |  13M 1484k|   0     0 | 238  1763 |08-12 17:53:27
  2   1  96   0   0   1|   0     0 |  12M 1412k|   0     0 | 543  1607 |08-12 17:53:28
  1   2  96   0   0   2|   0     0 |  12M 1378k|   0     0 | 495  1665 |08-12 17:53:29
  2   2  94   0   0   2|   0     0 |  12M 1369k|   0     0 | 668  1588 |08-12 17:53:30
  2   2  94   0   0   3|   0     0 |  12M 1380k|   0     0 | 696  1627 |08-12 17:53:31
  2   2  96   0   0   1|   0     0 |  12M 1401k|   0     0 | 703  1614 |08-12 17:53:32
  2   2  95   0   0   1|   0     0 |  12M 1398k|   0     0 | 727  1660 |08-12 17:53:33
  3   2  95   0   0   1|   0    20k|  11M 1295k|   0     0 | 495  1693 |08-12 17:53:34
  0   0 100   0   0   0|   0     0 |   0     0 |   0     0 |  24    55 |08-12 17:53:35
  0   0 100   0   0   0|   0     0 |   0     0 |   0     0 |  22    36 |08-12 17:53:36
  1   1  97   1   0   0|   0    56k|5422B 2782B|   0     0 |  62   155 |08-12 17:53:37
  0   0 100   0   0   0|   0     0 |   0     0 |   0     0 |  22    36 |08-12 17:53:38
  0   0 100   0   0   0|   0     0 |   0     0 |   0     0 |  25    44 |08-12 17:53:39
  1   0  99   0   0   0|   0     0 |5422B 2782B|   0     0 |  28    69 |08-12 17:53:40
  8   4  88   0   0   0|   0     0 |3885B 4031B|   0     0 | 216   540 |08-12 17:53:41
  1   1  98   0   0   0|   0     0 |1390B  754B|   0     0 |  64   226 |08-12 17:53:42
  0   0 100   0   0   0|   0     0 |5422B 2782B|   0     0 |  24    70 |08-12 17:53:43
  0   0 100   0   0   0|   0     0 |   0     0 |   0     0 |  23    39 |08-12 17:53:44
  0   0 100   0   0   0|   0     0 |   0     0 |   0     0 |  24    48 |08-12 17:53:45
  1   0  99   0   0   0|   0     0 |5844B 3494B|   0     0 |  25    66 |08-12 17:53:46
  0   1  99   0   0   0|   0     0 |   0     0 |   0     0 |  33    69 |08-12 17:53:47
  0   0 100   0   0   0|   0     0 |   0     0 |   0     0 |  21    40 |08-12 17:53:48
  0   0  99   0   0   0|   0     0 |5422B 2782B|   0     0 |  23    73 |08-12 17:53:49
  0   0 100   0   0   0|   0     0 |   0     0 |   0     0 |  22    34 |08-12 17:53:50
  0   0 100   0   0   0|   0     0 |   0     0 |   0     0 |  25    58 |08-12 17:53:51
  1   1  99   0   0   0|   0     0 |5422B 2782B|   0     0 |  35   104 |08-12 17:53:52
  0   0 100   0   0   0|   0     0 |   0     0 |   0     0 |  22    34 |08-12 17:53:53
  1   0  99   0   0   0|   0     0 | 247B  247B|   0     0 |  35    74 |08-12 17:53:54
  9   4  88   0   0   0|   0     0 |1191k  156k|   0     0 | 238   870 |08-12 17:53:55
  1   2  96   0   0   2|   0     0 |  12M 1478k|   0     0 | 519  1861 |08-12 17:53:56
  2   1  96   0   0   2|   0     0 |  13M 1475k|   0     0 | 475  1871 |08-12 17:53:57
  2   3  95   0   0   1|   0     0 |  12M 1412k|   0     0 | 497  1787 |08-12 17:53:58
  1   1  96   0   0   2|   0     0 |  12M 1430k|   0     0 | 478  1772 |08-12 17:53:59
  1   2  93   0   0   3|   0     0 |  12M 1399k|   0     0 | 443  1758 |08-12 17:54:00
  2   3  94   0   0   1|   0     0 |  12M 1424k|   0     0 | 404  1798 |08-12 17:54:01
  1   3  95   0   0   2|   0     0 |  11M 1355k|   0     0 | 340  1716 |08-12 17:54:02
  2   3  95   0   0   1|   0     0 |  12M 1408k|   0     0 | 359  1747 |08-12 17:54:03
  6   2  90   0   0   2|   0     0 |  12M 1448k|   0     0 | 381  1846 |08-12 17:54:04
  2   1  95   0   0   2|   0    12k|  12M 1449k|   0     0 | 427  1804 |08-12 17:54:05
  1   2  97   0   0   1|   0     0 |  12M 1397k|   0     0 | 370  1669 |08-12 17:54:06
  3   2  94   0   0   1|   0     0 |  12M 1415k|   0     0 | 388  1764 |08-12 17:54:07
  1   2  95   1   0   1|   0    60k|  12M 1360k|   0     0 | 362  1714 |08-12 17:54:08
  0   2  95   0   0   3|   0     0 |  12M 1450k|   0     0 | 397  1852 |08-12 17:54:09
  2   2  95   0   0   1|   0    60k|  12M 1382k|   0     0 | 385  1697 |08-12 17:54:10
  2   1  97   0   0   1|   0     0 |  13M 1499k|   0     0 | 400  1864 |08-12 17:54:11
  1   3  95   0   0   2|   0     0 |  12M 1431k|   0     0 | 411  1822 |08-12 17:54:12
  2   2  95   0   0   2|   0     0 |  12M 1410k|   0     0 | 377  1710 |08-12 17:54:13
  1   2  96   0   0   2|   0     0 |  12M 1367k|   0     0 | 384  1666 |08-12 17:54:14
  1   2  95   0   0   2|   0  4096B|  12M 1448k|   0     0 | 394  1785 |08-12 17:54:15
  2   3  93   0   0   2|   0     0 |  12M 1371k|   0     0 | 362  1677 |08-12 17:54:16
  2   3  94   0   0   1|   0     0 |  12M 1410k|   0     0 | 372  1718 |08-12 17:54:17
  2   2  94   0   0   2|   0     0 |  12M 1376k|   0     0 | 384  1678 |08-12 17:54:18
  3   2  94   0   0   2|   0     0 |  12M 1389k|   0     0 | 427  1790 |08-12 17:54:19
  1   3  94   0   0   2|   0    36k|  12M 1389k|   0     0 | 417  1713 |08-12 17:54:20
  2   3  94   0   0   2|   0     0 |  12M 1401k|   0     0 | 422  1704 |08-12 17:54:21
  1   3  94   0   0   2|   0     0 |  12M 1404k|   0     0 | 438  1720 |08-12 17:54:22
  2   2  95   0   0   1|   0     0 |  12M 1398k|   0     0 | 467  1735 |08-12 17:54:23
  1   1  97   0   0   2|   0     0 |  12M 1371k|   0     0 | 410  1603 |08-12 17:54:24
  2   2  95   0   0   2|   0     0 |  12M 1422k|   0     0 | 446  1720 |08-12 17:54:25
  2   2  95   0   0   1|   0     0 |  12M 1406k|   0     0 | 401  1659 |08-12 17:54:26
  2   3  94   0   0   2|   0     0 |  12M 1457k|   0     0 | 445  1759 |08-12 17:54:27
  0   3  95   0   0   2|   0     0 |  12M 1400k|   0     0 | 424  1707 |08-12 17:54:28
  3   1  94   0   0   2|   0     0 |  12M 1432k|   0     0 | 424  1705 |08-12 17:54:29
  1   1  96   0   0   3|   0     0 |  12M 1399k|   0     0 | 420  1714 |08-12 17:54:30
  2   2  94   0   0   2|   0     0 |  12M 1458k|   0     0 | 455  1754 |08-12 17:54:31
  4   2  93   0   0   1|   0     0 |  12M 1470k|   0     0 | 446  1753 |08-12 17:54:32
  1   3  95   0   0   2|   0     0 |  12M 1443k|   0     0 | 453  1805 |08-12 17:54:33
  1   2  94   0   0   2|   0     0 |  12M 1364k|   0     0 | 405  1661 |08-12 17:54:34
  1   2  94   0   0   3|   0     0 |  12M 1424k|   0     0 | 461  1796 |08-12 17:54:35
  2   2  95   0   0   1|   0     0 |  12M 1404k|   0     0 | 462  1737 |08-12 17:54:36
  1   2  96   0   0   1|   0     0 |  12M 1412k|   0     0 | 451  1706 |08-12 17:54:37
  2   1  93   2   0   3|   0    48k|  11M 1337k|   0     0 | 380  1597 |08-12 17:54:38
  1   2  95   0   0   2|   0     0 |  12M 1432k|   0     0 | 447  1722 |08-12 17:54:39
  2   2  95   0   0   1|   0     0 |  12M 1435k|   0     0 | 437  1688 |08-12 17:54:40
  1   2  96   0   0   2|   0     0 |  13M 1519k|   0     0 | 434  1803 |08-12 17:54:41
  2   2  94   0   0   3|   0     0 |  12M 1411k|   0     0 | 427  1692 |08-12 17:54:42
  1   2  97   0   0   1|   0     0 |  13M 1473k|   0     0 | 446  1775 |08-12 17:54:43
  1   2  95   0   0   2|   0     0 |  13M 1488k|   0     0 | 443  1808 |08-12 17:54:44
  1   2  96   0   0   1|   0     0 |  12M 1405k|   0     0 | 436  1753 |08-12 17:54:45
  1   2  95   0   0   2|   0     0 |  12M 1417k|   0     0 | 429  1738 |08-12 17:54:46
  2   2  96   0   0   1|   0     0 |  12M 1436k|   0     0 | 458  1743 |08-12 17:54:47
  2   2  94   0   0   2|   0     0 |  12M 1409k|   0     0 | 456  1724 |08-12 17:54:48
  1   2  97   0   0   1|   0     0 |  12M 1412k|   0     0 | 434  1707 |08-12 17:54:49
  3   2  94   0   0   2|   0     0 |  12M 1423k|   0     0 | 448  1735 |08-12 17:54:50
  1   3  94   0   0   2|   0    32k|  12M 1420k|   0     0 | 384  1728 |08-12 17:54:51
  1   4  93   0   0   2|   0     0 |  12M 1398k|   0     0 | 403  1737 |08-12 17:54:52
  3   2  94   0   0   1|   0     0 |  11M 1342k|   0     0 | 351  1625 |08-12 17:54:53
  1   2  96   0   0   2|   0     0 |  12M 1402k|   0     0 | 402  1674 |08-12 17:54:54
  1   2  96   0   0   2|   0     0 |8200k  936k|   0     0 | 325  1316 |08-12 17:54:55
  1   1  99   0   0   0|   0     0 |5730B 3064B|   0     0 |  47   245 |08-12 17:54:56
  0   0 100   0   0   0|   0     0 | 880B  558B|   0     0 |  54   121 |08-12 17:54:57
  0   0 100   0   0   0|   0     0 | 344B  212B|   0     0 |  32    49 |08-12 17:54:58
  4   1  95   0   0   0|   0     0 |6250B 6112B|   0     0 |  57   157 |08-12 17:54:59
  0   0 100   0   0   0|   0     0 | 352B 2492B|   0     0 |  31    46 |08-12 17:55:00
  0   0 100   0   0   0|   0     0 |   0     0 |   0     0 |  25    37 |08-12 17:55:01
  8   6  87   0   0   0|   0     0 |  10k 7567B|   0     0 | 214   756 |08-12 17:55:02
  0   0 100   0   0   0|   0     0 |   0     0 |   0     0 |  21    40 |08-12 17:55:03
  0   0 100   0   0   0|   0     0 | 336B  244B|   0     0 |  31    50 |08-12 17:55:04
  1   0 100   0   0   0|   0     0 |5964B 3548B|   0     0 |  45   112 |08-12 17:55:05
  0   1 100   0   0   0|   0     0 |1232B  714B|   0     0 |  48    97 |08-12 17:55:06
  0   1  99   0   0   0|   0     0 | 704B  408B|   0     0 |  52   120 |08-12 17:55:07
  4   1  92   4   0   0|   0    76k|6418B 6222B|   0     0 |  64   184 |08-12 17:55:08
  0   0 100   0   0   0|   0     0 | 352B 2492B|   0     0 |  29    48 |08-12 17:55:09
  0   0 100   0   0   0|   0     0 |   0     0 |   0     0 |  20    25 |08-12 17:55:10
  1   0 100   0   0   0|   0     0 |6124B 3650B|   0     0 |  42   130 |08-12 17:55:11
  0   1  99   0   0   0|   0    32k|1056B  652B|   0     0 |  62   140 |08-12 17:55:12
  0   0 100   0   0   0|   0     0 |1056B  612B|   0     0 |  43    84 |08-12 17:55:13
  1   0  99   0   0   0|   0     0 |5692B 3002B|   0     0 |  34    94 |08-12 17:55:14
  4   1  81  14   0   0|  12k    0 |3145B 5625B|   0     0 |  70   213 |08-12 17:55:15
  9   3  87   0   0   1|   0     0 |4274k  518k|   0     0 | 362  1307 |08-12 17:55:16
  2   3  93   0   0   2|   0     0 |  12M 1417k|   0     0 | 453  1823 |08-12 17:55:17
  2   3  95   0   0   1|   0     0 |  12M 1414k|   0     0 | 485  1734 |08-12 17:55:18
  3   3  93   0   0   2|   0     0 |  12M 1407k|   0     0 | 469  1769 |08-12 17:55:19
  2   2  94   0   0   2|   0     0 |  12M 1403k|   0     0 | 380  1726 |08-12 17:55:20
  1   2  97   0   0   1|   0     0 |  12M 1440k|   0     0 | 368  1692 |08-12 17:55:21
  1   3  94   0   0   2|   0  8192B|  12M 1389k|   0     0 | 389  1789 |08-12 17:55:22
  3   2  94   0   0   2|   0     0 |  12M 1453k|   0     0 | 395  1764 |08-12 17:55:23
  2   2  94   0   0   2|   0     0 |  12M 1436k|   0     0 | 382  1681 |08-12 17:55:24
  2   4  93   0   0   2|   0     0 |  12M 1419k|   0     0 | 402  1817 |08-12 17:55:25
  1   3  94   0   0   3|   0     0 |  12M 1467k|   0     0 | 411  1844 |08-12 17:55:26
  1   2  95   0   0   2|   0    12k|  12M 1451k|   0     0 | 380  1774 |08-12 17:55:27
  1   2  96   0   0   2|   0     0 |  12M 1405k|   0     0 | 434  1769 |08-12 17:55:28
  2   2  95   0   0   2|   0     0 |  12M 1437k|   0     0 | 468  1773 |08-12 17:55:29
  1   3  94   0   0   2|   0     0 |  12M 1466k|   0     0 | 450  1700 |08-12 17:55:30
  1   3  95   0   0   2|   0     0 |  12M 1399k|   0     0 | 430  1659 |08-12 17:55:31
  2   3  95   0   0   1|   0  4096B|  12M 1449k|   0     0 | 472  1756 |08-12 17:55:32
  2   2  96   0   0   1|   0     0 |  12M 1420k|   0     0 | 464  1709 |08-12 17:55:33
  1   2  96   0   0   2|   0     0 |  12M 1418k|   0     0 | 429  1739 |08-12 17:55:34
  2   2  96   0   0   1|   0     0 |  12M 1380k|   0     0 | 446  1680 |08-12 17:55:35
  1   2  96   0   0   1|   0     0 |  12M 1443k|   0     0 | 429  1706 |08-12 17:55:36
  2   4  93   0   0   1|   0     0 |  12M 1381k|   0     0 | 426  1661 |08-12 17:55:37
  2   2  95   0   0   1|   0     0 |  12M 1396k|   0     0 | 449  1771 |08-12 17:55:38
  1   1  95   2   0   2|   0    76k|  13M 1488k|   0     0 | 462  1746 |08-12 17:55:39
  2   2  95   0   0   2|   0     0 |  12M 1372k|   0     0 | 417  1642 |08-12 17:55:40
  2   2  95   0   0   2|   0     0 |  12M 1425k|   0     0 | 440  1726 |08-12 17:55:41
  2   4  93   0   0   1|   0     0 |  12M 1377k|   0     0 | 419  1622 |08-12 17:55:42
  1   2  95   0   0   2|   0     0 |  12M 1375k|   0     0 | 425  1647 |08-12 17:55:43
  1   2  97   0   0   1|   0     0 |  12M 1452k|   0     0 | 445  1755 |08-12 17:55:44
  2   3  94   0   0   1|   0     0 |  12M 1456k|   0     0 | 445  1690 |08-12 17:55:45
  1   2  96   0   0   1|   0     0 |  12M 1426k|   0     0 | 439  1735 |08-12 17:55:46
  1   1  95   0   0   3|   0     0 |  12M 1378k|   0     0 | 432  1676 |08-12 17:55:47
  2   3  94   0   0   2|   0    16k|  12M 1420k|   0     0 | 452  1770 |08-12 17:55:48
  1   2  95   0   0   3|   0     0 |  11M 1345k|   0     0 | 405  1602 |08-12 17:55:49
  1   3  94   0   0   2|   0     0 |  12M 1430k|   0     0 | 374  1761 |08-12 17:55:50
  2   2  95   0   0   2|   0     0 |  12M 1435k|   0     0 | 388  1780 |08-12 17:55:51
  2   3  94   0   0   1|   0     0 |  12M 1440k|   0     0 | 371  1696 |08-12 17:55:52
  2   2  95   0   0   2|   0  4096B|  12M 1401k|   0     0 | 377  1689 |08-12 17:55:53
  1   3  95   0   0   1|   0     0 |  12M 1428k|   0     0 | 390  1762 |08-12 17:55:54
  3   2  95   0   0   1|   0     0 |  12M 1438k|   0     0 | 436  1733 |08-12 17:55:55
  1   1  96   0   0   2|   0     0 |  12M 1428k|   0     0 | 435  1691 |08-12 17:55:56
  1   3  95   0   0   2|   0     0 |  12M 1456k|   0     0 | 452  1778 |08-12 17:55:57
  1   2  96   0   0   1|   0    24k|  12M 1409k|   0     0 | 452  1703 |08-12 17:55:58
  1   3  95   0   0   1|   0     0 |  12M 1427k|   0     0 | 432  1659 |08-12 17:55:59
  2   2  95   0   0   2|   0     0 |  13M 1481k|   0     0 | 477  1838 |08-12 17:56:00
  1   2  95   0   0   2|   0     0 |  12M 1408k|   0     0 | 466  1711 |08-12 17:56:01
  1   2  96   0   0   1|   0     0 |  12M 1435k|   0     0 | 433  1728 |08-12 17:56:02
  2   1  96   0   0   1|   0     0 |  12M 1437k|   0     0 | 486  1794 |08-12 17:56:03
  1   4  95   0   0   1|   0     0 |  12M 1411k|   0     0 | 437  1674 |08-12 17:56:04
  2   2  95   0   0   2|   0     0 |  13M 1504k|   0     0 | 479  1793 |08-12 17:56:05
  2   1  96   0   0   1|   0     0 |  13M 1563k|   0     0 | 488  1872 |08-12 17:56:06
  1   2  95   0   0   2|   0     0 |  13M 1477k|   0     0 | 448  1791 |08-12 17:56:07
  1   2  96   0   0   1|   0     0 |  12M 1464k|   0     0 | 470  1825 |08-12 17:56:08
  1   1  84  12   0   2|   0    36k|  12M 1419k|   0     0 | 447  1798 |08-12 17:56:09
  2   1  96   0   0   1|   0     0 |  12M 1399k|   0     0 | 455  1708 |08-12 17:56:10
  1   2  95   0   0   2|   0     0 |  12M 1400k|   0     0 | 411  1622 |08-12 17:56:11
  3   2  95   0   0   1|   0     0 |  12M 1426k|   0     0 | 468  1778 |08-12 17:56:12
  2   2  95   0   0   1|   0    64k|  13M 1487k|   0     0 | 478  1796 |08-12 17:56:13
  1   2  96   0   0   2|   0     0 |  13M 1503k|   0     0 | 442  1767 |08-12 17:56:14
  2   2  96   0   0   1|   0     0 |  12M 1457k|   0     0 | 467  1759 |08-12 17:56:15
  1   1  98   0   0   1|   0    16k|5073k  579k|   0     0 | 210   914 |08-12 17:56:16
  1   1  99   0   0   0|   0     0 |   0     0 |   0     0 |  34    74 |08-12 17:56:17
  1   0 100   0   0   0|   0     0 |5524B 2974B|   0     0 |  27    67 |08-12 17:56:18
  0   1  99   0   0   1|   0     0 |2677B 5564B|   0     0 |  48   124 |08-12 17:56:19
  0   0 100   0   0   0|   0     0 |   0     0 |   0     0 |  24    52 |08-12 17:56:20
  0   0 100   0   0   0|   0     0 |5422B 2782B|   0     0 |  29    76 |08-12 17:56:21
  0   1 100   0   0   0|   0     0 |   0     0 |   0     0 |  35    79 |08-12 17:56:22
  9   4  88   0   0   0|   0     0 |4915B 4653B|   0     0 | 203   621 |08-12 17:56:23
  1   0  99   0   0   0|   0  8192B|5848B 2914B|   0     0 |  53   245 |08-12 17:56:24
  0   0 100   0   0   0|   0     0 |   0     0 |   0     0 |  19    30 |08-12 17:56:25
  0   0 100   0   0   0|   0     0 |   0     0 |   0     0 |  18    24 |08-12 17:56:26
  1   1  99   0   0   0|   0     0 |5422B 2782B|   0     0 |  31    99 |08-12 17:56:27
  0   0 100   0   0   0|   0     0 |   0     0 |   0     0 |  21    32 |08-12 17:56:28
  0   0 100   0   0   0|   0     0 |   0     0 |   0     0 |  19    31 |08-12 17:56:29
  7   2  91   0   0   0|   0     0 |9043B 5543B|   0     0 | 140   388 |08-12 17:56:30
