[7l----total-cpu-usage---- -dsk/total- -net/total- ---paging-- ---system-- ----system----
usr sys idl wai hiq siq| read  writ| recv  send|  in   out | int   csw |     time     
  4   3  92   0   0   1|  12k  181k|   0     0 |   0     0 |2809  7814 |02-12 19:17:13
  0   0  99   0   0   0|   0     0 |9021B 7214B|   0     0 |  75   264 |02-12 19:17:14
  2   1  97   0   0   0|   0     0 |2864B 2392B|   0     0 | 302   784 |02-12 19:17:15
  0   0 100   0   0   0|   0     0 |1915B 1884B|   0     0 |  35    97 |02-12 19:17:16
  2   1  97   0   0   0|   0     0 |7122B 4829B|   0     0 | 209   571 |02-12 19:17:17
  3   1  96   0   0   0|   0     0 |1902B 1324B|   0     0 | 344   824 |02-12 19:17:18
  0   0 100   0   0   0|   0     0 |   0     0 |   0     0 |  18    89 |02-12 19:17:19
  0   0 100   0   0   0|   0     0 |5478B 2803B|   0     0 |  36   151 |02-12 19:17:20
  0   0 100   0   0   0|   0     0 |   0     0 |   0     0 |  19    86 |02-12 19:17:21
 10   1  89   0   0   0|   0     0 | 632k  589k|   0     0 |1157  2753 |02-12 19:17:22
 12   2  86   0   0   1|   0    72k|6675k 6698k|   0     0 |1106  5633 |02-12 19:17:23
 17   2  81   0   0   1|   0     0 |6027k 6026k|   0     0 | 985  4898 |02-12 19:17:24
  9   1  90   0   0   1|   0     0 |6048k 6048k|   0     0 | 843  4692 |02-12 19:17:25
  5   1  93   0   0   1|   0     0 |6222k 6221k|   0     0 |1107  4646 |02-12 19:17:26
  4   1  93   0   0   1|   0     0 |6192k 6192k|   0     0 |1429  4767 |02-12 19:17:27
  4   2  93   0   0   1|   0     0 |6090k 6087k|   0     0 |1418  4606 |02-12 19:17:28
  2   2  96   0   0   1|   0     0 |6202k 6201k|   0     0 |1664  4807 |02-12 19:17:29
  2   2  96   0   0   1|   0     0 |6056k 6056k|   0     0 |1765  4701 |02-12 19:17:30
  3   1  95   0   0   1|   0     0 |6235k 6237k|   0     0 |1878  4894 |02-12 19:17:31
  3   1  95   0   0   1|   0     0 |6177k 6172k|   0     0 |1758  4659 |02-12 19:17:32
  2   2  96   0   0   1|   0     0 |6214k 6216k|   0     0 |1706  4669 |02-12 19:17:33
  1   2  96   0   0   1|   0    12k|6252k 6254k|   0     0 |1725  4753 |02-12 19:17:34
  1   1  97   0   0   1|   0     0 |6221k 6218k|   0     0 |1694  4743 |02-12 19:17:35
  1   1  97   0   0   1|   0     0 |6339k 6339k|   0     0 |2029  4889 |02-12 19:17:36
  8   1  90   0   0   1|   0     0 |6271k 6271k|   0     0 |1750  4789 |02-12 19:17:37
  2   1  96   0   0   1|   0     0 |6202k 6202k|   0     0 |1742  4664 |02-12 19:17:38
  5   1  93   0   0   1|   0     0 |6247k 6243k|   0     0 |1582  4697 |02-12 19:17:39
  8   2  90   0   0   1|   0     0 |6188k 6188k|   0     0 |1745  4650 |02-12 19:17:40
  8   1  90   0   0   1|   0     0 |6215k 6218k|   0     0 |1646  4672 |02-12 19:17:41
  2   1  96   0   0   1|   0     0 |6054k 6053k|   0     0 |1627  4713 |02-12 19:17:42
  2   1  97   0   0   1|   0     0 |6019k 6022k|   0     0 |1824  4685 |02-12 19:17:43
  1   1  97   0   0   1|   0  4096B|6115k 6116k|   0     0 |1696  4634 |02-12 19:17:44
  1   1  97   0   0   0|   0     0 |6070k 6068k|   0     0 |1745  4697 |02-12 19:17:45
  1   1  97   0   0   1|   0     0 |6130k 6131k|   0     0 |1723  4563 |02-12 19:17:46
  1   1  97   0   0   1|   0     0 |6131k 6131k|   0     0 |1765  4706 |02-12 19:17:47
  2   1  96   0   0   1|   0     0 |6105k 6103k|   0     0 |1741  4615 |02-12 19:17:48
  1   1  97   0   0   1|   0    36k|6171k 6170k|   0     0 |1769  4640 |02-12 19:17:49
 11   1  88   0   0   0|   0     0 |5979k 5978k|   0     0 |1821  4609 |02-12 19:17:50
  1   2  97   0   0   1|   0     0 |6193k 6190k|   0     0 |1759  4817 |02-12 19:17:51
  1   2  97   0   0   1|   0     0 |6126k 6127k|   0     0 |1669  4653 |02-12 19:17:52
  1   1  98   0   0   1|   0     0 |6065k 6065k|   0     0 |1744  4627 |02-12 19:17:53
  3   1  95   0   0   1|   0   112k|6132k 6130k|   0     0 |1826  4661 |02-12 19:17:54
 10   2  88   0   0   1|   0     0 |6156k 6157k|   0     0 |1798  4835 |02-12 19:17:55
  9   2  88   0   0   1|   0     0 |6078k 6079k|   0     0 |1753  4546 |02-12 19:17:56
  2   1  96   0   0   1|   0     0 |5975k 5972k|   0     0 |1813  4668 |02-12 19:17:57
  1   1  98   0   0   1|   0     0 |6205k 6205k|   0     0 |1622  4531 |02-12 19:17:58
  4   1  94   0   0   1|   0     0 |5956k 5957k|   0     0 |1818  4626 |02-12 19:17:59
  1   2  96   0   0   1|   0     0 |6123k 6121k|   0     0 |1926  4718 |02-12 19:18:00
  3   1  96   0   0   1|   0     0 |6083k 6083k|   0     0 |1756  4725 |02-12 19:18:01
  3   1  95   0   0   1|   0     0 |6163k 6161k|   0     0 |1761  4667 |02-12 19:18:02
  1   1  97   0   0   1|   0     0 |6151k 6146k|   0     0 |1690  4776 |02-12 19:18:03
  1   1  97   0   0   1|   0     0 |5962k 5965k|   0     0 |1772  4488 |02-12 19:18:04
  1   1  97   0   0   1|   0     0 |6071k 6070k|   0     0 |1880  4666 |02-12 19:18:05
  7   2  91   0   0   1|   0     0 |6118k 6116k|   0     0 |1974  4775 |02-12 19:18:06
  5   1  93   0   0   1|   0     0 |6029k 6030k|   0     0 |1679  4585 |02-12 19:18:07
  1   1  98   0   0   1|   0     0 |6113k 6113k|   0     0 |1779  4685 |02-12 19:18:08
  1   2  97   0   0   1|   0  4096B|6059k 6055k|   0     0 |1733  4639 |02-12 19:18:09
  1   1  97   0   0   1|   0     0 |6151k 6153k|   0     0 |1809  4791 |02-12 19:18:10
  1   1  97   0   0   1|   0     0 |6062k 6061k|   0     0 |1711  4652 |02-12 19:18:11
  1   1  97   0   0   1|   0     0 |5907k 5906k|   0     0 |1765  4540 |02-12 19:18:12
  1   1  98   0   0   0|   0     0 |5925k 5925k|   0     0 |1772  4537 |02-12 19:18:13
  2   2  96   0   0   1|   0     0 |5852k 5851k|   0     0 |1770  4604 |02-12 19:18:14
  1   1  96   0   0   1|   0  8192B|6065k 6064k|   0     0 |1608  4734 |02-12 19:18:15
  1   1  97   0   0   1|   0     0 |6210k 6210k|   0     0 |1917  4620 |02-12 19:18:16
  1   2  96   0   0   1|   0     0 |6106k 6106k|   0     0 |1942  4789 |02-12 19:18:17
  1   1  97   0   0   1|   0     0 |6095k 6094k|   0     0 |1975  4639 |02-12 19:18:18
  1   1  97   0   0   1|   0     0 |6100k 6100k|   0     0 |1861  4696 |02-12 19:18:19
  1   1  98   0   0   0|   0    20k|6066k 6062k|   0     0 |1837  4649 |02-12 19:18:20
  1   1  97   0   0   1|   0     0 |6015k 6015k|   0     0 |1479  4663 |02-12 19:18:21
  1   1  98   0   0   0|   0     0 |4665k 4663k|   0     0 |1383  3507 |02-12 19:18:22
  5   2  93   0   0   0|   0     0 |6336B 6336B|   0     0 |  82   155 |02-12 19:18:23
  6   6  88   0   0   0|   0     0 |5478B 2803B|   0     0 |  36   118 |02-12 19:18:24
  5   5  89   0   0   0|   0    24k|   0     0 |   0     0 |  45   171 |02-12 19:18:25
  6   5  90   0   0   0|   0     0 |   0     0 |   0     0 |  61   157 |02-12 19:18:26
  5   6  89   0   0   0|   0     0 |5478B 2803B|   0     0 |  27   110 |02-12 19:18:27
  5   6  90   0   0   0|   0     0 |   0     0 |   0     0 |  55   159 |02-12 19:18:28
  5   6  90   0   0   0|   0     0 |   0     0 |   0     0 |  33   131 |02-12 19:18:29
  5   6  89   0   0   0|   0     0 |7193B 4092B|   0     0 |  61   232 |02-12 19:18:30
  6   5  89   0   0   0|   0     0 |1596B 2448B|   0     0 | 188   458 |02-12 19:18:31
 15   6  79   0   0   0|   0     0 |8792B 9592B|   0     0 | 844  1928 |02-12 19:18:32
  0   0 100   0   0   0|   0     0 |5478B 2803B|   0     0 |  21    90 |02-12 19:18:33
  0   0 100   0   0   0|   0     0 |   0     0 |   0     0 |  17    22 |02-12 19:18:34
  0   0 100   0   0   0|   0     0 |   0     0 |   0     0 |  31    71 |02-12 19:18:35
  0   0 100   0   0   0|   0     0 |5478B 2803B|   0     0 |  19    51 |02-12 19:18:36
  0   0 100   0   0   0|   0     0 |   0     0 |   0     0 |  19    45 |02-12 19:18:37
  0   0 100   0   0   0|   0     0 |   0     0 |   0     0 |  18    26 |02-12 19:18:38
  0   0 100   0   0   0|   0     0 |5478B 2803B|   0     0 |  20    61 |02-12 19:18:39
  0   0 100   0   0   0|   0     0 |   0     0 |   0     0 |  30    80 |02-12 19:18:40
  0   0 100   0   0   0|   0     0 |   0     0 |   0     0 |  20    46 |02-12 19:18:41
  0   0 100   0   0   0|   0     0 |5478B 2803B|   0     0 |  21    65 |02-12 19:18:42
  0   0 100   0   0   0|   0     0 |   0     0 |   0     0 |  23    43 |02-12 19:18:43
  0   0 100   0   0   0|   0     0 |2496B 2601B|   0     0 |  52   151 |02-12 19:18:44
  2   1  97   0   0   0|   0     0 |8852B 6257B|   0     0 | 223   610 |02-12 19:18:45
  0   0  99   0   0   0|   0     0 |4115B 3355B|   0     0 | 122   350 |02-12 19:18:46
  5   1  94   0   0   0|   0     0 |2864B 2600B|   0     0 | 529  1268 |02-12 19:18:47
  0   0 100   0   0   0|   0     0 |5478B 2803B|   0     0 |  23   115 |02-12 19:18:48
  0   0 100   0   0   0|   0     0 |   0     0 |   0     0 |  19    95 |02-12 19:18:49
  0   0 100   0   0   0|   0  8192B|   0     0 |   0     0 |  33   123 |02-12 19:18:50
  0   0 100   0   0   0|   0     0 |5478B 2803B|   0     0 |  22   103 |02-12 19:18:51
  0   0 100   0   0   0|   0     0 |   0     0 |   0     0 |  26   129 |02-12 19:18:52
 19   2  78   0   0   1|   0     0 |4162k 4149k|   0     0 |1996  5904 |02-12 19:18:53
 12   1  86   0   0   1|   0     0 |6053k 6051k|   0     0 | 923  4795 |02-12 19:18:54
 15   1  82   0   0   1|   0     0 |5900k 5900k|   0     0 | 937  4872 |02-12 19:18:55
  3   1  95   0   0   1|   0    56k|5918k 5917k|   0     0 | 826  4473 |02-12 19:18:56
  6   1  92   0   0   1|   0     0 |6025k 6027k|   0     0 |1172  4716 |02-12 19:18:57
  6   1  93   0   0   1|   0     0 |5987k 5985k|   0     0 |1360  4575 |02-12 19:18:58
  3   1  96   0   0   1|   0     0 |6093k 6092k|   0     0 |1444  4647 |02-12 19:18:59
  2   1  97   0   0   1|   0     0 |5993k 5995k|   0     0 |1808  4622 |02-12 19:19:00
  1   1  97   0   0   1|   0     0 |6181k 6177k|   0     0 |1660  4700 |02-12 19:19:01
  3   1  95   0   0   1|   0     0 |5940k 5939k|   0     0 |1727  4603 |02-12 19:19:02
  2   2  95   0   0   1|   0     0 |6125k 6123k|   0     0 |1726  4646 |02-12 19:19:03
  2   1  96   0   0   1|   0     0 |5977k 5976k|   0     0 |1759  4658 |02-12 19:19:04
  1   1  98   0   0   0|   0     0 |5962k 5960k|   0     0 |1821  4603 |02-12 19:19:05
  2   1  97   0   0   1|   0    88k|6210k 6210k|   0     0 |1586  4622 |02-12 19:19:06
  1   1  97   0   0   1|   0     0 |6131k 6129k|   0     0 |1768  4690 |02-12 19:19:07
 10   2  88   0   0   1|   0     0 |5992k 5991k|   0     0 |1752  4505 |02-12 19:19:08
  9   1  89   0   0   1|   0     0 |6166k 6167k|   0     0 |1566  4611 |02-12 19:19:09
  3   1  95   0   0   1|   0     0 |5986k 5980k|   0     0 |1500  4494 |02-12 19:19:10
  9   1  89   0   0   1|   0     0 |5740k 5737k|   0     0 |1785  4426 |02-12 19:19:11
  4   1  95   0   0   1|   0     0 |5970k 5973k|   0     0 |1744  4421 |02-12 19:19:12
 11   1  88   0   0   1|   0     0 |6109k 6106k|   0     0 |1882  4784 |02-12 19:19:13
  2   1  96   0   0   1|   0     0 |5922k 5926k|   0     0 |1733  4613 |02-12 19:19:14
  2   2  96   0   0   1|   0     0 |6068k 6066k|   0     0 |1677  4578 |02-12 19:19:15
  2   2  96   0   0   1|   0     0 |6072k 6073k|   0     0 |1740  4587 |02-12 19:19:16
  2   1  97   0   0   1|   0     0 |5914k 5913k|   0     0 |1630  4402 |02-12 19:19:17
  1   2  96   0   0   1|   0     0 |5997k 6000k|   0     0 |1702  4543 |02-12 19:19:18
  1   1  97   0   0   1|   0     0 |6048k 6046k|   0     0 |1623  4551 |02-12 19:19:19
  1   1  97   0   0   0|   0     0 |6066k 6066k|   0     0 |1907  4759 |02-12 19:19:20
  1   1  98   0   0   0|   0    36k|6100k 6101k|   0     0 |1872  4576 |02-12 19:19:21
  1   1  97   0   0   1|   0     0 |5932k 5928k|   0     0 |1693  4594 |02-12 19:19:22
  1   1  96   0   0   1|   0     0 |6043k 6043k|   0     0 |1630  4647 |02-12 19:19:23
  9   1  89   0   0   1|   0     0 |5868k 5868k|   0     0 |1690  4701 |02-12 19:19:24
  1   1  97   0   0   1|   0     0 |6210k 6208k|   0     0 |1898  4789 |02-12 19:19:25
  1   2  97   0   0   1|   0    28k|6087k 6087k|   0     0 |1577  4729 |02-12 19:19:26
  1   1  97   0   0   1|   0    36k|6118k 6118k|   0     0 |1857  4640 |02-12 19:19:27
  1   1  98   0   0   0|   0     0 |6015k 6011k|   0     0 |1793  4670 |02-12 19:19:28
  1   1  98   0   0   0|   0     0 |6095k 6096k|   0     0 |1651  4661 |02-12 19:19:29
  3   1  95   0   0   1|   0     0 |5991k 5993k|   0     0 |1615  4662 |02-12 19:19:30
  2   1  97   0   0   0|   0     0 |6119k 6116k|   0     0 |1725  4723 |02-12 19:19:31
  1   2  96   0   0   1|   0     0 |6022k 6022k|   0     0 |1966  4745 |02-12 19:19:32
  3   0  96   0   0   1|   0     0 |5975k 5974k|   0     0 |1846  4558 |02-12 19:19:33
  1   1  98   0   0   1|   0     0 |6191k 6190k|   0     0 |1869  4769 |02-12 19:19:34
  1   2  97   0   0   1|   0     0 |6183k 6183k|   0     0 |2010  4669 |02-12 19:19:35
  2   2  96   0   0   0|   0     0 |5997k 5995k|   0     0 |1832  4685 |02-12 19:19:36
  1   1  98   0   0   1|   0     0 |6016k 6015k|   0     0 |1822  4595 |02-12 19:19:37
  1   1  98   0   0   1|   0     0 |5928k 5925k|   0     0 |1782  4515 |02-12 19:19:38
  9   2  89   0   0   0|   0     0 |5830k 5833k|   0     0 |1751  4515 |02-12 19:19:39
  2   1  96   0   0   1|   0     0 |5941k 5937k|   0     0 |1936  4791 |02-12 19:19:40
  1   1  97   0   0   1|   0     0 |6027k 6026k|   0     0 |2032  4720 |02-12 19:19:41
  1   1  97   0   0   1|   0     0 |6133k 6131k|   0     0 |1833  4636 |02-12 19:19:42
  1   1  97   0   0   1|   0     0 |6155k 6158k|   0     0 |1899  4926 |02-12 19:19:43
  1   2  97   0   0   1|   0     0 |6129k 6132k|   0     0 |1815  4795 |02-12 19:19:44
  1   1  97   0   0   1|   0     0 |6011k 6009k|   0     0 |1649  4810 |02-12 19:19:45
  1   2  96   0   0   1|   0     0 |6069k 6068k|   0     0 |1647  4718 |02-12 19:19:46
  1   1  97   0   0   1|   0     0 |6007k 6009k|   0     0 |1866  4617 |02-12 19:19:47
  1   1  97   0   0   0|   0     0 |5848k 5834k|   0     0 |1550  4448 |02-12 19:19:48
  1   1  97   0   0   1|   0     0 |6013k 6024k|   0     0 |1709  4599 |02-12 19:19:49
  1   1  97   0   0   1|   0     0 |6066k 6065k|   0     0 |1841  4791 |02-12 19:19:50
  1   1  97   0   0   1|   0     0 |6017k 6007k|   0     0 |1763  4569 |02-12 19:19:51
  1   1  98   0   0   1|   0    40k|6158k 6165k|   0     0 |1965  4923 |02-12 19:19:52
  0   0 100   0   0   0|   0     0 |1281k 1279k|   0     0 | 371   948 |02-12 19:19:53
 10   5  86   0   0   0|   0     0 |6336B 6336B|   0     0 | 100   180 |02-12 19:19:54
  5   6  89   0   0   0|   0     0 |5900B 3515B|   0     0 |  90   302 |02-12 19:19:55
  5   6  89   0   0   0|   0     0 |   0     0 |   0     0 |  22    77 |02-12 19:19:56
  5   5  89   0   0   0|   0  8192B|   0     0 |   0     0 |  22   106 |02-12 19:19:57
  5   6  89   1   0   0|   0    60k|5478B 2803B|   0     0 |  58   193 |02-12 19:19:58
  5   6  89   0   0   0|   0     0 |   0     0 |   0     0 |  27    91 |02-12 19:19:59
  6   5  90   0   0   0|   0     0 |   0     0 |   0     0 |  74   214 |02-12 19:20:00
  5   5  89   0   0   0|   0     0 |5725B 3050B|   0     0 |  42   194 |02-12 19:20:01
  5   6  89   0   0   0|   0     0 |1986B 2063B|   0     0 |  32   127 |02-12 19:20:02
 16   7  77   0   0   0|   0     0 |3252B 3374B|   0     0 | 887  1908 |02-12 19:20:03
  1   0  99   0   0   0|   0     0 |  12k 9513B|   0     0 | 114   391 |02-12 19:20:04
  0   0 100   0   0   0|   0     0 |   0     0 |   0     0 |  33    98 |02-12 19:20:05
  0   0 100   0   0   0|   0     0 |   0     0 |   0     0 |  25    57 |02-12 19:20:06
  0   0 100   0   0   0|   0     0 |5478B 2803B|   0     0 |  24    77 |02-12 19:20:07
  0   0 100   0   0   0|   0     0 |   0     0 |   0     0 |  24    41 |02-12 19:20:08
  0   0 100   0   0   0|   0     0 |   0     0 |   0     0 |  23    68 |02-12 19:20:09
  0   0 100   0   0   0|   0     0 |5478B 2803B|   0     0 |  39   123 |02-12 19:20:10
  0   0 100   0   0   0|   0     0 |   0     0 |   0     0 |  23    39 |02-12 19:20:11
  0   0 100   0   0   0|   0     0 |   0     0 |   0     0 |  23    51 |02-12 19:20:12
  0   0 100   0   0   0|   0     0 |5084B 1072B|   0     0 |  26    80 |02-12 19:20:13
  0   0 100   0   0   0|   0     0 | 394B 1731B|   0     0 |  20    46 |02-12 19:20:14
  0   0 100   0   0   0|   0     0 |   0     0 |   0     0 |  31    74 |02-12 19:20:15
  0   0 100   0   0   0|   0     0 |   0     0 |   0     0 |  26    41 |02-12 19:20:16
  0   0 100   0   0   0|   0     0 |5478B 2803B|   0     0 |  21    85 |02-12 19:20:17
  0   0 100   0   0   0|   0     0 |2021B 2093B|   0     0 |  32    85 |02-12 19:20:18
  1   1  98   0   0   0|   0     0 |1578B  856B|   0     0 | 148   382 |02-12 19:20:19
  1   1  99   0   0   0|   0     0 |8583B 5984B|   0     0 | 175   510 |02-12 19:20:20
  1   0  98   0   0   0|   0     0 |1596B 1340B|   0     0 | 154   394 |02-12 19:20:21
  4   1  95   0   0   0|   0     0 |2146B 2506B|   0     0 | 419   982 |02-12 19:20:22
  0   0 100   0   0   0|   0  8192B|5478B 2803B|   0     0 |  25   125 |02-12 19:20:23
  0   0 100   0   0   0|   0     0 |   0     0 |   0     0 |  19    73 |02-12 19:20:24
  0   0 100   0   0   0|   0     0 |   0     0 |   0     0 |  35   134 |02-12 19:20:25
  0   0 100   0   0   0|   0     0 |5478B 2803B|   0     0 |  20   101 |02-12 19:20:26
 21   2  77   0   0   1|   0     0 |4283k 4263k|   0     0 |1877  5777 |02-12 19:20:27
 11   2  86   0   0   1|   0    28k|6462k 6432k|   0     0 | 976  4975 |02-12 19:20:28
 14   1  83   1   0   1|   0    56k|6387k 6414k|   0     0 |1006  5054 |02-12 19:20:29
  3   2  95   0   0   1|   0     0 |6075k 6070k|   0     0 |1106  4644 |02-12 19:20:30
 10   2  88   0   0   0|   0     0 |6066k 6070k|   0     0 |1451  4702 |02-12 19:20:31
  4   1  94   0   0   1|   0     0 |6189k 6186k|   0     0 |1436  4600 |02-12 19:20:32
  3   1  95   0   0   1|   0  8192B|6165k 6166k|   0     0 |1600  4662 |02-12 19:20:33
  2   1  97   0   0   1|   0     0 |6127k 6126k|   0     0 |1576  4658 |02-12 19:20:34
  3   2  95   0   0   0|   0     0 |6339k 6335k|   0     0 |1777  4769 |02-12 19:20:35
  4   1  95   0   0   0|   0     0 |6247k 6249k|   0     0 |1840  4892 |02-12 19:20:36
  1   1  97   0   0   1|   0     0 |6142k 6140k|   0     0 |1745  4618 |02-12 19:20:37
  2   1  97   0   0   1|   0    80k|6158k 6156k|   0     0 |1775  4695 |02-12 19:20:38
  1   1  96   0   0   1|   0     0 |6268k 6266k|   0     0 |1792  4670 |02-12 19:20:39
  2   1  96   0   0   1|   0     0 |6304k 6306k|   0     0 |1769  4811 |02-12 19:20:40
  4   1  94   0   0   1|   0     0 |6248k 6246k|   0     0 |1773  4649 |02-12 19:20:41
  8   2  89   0   0   1|   0     0 |5807k 5808k|   0     0 |1616  4414 |02-12 19:20:42
  2   1  96   0   0   1|   0     0 |6299k 6298k|   0     0 |1733  4677 |02-12 19:20:43
 11   1  87   0   0   1|   0     0 |6532k 6532k|   0     0 |1921  4892 |02-12 19:20:44
  8   1  91   0   0   1|   0     0 |5990k 5991k|   0     0 |1691  4671 |02-12 19:20:45
  5   1  92   0   0   1|   0     0 |6136k 6136k|   0     0 |1769  4614 |02-12 19:20:46
 11   2  86   0   0   1|   0     0 |5615k 5618k|   0     0 |1684  4585 |02-12 19:20:47
  1   1  97   0   0   0|   0     0 |6263k 6264k|   0     0 |1778  4605 |02-12 19:20:48
  2   1  97   0   0   1|   0     0 |6293k 6294k|   0     0 |1761  4791 |02-12 19:20:49
  2   1  96   0   0   1|   0     0 |6228k 6226k|   0     0 |1672  4671 |02-12 19:20:50
  2   1  96   0   0   1|   0     0 |6302k 6302k|   0     0 |1850  4866 |02-12 19:20:51
  1   1  97   0   0   1|   0     0 |6228k 6226k|   0     0 |1786  4620 |02-12 19:20:52
  2   1  97   0   0   1|   0    32k|6206k 6204k|   0     0 |1780  4718 |02-12 19:20:53
  6   1  93   0   0   0|   0     0 |6247k 6249k|   0     0 |1725  4681 |02-12 19:20:54
  6   1  92   0   0   1|   0     0 |6170k 6170k|   0     0 |1639  4742 |02-12 19:20:55
  1   1  97   0   0   1|   0     0 |6208k 6205k|   0     0 |1703  4604 |02-12 19:20:56
  1   1  97   0   0   0|   0     0 |6130k 6130k|   0     0 |1719  4775 |02-12 19:20:57
  0   1  98   0   0   1|   0  4096B|6245k 6245k|   0     0 |1758  4796 |02-12 19:20:58
 11   1  87   0   0   1|   0     0 |5898k 5889k|   0     0 |1765  4666 |02-12 19:20:59
  1   1  97   0   0   1|   0    56k|6082k 6082k|   0     0 |1656  4592 |02-12 19:21:00
  1   1  98   0   0   1|   0     0 |6057k 6010k|   0     0 |1659  4600 |02-12 19:21:01
  1   1  97   0   0   1|   0     0 |6223k 6275k|   0     0 |1761  4704 |02-12 19:21:02
  2   1  97   0   0   0|   0    68k|6162k 6162k|   0     0 |1704  4662 |02-12 19:21:03
  3   1  95   0   0   1|   0     0 |6162k 6162k|   0     0 |1715  4691 |02-12 19:21:04
  1   1  98   0   0   1|   0     0 |6216k 6212k|   0     0 |1794  4774 |02-12 19:21:05
  2   1  96   0   0   1|   0     0 |6229k 6223k|   0     0 |1684  4690 |02-12 19:21:06
  1   1  97   0   0   1|   0     0 |6106k 6100k|   0     0 |1899  4648 |02-12 19:21:07
  1   1  96   0   0   1|   0     0 |6255k 6265k|   0     0 |1612  4771 |02-12 19:21:08
  1   1  97   0   0   1|   0     0 |6266k 6266k|   0     0 |1774  4847 |02-12 19:21:09
  1   1  97   0   0   1|   0     0 |6216k 6218k|   0     0 |1632  4647 |02-12 19:21:10
  1   1  97   0   0   1|   0     0 |6127k 6124k|   0     0 |1861  4734 |02-12 19:21:11
  1   1  97   0   0   1|   0     0 |6187k 6183k|   0     0 |1709  4619 |02-12 19:21:12
  1   1  97   0   0   1|   0     0 |6205k 6210k|   0     0 |1497  4702 |02-12 19:21:13
  1   1  97   0   0   1|   0     0 |6212k 6208k|   0     0 |1876  4751 |02-12 19:21:14
  1   1  97   0   0   1|   0     0 |6214k 6214k|   0     0 |1612  4704 |02-12 19:21:15
  1   1  97   0   0   1|   0     0 |6212k 6210k|   0     0 |1696  4747 |02-12 19:21:16
  2   1  96   0   0   1|   0     0 |6197k 6190k|   0     0 |1657  4634 |02-12 19:21:17
  1   1  97   0   0   1|   0     0 |6334k 6341k|   0     0 |1766  4874 |02-12 19:21:18
  1   1  98   0   0   1|   0     0 |6204k 6205k|   0     0 |1794  4812 |02-12 19:21:19
  1   1  97   0   0   1|   0     0 |6263k 6261k|   0     0 |1760  4749 |02-12 19:21:20
  1   2  96   0   0   1|   0     0 |6304k 6293k|   0     0 |1654  4937 |02-12 19:21:21
  1   2  96   0   0   1|   0     0 |6246k 6258k|   0     0 |1770  4567 |02-12 19:21:22
  1   1  97   0   0   1|   0     0 |6250k 6248k|   0     0 |1631  4782 |02-12 19:21:23
  1   1  97   0   0   1|   0    28k|6289k 6289k|   0     0 |1703  4768 |02-12 19:21:24
  1   1  98   0   0   0|   0     0 |6390k 6390k|   0     0 |1747  4785 |02-12 19:21:25
  1   1  97   0   0   1|   0     0 |6132k 6129k|   0     0 |1708  4903 |02-12 19:21:26
  0   0  99   0   0   0|   0     0 |1342k 1340k|   0     0 | 366   984 |02-12 19:21:27
  9   4  87   0   0   0|   0     0 |6336B 6336B|   0     0 |  89   177 |02-12 19:21:28
  6   5  89   0   0   0|   0  8192B|5478B 2803B|   0     0 |  79   277 |02-12 19:21:29
  5   6  89   0   0   0|   0     0 |   0     0 |   0     0 |  28   101 |02-12 19:21:30
  5   6  89   0   0   0|   0    32k|   0     0 |   0     0 |  37   131 |02-12 19:21:31
  5   6  89   0   0   0|   0     0 |5478B 2803B|   0     0 |  60   181 |02-12 19:21:32
  6   4  90   0   0   0|   0     0 |   0     0 |   0     0 |  22   102 |02-12 19:21:33
  5   5  90   0   0   0|   0     0 |   0     0 |   0     0 |  26    91 |02-12 19:21:34
  5   6  89   0   0   0|   0     0 |7193B 4158B|   0     0 |  75   241 |02-12 19:21:35
  6   5  89   0   0   0|   0     0 |1010B 1246B|   0     0 |  60   201 |02-12 19:21:36
 14   7  79   0   0   0|   0     0 |9444B 9686B|   0     0 |1088  2483 |02-12 19:21:37
  0   0 100   0   0   0|   0     0 |5544B 2803B|   0     0 |  24   108 |02-12 19:21:38
  0   0 100   0   0   0|   0     0 |   0     0 |   0     0 |  23    51 |02-12 19:21:39
  0   0 100   0   0   0|   0     0 |   0     0 |   0     0 |  23    41 |02-12 19:21:40
  0   0 100   0   0   0|   0     0 |5478B 2803B|   0     0 |  35   121 |02-12 19:21:41
  0   0 100   0   0   0|   0     0 |   0     0 |   0     0 |  19    24 |02-12 19:21:42
  0   0 100   0   0   0|   0     0 |   0     0 |   0     0 |  18    25 |02-12 19:21:43
  0   0 100   0   0   0|   0     0 |8160B 8395B|   0     0 |  45   162 |02-12 19:21:44
  0   0 100   0   0   0|   0     0 |   0     0 |   0     0 |  18    42 |02-12 19:21:45
  0   0 100   0   0   0|   0     0 |   0     0 |   0     0 |  37    93 |02-12 19:21:46
  0   0 100   0   0   0|   0     0 |5224B 2737B|   0     0 |  24    57 |02-12 19:21:47
  0   0 100   0   0   0|   0     0 | 254B   66B|   0     0 |  24    47 |02-12 19:21:48
  0   0 100   0   0   0|   0     0 |   0     0 |   0     0 |  23    79 |02-12 19:21:49
  0   0 100   0   0   0|   0     0 |2725B 2601B|   0     0 |  46   141 |02-12 19:21:50
  2   1  97   0   0   0|   0     0 |8011B 4970B|   0     0 | 301   786 |02-12 19:21:51
  2   1  98   0   0   0|   0     0 |3374B 2514B|   0     0 | 177   486 |02-12 19:21:52
  4   1  95   0   0   0|   0     0 |3752B 5800B|   0     0 | 594  1462 |02-12 19:21:53
  0   0 100   0   0   0|   0     0 |5478B 2803B|   0     0 |  20   110 |02-12 19:21:54
  0   0 100   0   0   0|   0     0 |   0     0 |   0     0 |  19    69 |02-12 19:21:55
  0   0 100   0   0   0|   0     0 |   0     0 |   0     0 |  30   110 |02-12 19:21:56
  0   0 100   0   0   0|   0     0 |5900B 3515B|   0     0 |  23   128 |02-12 19:21:57
 21   3  76   0   0   1|   0     0 |2691k 2646k|   0     0 |1513  4213 |02-12 19:21:58
 10   2  88   0   0   1|   0     0 |6355k 6358k|   0     0 | 731  3795 |02-12 19:21:59
 15   1  83   0   0   1|   0    20k|6203k 6170k|   0     0 | 857  4064 |02-12 19:22:00
  5   1  93   0   0   1|   0     0 |6220k 6185k|   0     0 | 656  3507 |02-12 19:22:01
  5   2  90   2   0   1|   0    80k|6002k 6043k|   0     0 | 816  3620 |02-12 19:22:02
  6   2  91   0   0   1|   0     0 |6548k 6507k|   0     0 |1013  3545 |02-12 19:22:03
  2   1  97   0   0   0|   0     0 |6436k 6480k|   0     0 | 950  3456 |02-12 19:22:04
  1   2  97   0   0   1|   0    72k|6229k 6172k|   0     0 | 946  3327 |02-12 19:22:05
  4   1  94   0   0   1|   0     0 |6152k 6164k|   0     0 |1088  3773 |02-12 19:22:06
  3   1  95   0   0   1|   0     0 |6280k 6226k|   0     0 | 995  3469 |02-12 19:22:07
  3   1  95   0   0   1|   0     0 |6353k 6432k|   0     0 |1061  3695 |02-12 19:22:08
  1   1  97   0   0   1|   0     0 |5761k 5754k|   0     0 | 800  3185 |02-12 19:22:09
  1   1  98   0   0   1|   0    84k|6199k 6136k|   0     0 |1017  3348 |02-12 19:22:10
  1   1  96   0   0   1|   0     0 |6329k 6373k|   0     0 | 700  3508 |02-12 19:22:11
  1   1  97   0   0   1|   0     0 |6005k 6012k|   0     0 | 620  3199 |02-12 19:22:12
  2   2  95   0   0   1|   0     0 |6268k 6236k|   0     0 | 708  3448 |02-12 19:22:13
  9   2  88   0   0   1|   0     0 |6271k 6283k|   0     0 | 784  3631 |02-12 19:22:14
 11   1  87   0   0   1|   0     0 |5864k 5881k|   0     0 | 775  3601 |02-12 19:22:15
 10   1  89   0   0   1|   0     0 |6141k 6120k|   0     0 | 697  3419 |02-12 19:22:16
 10   1  88   0   0   1|   0     0 |5954k 5883k|   0     0 | 802  3612 |02-12 19:22:17
 12   1  86   0   0   1|   0     0 |5885k 5949k|   0     0 | 549  3198 |02-12 19:22:18
 10   1  88   0   0   1|   0     0 |6146k 6156k|   0     0 | 765  3673 |02-12 19:22:19
  5   1  93   0   0   1|   0     0 |5943k 5896k|   0     0 | 916  3504 |02-12 19:22:20
  1   1  97   0   0   1|   0     0 |6411k 6454k|   0     0 | 892  3463 |02-12 19:22:21
  1   1  98   0   0   1|   0     0 |6145k 6114k|   0     0 | 971  3271 |02-12 19:22:22
  1   1  97   0   0   1|   0     0 |5974k 6000k|   0     0 | 894  3212 |02-12 19:22:23
  1   0  98   0   0   1|   0     0 |6078k 5998k|   0     0 |1039  3412 |02-12 19:22:24
  1   2  96   0   0   1|   0    32k|6303k 6351k|   0     0 |1033  3425 |02-12 19:22:25
  1   1  97   0   0   1|   0     0 |5933k 5948k|   0     0 | 826  3407 |02-12 19:22:26
  2   1  97   0   0   0|   0     0 |6086k 6037k|   0     0 | 715  3522 |02-12 19:22:27
  1   1  97   0   0   1|   0     0 |5976k 6019k|   0     0 | 662  3414 |02-12 19:22:28
 11   1  86   0   0   1|   0     0 |6375k 6306k|   0     0 | 791  3815 |02-12 19:22:29
  2   1  96   0   0   1|   0     0 |6166k 6230k|   0     0 | 734  3615 |02-12 19:22:30
  1   2  96   0   0   1|   0  4096B|6210k 6145k|   0     0 | 693  3519 |02-12 19:22:31
  2   2  96   0   0   1|   0     0 |6124k 6180k|   0     0 | 686  3511 |02-12 19:22:32
  1   1  97   0   0   1|   0    28k|6119k 6112k|   0     0 | 718  3562 |02-12 19:22:33
  2   2  96   0   0   1|   0     0 |6115k 6118k|   0     0 | 664  3494 |02-12 19:22:34
  1   1  97   0   0   1|   0     0 |6137k 6114k|   0     0 | 630  3477 |02-12 19:22:35
  2   1  96   0   0   1|   0     0 |6140k 6160k|   0     0 | 738  3631 |02-12 19:22:36
  1   1  98   0   0   1|   0     0 |6294k 6293k|   0     0 | 688  3591 |02-12 19:22:37
  3   1  95   0   0   0|   0     0 |6059k 6057k|   0     0 | 723  3512 |02-12 19:22:38
  2   2  96   0   0   1|   0     0 |6060k 6055k|   0     0 | 711  3662 |02-12 19:22:39
  1   2  96   0   0   1|   0     0 |6399k 6398k|   0     0 | 650  3544 |02-12 19:22:40
  3   1  96   0   0   1|   0     0 |6160k 6158k|   0     0 | 914  3708 |02-12 19:22:41
  1   1  97   0   0   1|   0     0 |6185k 6178k|   0     0 | 754  3629 |02-12 19:22:42
  1   1  97   0   0   1|   0     0 |6167k 6162k|   0     0 | 753  3546 |02-12 19:22:43
  1   1  98   0   0   1|   0     0 |6261k 6260k|   0     0 | 778  3716 |02-12 19:22:44
  1   2  97   0   0   1|   0     0 |6146k 6142k|   0     0 | 754  3762 |02-12 19:22:45
  1   1  97   0   0   1|   0     0 |5918k 5917k|   0     0 | 765  3633 |02-12 19:22:46
  1   1  97   0   0   1|   0     0 |6018k 6018k|   0     0 | 772  3737 |02-12 19:22:47
  2   2  96   0   0   1|   0     0 |6104k 6095k|   0     0 | 792  3733 |02-12 19:22:48
  1   1  98   0   0   0|   0     0 |6174k 6177k|   0     0 | 735  3589 |02-12 19:22:49
  1   1  97   0   0   1|   0     0 |6357k 6356k|   0     0 | 772  3850 |02-12 19:22:50
  6   2  91   0   0   1|   0     0 |6413k 6405k|   0     0 | 844  3962 |02-12 19:22:51
  2   2  96   0   0   1|   0     0 |6301k 6301k|   0     0 | 708  3695 |02-12 19:22:52
  2   1  97   0   0   1|   0     0 |6036k 6032k|   0     0 | 723  3648 |02-12 19:22:53
  2   1  97   0   0   0|   0     0 |6087k 6086k|   0     0 | 649  3397 |02-12 19:22:54
  2   2  96   0   0   1|   0     0 |6192k 6192k|   0     0 | 787  3792 |02-12 19:22:55
  3   1  96   0   0   1|   0    20k|6184k 6172k|   0     0 | 721  3603 |02-12 19:22:56
  1   1  97   0   0   1|   0     0 |6305k 6301k|   0     0 | 729  3718 |02-12 19:22:57
  7   3  89   0   0   0|   0     0 |3163k 3155k|   0     0 | 580  2111 |02-12 19:22:58
  5   5  89   0   0   0|   0     0 |2112B 2112B|   0     0 |  28   102 |02-12 19:22:59
  5   5  90   0   0   0|   0     0 |5478B 2803B|   0     0 |  25   115 |02-12 19:23:00
  5   6  89   0   0   0|   0     0 |   0     0 |   0     0 |  80   237 |02-12 19:23:01
  5   5  89   0   0   0|   0     0 |   0     0 |   0     0 |  25    85 |02-12 19:23:02
  5   6  89   0   0   0|   0     0 |5478B 2803B|   0     0 |  68   186 |02-12 19:23:03
  4   6  89   0   0   0|   0    48k|   0     0 |   0     0 |  22    81 |02-12 19:23:04
  5   6  89   0   0   0|   0     0 |   0     0 |   0     0 |  20    89 |02-12 19:23:05
  6   5  89   0   0   0|   0    40k|7521B 4654B|   0     0 | 104   311 |02-12 19:23:06
  7   7  86   0   0   0|   0     0 |4720B 6762B|   0     0 | 443  1038 |02-12 19:23:07
 18   4  77   0   0   0|   0     0 |7056B 6842B|   0     0 | 581  1444 |02-12 19:23:08
  0   0 100   0   0   0|   0     0 |5478B 2803B|   0     0 |  22    98 |02-12 19:23:09
  0   0 100   0   0   0|   0     0 |   0     0 |   0     0 |  22    32 |02-12 19:23:10
  0   0 100   0   0   0|   0     0 |   0     0 |   0     0 |  38    98 |02-12 19:23:11
  0   0 100   0   0   0|   0     0 |5478B 2803B|   0     0 |  24    73 |02-12 19:23:12
  0   0 100   0   0   0|   0     0 |  74B  200B|   0     0 |  24    61 |02-12 19:23:13
  0   0 100   0   0   0|   0     0 |1125B 2017B|   0     0 |  35   107 |02-12 19:23:14
  0   0 100   0   0   0|   0     0 |5742B 3105B|   0     0 |  65   195 |02-12 19:23:15
  0   0 100   0   0   0|   0     0 | 254B   66B|   0     0 |  39    91 |02-12 19:23:16
  0   0 100   0   0   0|   0     0 |   0     0 |   0     0 |  23    73 |02-12 19:23:17
  0   0 100   0   0   0|   0     0 |   0     0 |   0     0 |  24    66 |02-12 19:23:18
  0   0 100   0   0   0|   0     0 |5478B 2803B|   0     0 |  24    78 |02-12 19:23:19
  0   0 100   0   0   0|   0     0 |  60B   58B|   0     0 |  23    43 |02-12 19:23:20
  0   0 100   0   0   0|   0     0 |2103B 1975B|   0     0 |  47   137 |02-12 19:23:21
  2   1  97   0   0   0|   0  8192B|8520B 5481B|   0     0 | 295   789 |02-12 19:23:22
  1   0  99   0   0   0|   0     0 |3547B 2621B|   0     0 | 164   415 |02-12 19:23:23
  4   1  95   0   0   0|   0     0 |3752B 5866B|   0     0 | 609  1466 |02-12 19:23:24
  0   0 100   0   0   0|   0     0 |5478B 2803B|   0     0 |  24   134 |02-12 19:23:25
  0   0 100   0   0   0|   0     0 |   0     0 |   0     0 |  38   130 |02-12 19:23:26
  0   0 100   0   0   0|   0     0 |   0     0 |   0     0 |  24    85 |02-12 19:23:27
  0   0 100   0   0   0|   0     0 |5478B 2803B|   0     0 |  23   116 |02-12 19:23:28
 20   3  76   0   0   1|   0     0 |3714k 3686k|   0     0 |1566  4709 |02-12 19:23:29
 11   2  86   0   0   1|   0     0 |6433k 6433k|   0     0 | 840  3928 |02-12 19:23:30
 15   2  82   0   0   1|   0     0 |6204k 6183k|   0     0 | 900  4129 |02-12 19:23:31
  2   1  96   0   0   1|   0     0 |6055k 6061k|   0     0 | 593  3360 |02-12 19:23:32
  7   2  91   0   0   1|   0     0 |6456k 6456k|   0     0 | 799  3397 |02-12 19:23:33
  6   2  92   0   0   1|   0     0 |5972k 5968k|   0     0 | 847  3200 |02-12 19:23:34
  2   1  96   0   0   1|   0    64k|6457k 6451k|   0     0 |1024  3594 |02-12 19:23:35
  2   1  96   0   0   1|   0     0 |6219k 6218k|   0     0 |1010  3383 |02-12 19:23:36
  5   1  93   0   0   1|   0    12k|5977k 5969k|   0     0 |1030  3497 |02-12 19:23:37
  5   1  94   0   0   1|   0     0 |6674k 6669k|   0     0 | 911  3707 |02-12 19:23:38
  2   1  97   0   0   1|   0     0 |6110k 6109k|   0     0 | 897  3571 |02-12 19:23:39
  2   1  95   0   0   1|   0     0 |6343k 6335k|   0     0 | 832  3566 |02-12 19:23:40
  1   1  97   0   0   1|   0     0 |6314k 6311k|   0     0 | 792  3765 |02-12 19:23:41
  1   1  97   0   0   1|   0   280k|6108k 6110k|   0     0 | 793  3653 |02-12 19:23:42
  1   1  97   0   0   1|   0     0 |6093k 6083k|   0     0 |1121  3508 |02-12 19:23:43
  2   2  96   0   0   1|   0     0 |5970k 5967k|   0     0 |1151  3709 |02-12 19:23:44
  1   1  97   0   0   1|   0     0 |6031k 6027k|   0     0 | 919  3528 |02-12 19:23:45
 10   2  88   0   0   0|   0     0 |5862k 5855k|   0     0 | 826  3421 |02-12 19:23:46
  3   1  95   0   0   1|   0     0 |6360k 6358k|   0     0 | 988  3595 |02-12 19:23:47
 11   1  87   0   0   1|   0     0 |6307k 6310k|   0     0 |1013  3874 |02-12 19:23:48
  6   1  92   0   0   1|   0     0 |6215k 6213k|   0     0 |1121  3757 |02-12 19:23:49
 10   1  87   0   0   1|   0     0 |6380k 6380k|   0     0 |1087  3720 |02-12 19:23:50
 11   2  86   0   0   1|   0     0 |6449k 6448k|   0     0 | 642  3638 |02-12 19:23:51
  1   1  97   0   0   1|   0  8192B|6361k 6361k|   0     0 | 892  3885 |02-12 19:23:52
  1   1  97   0   0   1|   0     0 |6319k 6307k|   0     0 | 967  3590 |02-12 19:23:53
  2   1  96   0   0   1|   0     0 |6002k 6002k|   0     0 | 758  3538 |02-12 19:23:54
  6   2  92   0   0   1|   0     0 |6098k 6095k|   0     0 | 686  3419 |02-12 19:23:55
  7   2  90   0   0   1|   0     0 |5998k 5987k|   0     0 | 823  3574 |02-12 19:23:56
  9   1  90   0   0   0|   0     0 |6156k 6157k|   0     0 | 703  3520 |02-12 19:23:57
  1   2  96   0   0   1|   0    32k|6272k 6270k|   0     0 | 687  3527 |02-12 19:23:58
  1   2  96   0   0   1|   0     0 |5989k 5987k|   0     0 | 741  3578 |02-12 19:23:59
  1   1  97   0   0   1|   0     0 |6177k 6179k|   0     0 | 734  3606 |02-12 19:24:00
  2   2  96   0   0   1|   0     0 |5932k 5920k|   0     0 | 747  3564 |02-12 19:24:01
  1   1  96   0   0   1|   0     0 |6125k 6127k|   0     0 | 723  3580 |02-12 19:24:02
  2   1  96   0   0   1|   0  8192B|6279k 6276k|   0     0 | 690  3687 |02-12 19:24:03
  1   1  98   0   0   1|   0     0 |6097k 6094k|   0     0 | 827  3707 |02-12 19:24:04
  1   1  97   0   0   1|   0    72k|5900k 5901k|   0     0 | 708  3546 |02-12 19:24:05
  1   1  97   0   0   1|   0  4096B|6080k 6080k|   0     0 | 791  3689 |02-12 19:24:06
  1   2  97   0   0   0|   0     0 |6532k 6528k|   0     0 | 670  3717 |02-12 19:24:07
  1   1  96   1   0   1|   0    80k|6176k 6175k|   0     0 | 709  3624 |02-12 19:24:08
  3   1  95   0   0   1|   0     0 |5797k 5799k|   0     0 | 668  3339 |02-12 19:24:09
  1   1  97   0   0   1|   0     0 |6276k 6273k|   0     0 | 684  3606 |02-12 19:24:10
  1   1  97   0   0   1|   0     0 |5778k 5773k|   0     0 | 691  3293 |02-12 19:24:11
  3   1  95   0   0   1|   0     0 |5882k 5882k|   0     0 | 749  3460 |02-12 19:24:12
  2   1  96   0   0   1|   0     0 |6236k 6226k|   0     0 | 693  3525 |02-12 19:24:13
  1   1  97   0   0   1|   0     0 |6135k 6135k|   0     0 | 753  3483 |02-12 19:24:14
  1   1  97   0   0   1|   0     0 |5844k 5843k|   0     0 | 653  3345 |02-12 19:24:15
  1   1  97   0   0   1|   0     0 |6069k 6068k|   0     0 | 727  3631 |02-12 19:24:16
  1   1  97   0   0   1|   0     0 |6000k 6000k|   0     0 | 687  3495 |02-12 19:24:17
  2   1  96   0   0   1|   0     0 |5995k 5996k|   0     0 | 667  3333 |02-12 19:24:18
  1   1  97   0   0   1|   0     0 |6117k 6112k|   0     0 | 637  3412 |02-12 19:24:19
  1   1  98   0   0   1|   0     0 |6377k 6372k|   0     0 | 689  3552 |02-12 19:24:20
  2   1  96   0   0   1|   0     0 |6039k 6036k|   0     0 | 776  3622 |02-12 19:24:21
  1   1  96   0   0   1|   0     0 |6132k 6129k|   0     0 | 651  3466 |02-12 19:24:22
  1   1  97   0   0   1|   0  4096B|5964k 5957k|   0     0 | 680  3501 |02-12 19:24:23
  1   2  96   0   0   1|   0     0 |6443k 6442k|   0     0 | 684  3636 |02-12 19:24:24
  1   1  97   0   0   1|   0     0 |6266k 6261k|   0     0 | 651  3501 |02-12 19:24:25
  1   1  97   0   0   1|   0     0 |6365k 6363k|   0     0 | 850  3575 |02-12 19:24:26
  2   1  96   0   0   1|   0     0 |6216k 6215k|   0     0 | 813  3491 |02-12 19:24:27
  1   1  97   0   0   1|   0    20k|6155k 6152k|   0     0 | 615  3405 |02-12 19:24:28
  6   3  90   0   0   0|   0     0 |2919k 2912k|   0     0 | 458  1867 |02-12 19:24:29
  5   6  90   0   0   0|   0     0 |4224B 4224B|   0     0 |  20    71 |02-12 19:24:30
  5   6  89   0   0   0|   0     0 |5478B 2803B|   0     0 |  43   160 |02-12 19:24:31
  5   6  90   0   0   0|   0     0 |   0     0 |   0     0 |  60   173 |02-12 19:24:32
  5   5  90   0   0   0|   0     0 |   0     0 |   0     0 |  24    93 |02-12 19:24:33
  5   6  90   0   0   0|   0     0 |   0     0 |   0     0 |  52   142 |02-12 19:24:34
  5   5  89   0   0   0|   0     0 |5478B 2803B|   0     0 |  34   139 |02-12 19:24:35
  6   5  89   0   0   0|   0    24k|2725B 2535B|   0     0 |  77   283 |02-12 19:24:36
 22   7  71   0   0   0|   0     0 |  10k   12k|   0     0 | 919  2197 |02-12 19:24:37
  0   0 100   0   0   0|   0     0 |5838B 2935B|   0     0 |  90   246 |02-12 19:24:38
  0   0 100   0   0   0|   0    12k|   0     0 |   0     0 |  23    50 |02-12 19:24:39
  0   0 100   0   0   0|   0     0 |   0     0 |   0     0 |  23    41 |02-12 19:24:40
  0   0 100   0   0   0|   0     0 |5478B 2803B|   0     0 |  38   126 |02-12 19:24:41
  0   0 100   0   0   0|   0     0 |   0     0 |   0     0 |  22    37 |02-12 19:24:42
  0   0 100   0   0   0|   0     0 |   0     0 |   0     0 |  18    26 |02-12 19:24:43
  0   0 100   0   0   0|   0     0 |8160B 8395B|   0     0 |  48   177 |02-12 19:24:44
  0   0 100   0   0   0|   0     0 |   0     0 |   0     0 |  19    43 |02-12 19:24:45
  0   0  99   0   0   0|   0     0 |1513B 2201B|   0     0 |  78   235 |02-12 19:24:46
  0   0 100   0   0   0|   0     0 |5478B 2803B|   0     0 |  18    60 |02-12 19:24:47
  2   0  98   0   0   0|   0     0 |3489B 2761B|   0     0 | 164   417 |02-12 19:24:48
  1   1  99   0   0   0|   0     0 |3677B 3963B|   0     0 | 173   507 |02-12 19:24:49
  5   1  94   0   0   0|   0     0 |  10k 9161B|   0     0 | 713  1726 |02-12 19:24:50
  0   0 100   0   0   0|   0     0 |   0     0 |   0     0 |  34   135 |02-12 19:24:51
  0   0 100   0   0   0|   0     0 |   0     0 |   0     0 |  42   168 |02-12 19:24:52
  0   0 100   0   0   0|   0     0 |5478B 2803B|   0     0 |  21   120 |02-12 19:24:53
  0   0 100   0   0   0|   0     0 |   0     0 |   0     0 |  19    71 |02-12 19:24:54
  5   0  95   0   0   0|   0     0 | 149k  112k|   0     0 | 880  1968 |02-12 19:24:55
 20   4  75   0   0   1|   0     0 |6947k 6951k|   0     0 |1141  4881 |02-12 19:24:56
 15   2  82   0   0   1|   0     0 |6245k 6233k|   0     0 | 744  3753 |02-12 19:24:57
  8   1  90   0   0   1|   0     0 |6077k 6075k|   0     0 | 605  3414 |02-12 19:24:58
  7   2  90   0   0   1|   0     0 |5999k 5991k|   0     0 | 809  3511 |02-12 19:24:59
  5   1  94   0   0   1|   0     0 |6161k 6158k|   0     0 | 895  3473 |02-12 19:25:00
  3   2  94   0   0   1|   0     0 |6265k 6263k|   0     0 |1069  3590 |02-12 19:25:01
  1   0  98   0   0   1|   0     0 |6145k 6143k|   0     0 |1017  3391 |02-12 19:25:02
  6   1  92   0   0   1|   0     0 |6020k 6017k|   0     0 |1043  3449 |02-12 19:25:03
  5   1  93   0   0   1|   0     0 |6129k 6131k|   0     0 |1107  3475 |02-12 19:25:04
  3   1  95   0   0   1|   0     0 |5952k 5942k|   0     0 | 875  3445 |02-12 19:25:05
  2   2  96   0   0   1|   0     0 |6328k 6324k|   0     0 | 952  3631 |02-12 19:25:06
  1   1  97   0   0   1|   0    80k|6134k 6132k|   0     0 | 608  3332 |02-12 19:25:07
  1   2  97   0   0   1|   0     0 |6307k 6300k|   0     0 | 706  3556 |02-12 19:25:08
  2   1  96   0   0   1|   0   356k|6211k 6210k|   0     0 | 692  3600 |02-12 19:25:09
  7   2  91   0   0   1|   0  4096B|6214k 6214k|   0     0 | 838  3724 |02-12 19:25:10
  8   1  90   0   0   1|   0     0 |6041k 6030k|   0     0 | 729  3651 |02-12 19:25:11
 12   1  86   0   0   1|   0     0 |6187k 6188k|   0     0 | 845  3771 |02-12 19:25:12
 11   1  87   0   0   1|   0     0 |6075k 6070k|   0     0 | 835  3711 |02-12 19:25:13
  2   1  96   0   0   0|   0  8192B|6561k 6552k|   0     0 | 772  3763 |02-12 19:25:14
 11   1  88   0   0   0|   0     0 |5709k 5708k|   0     0 | 653  3454 |02-12 19:25:15
  9   1  89   0   0   0|   0     0 |5737k 5738k|   0     0 | 773  3570 |02-12 19:25:16
  6   1  93   0   0   1|   0     0 |6143k 6139k|   0     0 | 826  3801 |02-12 19:25:17
  1   1  97   0   0   1|   0     0 |6263k 6262k|   0     0 | 708  3557 |02-12 19:25:18
  2   1  96   0   0   1|   0  4096B|6493k 6490k|   0     0 | 827  3723 |02-12 19:25:19
  1   1  97   0   0   1|   0     0 |6082k 6081k|   0     0 | 683  3395 |02-12 19:25:20
  1   2  97   0   0   0|   0     0 |5922k 5917k|   0     0 | 887  3530 |02-12 19:25:21
  1   1  98   0   0   1|   0     0 |5874k 5873k|   0     0 | 819  3240 |02-12 19:25:22
  5   2  94   0   0   0|   0     0 |6350k 6348k|   0     0 | 747  3651 |02-12 19:25:23
  8   1  90   0   0   1|   0     0 |6100k 6094k|   0     0 | 820  3831 |02-12 19:25:24
  2   2  96   0   0   1|   0    32k|6040k 6031k|   0     0 | 819  3819 |02-12 19:25:25
  1   2  96   0   0   1|   0     0 |6015k 6007k|   0     0 | 781  3754 |02-12 19:25:26
  2   1  96   0   0   1|   0     0 |6006k 6000k|   0     0 | 869  3913 |02-12 19:25:27
  2   1  97   0   0   1|   0     0 |6021k 6014k|   0     0 | 668  3579 |02-12 19:25:28
  1   1  98   0   0   1|   0     0 |5998k 5994k|   0     0 | 744  3663 |02-12 19:25:29
  1   2  97   0   0   1|   0     0 |6225k 6223k|   0     0 | 727  3490 |02-12 19:25:30
  5   2  92   0   0   1|   0     0 |5936k 5935k|   0     0 | 902  3792 |02-12 19:25:31
  8   2  89   0   0   1|   0     0 |5907k 5902k|   0     0 | 926  3692 |02-12 19:25:32
  1   1  97   0   0   1|   0     0 |6141k 6140k|   0     0 | 810  3734 |02-12 19:25:33
  1   1  97   0   0   1|   0     0 |5928k 5922k|   0     0 | 727  3450 |02-12 19:25:34
  3   1  96   0   0   1|   0     0 |5910k 5907k|   0     0 | 783  3661 |02-12 19:25:35
  2   2  96   0   0   1|   0     0 |6087k 6087k|   0     0 | 721  3535 |02-12 19:25:36
  1   1  97   0   0   1|   0     0 |6028k 6026k|   0     0 | 803  3646 |02-12 19:25:37
  3   1  95   1   0   0|   0    44k|5993k 5989k|   0     0 | 713  3573 |02-12 19:25:38
  1   1  97   0   0   0|   0     0 |6030k 6022k|   0     0 | 764  3610 |02-12 19:25:39
  1   2  97   0   0   1|   0     0 |5992k 5991k|   0     0 | 631  3265 |02-12 19:25:40
  2   2  96   0   0   0|   0     0 |6159k 6155k|   0     0 | 731  3703 |02-12 19:25:41
  1   1  98   0   0   1|   0     0 |6279k 6280k|   0     0 | 654  3524 |02-12 19:25:42
  1   1  97   0   0   1|   0     0 |5970k 5965k|   0     0 | 649  3392 |02-12 19:25:43
  1   2  97   0   0   1|   0     0 |5969k 5965k|   0     0 | 757  3662 |02-12 19:25:44
  1   1  98   0   0   1|   0  4096B|6002k 6000k|   0     0 | 649  3456 |02-12 19:25:45
  1   1  97   0   0   1|   0     0 |6018k 6014k|   0     0 | 763  3492 |02-12 19:25:46
  1   1  96   0   0   1|   0     0 |6194k 6183k|   0     0 | 709  3643 |02-12 19:25:47
  1   1  98   0   0   0|   0     0 |5926k 5918k|   0     0 | 738  3486 |02-12 19:25:48
  9   1  89   0   0   1|   0     0 |6355k 6350k|   0     0 | 745  3756 |02-12 19:25:49
  2   1  96   0   0   1|   0     0 |5932k 5924k|   0     0 | 882  3561 |02-12 19:25:50
  1   2  97   0   0   1|   0     0 |6272k 6271k|   0     0 |1025  3641 |02-12 19:25:51
  1   1  97   0   0   0|   0     0 |6271k 6271k|   0     0 | 725  3567 |02-12 19:25:52
  1   1  98   0   0   1|   0     0 |6026k 6024k|   0     0 | 759  3555 |02-12 19:25:53
  2   1  96   0   0   1|   0     0 |6176k 6171k|   0     0 | 718  3541 |02-12 19:25:54
  1   1  98   0   0   1|   0    20k|5144k 5138k|   0     0 | 648  3049 |02-12 19:25:55
  4   1  95   0   0   0|   0     0 |6336B 6336B|   0     0 |  87   196 |02-12 19:25:56
  6   5  89   0   0   0|   0     0 |5478B 2803B|   0     0 |  33   127 |02-12 19:25:57
  5   6  90   0   0   0|   0     0 |   0     0 |   0     0 |  53   142 |02-12 19:25:58
  5   6  89   0   0   0|   0     0 |   0     0 |   0     0 |  25    91 |02-12 19:25:59
  6   5  89   0   0   0|   0     0 |5900B 3515B|   0     0 |  61   197 |02-12 19:26:00
  5   5  89   0   0   0|   0     0 |   0     0 |   0     0 |  41   152 |02-12 19:26:01
  6   5  89   0   0   0|   0     0 | 313B 1289B|   0     0 |  33   107 |02-12 19:26:02
  8   7  85   0   0   0|   0     0 |  12k   10k|   0     0 | 565  1306 |02-12 19:26:03
 17   3  80   0   0   0|   0     0 |7188B 6842B|   0     0 | 397  1093 |02-12 19:26:04
  0   0 100   0   0   0|   0     0 | 799B 1355B|   0     0 |  29    93 |02-12 19:26:05
  1   0  99   0   0   0|   0     0 |6192B 3649B|   0     0 |  71   214 |02-12 19:26:06
  0   0 100   0   0   0|   0     0 |   0     0 |   0     0 |  20    29 |02-12 19:26:07
  0   0 100   0   0   0|   0     0 |   0     0 |   0     0 |  19    26 |02-12 19:26:08
  0   0  99   0   0   0|   0    64k|5478B 2803B|   0     0 |  20    93 |02-12 19:26:09
  0   0 100   0   0   0|   0     0 |   0     0 |   0     0 |  18    26 |02-12 19:26:10
  0   0 100   0   0   0|   0    68k|   0     0 |   0     0 |  29    67 |02-12 19:26:11
  0   0 100   0   0   0|   0     0 |5478B 2803B|   0     0 |  23    65 |02-12 19:26:12
  0   0 100   0   0   0|   0     0 |   0     0 |   0     0 |  19    43 |02-12 19:26:13
  0   0 100   0   0   0|   0     0 |   0     0 |   0     0 |  18    26 |02-12 19:26:14
  0   0 100   0   0   0|   0     0 |5478B 2803B|   0     0 |  19    57 |02-12 19:26:15
  0   0 100   0   0   0|   0  8192B|   0     0 |   0     0 |  30    73 |02-12 19:26:16
  0   0 100   0   0   0|   0     0 | 293B 1289B|   0     0 |  33    98 |02-12 19:26:17
