[7l----total-cpu-usage---- -dsk/total- -net/total- ---paging-- ---system-- ----system----
usr sys idl wai hiq siq| read  writ| recv  send|  in   out | int   csw |     time     
  2   3  93   0   0   2|  25k   69k|   0     0 |   0     0 | 464  1785 |02-12 19:46:44
  0   0  99   0   0   0|   0     0 |   0     0 |   0     0 |  38    86 |02-12 19:46:45
  0   0 100   0   0   0|   0     0 |   0     0 |   0     0 |  25    45 |02-12 19:46:46
  1   0  99   0   0   0|   0     0 |5422B 2782B|   0     0 |  22    70 |02-12 19:46:47
  0   0 100   0   0   0|   0     0 |   0     0 |   0     0 |  23    56 |02-12 19:46:48
  1   1  99   0   0   0|   0     0 |1715B 1289B|   0     0 |  36    83 |02-12 19:46:49
  8   6  86   0   0   1|   0     0 |  17k  281k|   0     0 | 209   633 |02-12 19:46:50
  2   2  94   0   0   3|   0     0 | 176k 5279k|   0     0 | 569  2327 |02-12 19:46:51
  2   4  93   0   0   1|   0     0 | 175k 5231k|   0     0 | 610  2414 |02-12 19:46:52
  3   3  92   0   0   3|   0     0 | 193k 5635k|   0     0 | 658  2508 |02-12 19:46:53
  3   3  92   0   0   3|   0     0 | 214k 6418k|   0     0 | 684  2661 |02-12 19:46:54
  2   2  94   0   0   3|   0     0 | 224k 6701k|   0     0 | 685  2843 |02-12 19:46:55
  2   3  91   2   0   3|   0    44k| 246k 7224k|   0     0 | 711  3008 |02-12 19:46:56
  2   3  93   0   0   3|   0  4096B| 247k 7394k|   0     0 | 780  3080 |02-12 19:46:57
  3   3  90   0   0   4|   0     0 | 231k 6910k|   0     0 | 730  2910 |02-12 19:46:58
  3   2  91   0   0   4|   0     0 | 218k 6376k|   0     0 | 690  2734 |02-12 19:46:59
  2   4  91   0   0   3|   0     0 | 227k 6783k|   0     0 | 728  2831 |02-12 19:47:00
  1   2  94   0   0   3|   0     0 | 226k 6778k|   0     0 | 741  2924 |02-12 19:47:01
  3   2  93   0   0   2|   0     0 | 221k 6466k|   0     0 | 697  2763 |02-12 19:47:02
  2   4  91   0   0   3|   0     0 | 212k 6345k|   0     0 | 701  2740 |02-12 19:47:03
  2   2  94   0   0   3|   0     0 | 195k 5837k|   0     0 | 652  2512 |02-12 19:47:04
  3   5  90   0   0   2|   0     0 | 225k 6565k|   0     0 | 681  2582 |02-12 19:47:05
  2   3  92   0   0   2|   0     0 | 215k 6439k|   0     0 | 677  2650 |02-12 19:47:06
  2   2  94   0   0   2|   0  8192B| 214k 6411k|   0     0 | 701  2773 |02-12 19:47:07
  2   4  91   0   0   4|   0     0 | 252k 7408k|   0     0 | 717  2886 |02-12 19:47:08
  3   3  91   0   0   4|   0     0 | 223k 6681k|   0     0 | 585  2686 |02-12 19:47:09
  2   2  93   0   0   3|   0     0 | 226k 6779k|   0     0 | 726  2941 |02-12 19:47:10
  3   3  92   0   0   3|   0     0 | 228k 6679k|   0     0 | 639  2863 |02-12 19:47:11
  3   2  91   0   0   3|   0     0 | 215k 6444k|   0     0 | 567  2574 |02-12 19:47:12
  2   2  91   0   0   4|   0     0 | 221k 6636k|   0     0 | 682  2723 |02-12 19:47:13
  2   4  91   0   0   3|   0     0 | 216k 6323k|   0     0 | 682  2692 |02-12 19:47:14
  3   4  91   0   0   3|   0     0 | 220k 6586k|   0     0 | 603  2602 |02-12 19:47:15
  3   2  92   0   0   4|   0     0 | 220k 6583k|   0     0 | 716  2809 |02-12 19:47:16
  3   4  91   0   0   4|   0  4096B| 231k 6753k|   0     0 | 752  2848 |02-12 19:47:17
  3   3  91   0   0   4|   0     0 | 221k 6616k|   0     0 | 769  2823 |02-12 19:47:18
  1   2  95   0   0   3|   0     0 | 215k 6427k|   0     0 | 579  2623 |02-12 19:47:19
  2   3  93   0   0   2|   0     0 | 203k 5914k|   0     0 | 649  2550 |02-12 19:47:20
  2   4  91   0   0   4|   0     0 | 219k 6574k|   0     0 | 701  2621 |02-12 19:47:21
  2   2  92   0   0   5|   0  8192B| 213k 6394k|   0     0 | 744  2722 |02-12 19:47:22
  3   3  92   0   0   2|   0     0 | 236k 6909k|   0     0 | 711  2628 |02-12 19:47:23
  1   2  94   0   0   3|   0     0 | 218k 6542k|   0     0 | 552  2605 |02-12 19:47:24
  3   3  93   0   0   2|   0     0 | 210k 6307k|   0     0 | 577  2565 |02-12 19:47:25
  3   1  94   1   0   2|   0    20k| 213k 6237k|   0     0 | 640  2663 |02-12 19:47:26
  2   3  93   0   0   3|   0     0 | 204k 6132k|   0     0 | 544  2534 |02-12 19:47:27
  2   3  93   0   0   3|   0    32k| 223k 6685k|   0     0 | 629  2728 |02-12 19:47:28
  3   3  92   0   0   3|   0     0 | 225k 6581k|   0     0 | 666  2718 |02-12 19:47:29
  2   3  92   0   0   3|   0     0 | 224k 6689k|   0     0 | 664  2808 |02-12 19:47:30
  1   2  95   0   0   3|   0     0 | 221k 6631k|   0     0 | 651  2842 |02-12 19:47:31
  3   3  90   0   0   4|   0     0 | 249k 7239k|   0     0 | 725  2891 |02-12 19:47:32
  2   2  94   0   0   2|   0     0 | 217k 6492k|   0     0 | 583  2614 |02-12 19:47:33
  3   1  93   0   0   3|   0     0 | 225k 6742k|   0     0 | 583  2549 |02-12 19:47:34
  3   4  92   0   0   1|   0     0 | 232k 6806k|   0     0 | 650  2669 |02-12 19:47:35
  3   2  93   0   0   2|   0     0 | 234k 7016k|   0     0 | 628  2809 |02-12 19:47:36
  2   3  93   0   0   2|   0     0 | 219k 6570k|   0     0 | 626  2782 |02-12 19:47:37
  2   2  94   0   0   2|   0     0 | 227k 6642k|   0     0 | 621  2795 |02-12 19:47:38
  2   2  92   0   0   4|   0     0 | 215k 6443k|   0     0 | 633  2736 |02-12 19:47:39
  2   3  91   0   0   4|   0     0 | 221k 6607k|   0     0 | 615  2812 |02-12 19:47:40
  2   2  95   0   0   1|   0     0 | 226k 6629k|   0     0 | 622  2824 |02-12 19:47:41
  2   4  93   0   0   2|   0     0 | 225k 6738k|   0     0 | 636  2787 |02-12 19:47:42
  2   3  95   0   0   1|   0     0 | 212k 6357k|   0     0 | 608  2569 |02-12 19:47:43
  2   3  93   0   0   3|   0     0 | 217k 6322k|   0     0 | 612  2726 |02-12 19:47:44
  2   4  91   0   0   4|   0     0 | 221k 6640k|   0     0 | 614  2768 |02-12 19:47:45
  3   3  92   0   0   2|   0     0 | 209k 6271k|   0     0 | 631  2511 |02-12 19:47:46
  2   2  93   0   0   3|   0     0 | 240k 7032k|   0     0 | 697  2906 |02-12 19:47:47
  2   4  92   0   0   2|   0  8192B| 227k 6795k|   0     0 | 717  2772 |02-12 19:47:48
  2   2  94   0   0   2|   0     0 | 221k 6615k|   0     0 | 700  2581 |02-12 19:47:49
  4   2  93   0   0   1|   0     0 | 168k 4735k|   0     0 | 535  2042 |02-12 19:47:50
  1   1  99   0   0   0|   0     0 |4518B 4546B|   0     0 |  49   224 |02-12 19:47:51
  0   0 100   0   0   0|   0     0 |   0     0 |   0     0 |  21    39 |02-12 19:47:52
  1   0  99   0   0   0|   0     0 |5422B 2782B|   0     0 |  26    66 |02-12 19:47:53
  0   0 100   0   0   0|   0     0 |   0     0 |   0     0 |  20    28 |02-12 19:47:54
  0   0 100   0   0   0|   0     0 |   0     0 |   0     0 |  23    35 |02-12 19:47:55
  1   0  99   0   0   0|   0     0 |5422B 2782B|   0     0 |  45   111 |02-12 19:47:56
  0   0  98   1   0   0|   0    24k|   0     0 |   0     0 |  26    62 |02-12 19:47:57
  0   0 100   0   0   0|   0    24k|   0     0 |   0     0 |  20    38 |02-12 19:47:58
  4   2  94   0   0   0|   0     0 |  13k 9701B|   0     0 | 137   364 |02-12 19:47:59
  7   1  92   0   0   0|   0     0 |1390B 1826B|   0     0 | 116   405 |02-12 19:48:00
  0   0  99   0   0   0|   0     0 |   0     0 |   0     0 |  35    82 |02-12 19:48:01
  1   0 100   0   0   0|   0     0 |5482B 2840B|   0     0 |  24    68 |02-12 19:48:02
  0   0 100   0   0   0|   0     0 |  60B   58B|   0     0 |  24    43 |02-12 19:48:03
  1   0 100   0   0   0|   0     0 |   0     0 |   0     0 |  23    42 |02-12 19:48:04
  1   0 100   0   0   0|   0     0 |5422B 2782B|   0     0 |  27    80 |02-12 19:48:05
  1   1  99   0   0   0|   0     0 |   0     0 |   0     0 |  34    78 |02-12 19:48:06
  0   0 100   0   0   0|   0     0 |   0     0 |   0     0 |  22    44 |02-12 19:48:07
  0   0 100   0   0   0|   0     0 |   0     0 |   0     0 |  24    55 |02-12 19:48:08
  1   0  99   0   0   0|   0     0 |5422B 2782B|   0     0 |  27    71 |02-12 19:48:09
  0   0 100   0   0   0|   0     0 |   0     0 |   0     0 |  23    34 |02-12 19:48:10
  0   1 100   0   0   0|   0     0 |   0     0 |   0     0 |  32    61 |02-12 19:48:11
  2   1  98   0   0   0|   0     0 |  10k 5492B|   0     0 |  45   137 |02-12 19:48:12
  2   0  98   0   0   0|   0     0 |1260B 1528B|   0     0 |  56   171 |02-12 19:48:13
  1   1  99   0   0   0|   0     0 |2419B 2203B|   0     0 |  45   113 |02-12 19:48:14
  9   4  87   0   0   1|   0     0 |  20k  364k|   0     0 | 206   613 |02-12 19:48:15
  2   3  93   0   0   2|   0     0 | 188k 5616k|   0     0 | 638  2480 |02-12 19:48:16
  1   2  96   0   0   2|   0     0 | 205k 6161k|   0     0 | 689  2756 |02-12 19:48:17
  2   3  94   0   0   2|   0     0 | 219k 6422k|   0     0 | 667  2722 |02-12 19:48:18
  2   2  94   0   0   3|   0     0 | 219k 6533k|   0     0 | 647  2657 |02-12 19:48:19
  3   3  91   0   0   3|   0     0 | 216k 6484k|   0     0 | 663  2606 |02-12 19:48:20
  2   2  94   0   0   2|   0     0 | 229k 6697k|   0     0 | 708  2827 |02-12 19:48:21
  3   3  92   0   0   3|   0     0 | 223k 6668k|   0     0 | 770  2865 |02-12 19:48:22
  3   3  93   0   0   2|   0     0 | 242k 7271k|   0     0 | 693  2835 |02-12 19:48:23
  2   3  93   0   0   3|   0     0 | 227k 6655k|   0     0 | 687  2691 |02-12 19:48:24
  2   3  93   0   0   3|   0     0 | 220k 6583k|   0     0 | 671  2681 |02-12 19:48:25
  3   2  93   0   0   3|   0     0 | 219k 6571k|   0     0 | 693  2703 |02-12 19:48:26
  3   3  91   0   0   3|   0     0 | 227k 6651k|   0     0 | 673  2627 |02-12 19:48:27
  2   2  93   1   0   2|   0    48k| 198k 5935k|   0     0 | 741  2632 |02-12 19:48:28
  2   3  94   0   0   2|   0  8192B| 229k 6845k|   0     0 | 723  2874 |02-12 19:48:29
  3   3  91   0   0   3|   0     0 | 228k 6687k|   0     0 | 672  2659 |02-12 19:48:30
  2   3  93   0   0   2|   0     0 | 226k 6784k|   0     0 | 716  2852 |02-12 19:48:31
  2   5  90   0   0   3|   0     0 | 233k 6917k|   0     0 | 693  2888 |02-12 19:48:32
  4   1  94   0   0   1|   0     0 | 223k 6516k|   0     0 | 707  2622 |02-12 19:48:33
  3   3  92   0   0   2|   0    12k| 223k 6672k|   0     0 | 708  2669 |02-12 19:48:34
  2   3  92   0   0   3|   0     0 | 208k 6243k|   0     0 | 640  2557 |02-12 19:48:35
  3   4  90   0   0   4|   0     0 | 221k 6458k|   0     0 | 517  2450 |02-12 19:48:36
  3   4  92   0   0   2|   0     0 | 213k 6382k|   0     0 | 678  2752 |02-12 19:48:37
  2   1  95   0   0   2|   0     0 | 222k 6644k|   0     0 | 654  2724 |02-12 19:48:38
  3   1  93   0   0   3|   0     0 | 234k 6843k|   0     0 | 796  2874 |02-12 19:48:39
  3   3  92   0   0   3|   0     0 | 224k 6697k|   0     0 | 768  2786 |02-12 19:48:40
  3   4  93   0   0   1|   0     0 | 233k 6997k|   0     0 | 700  2907 |02-12 19:48:41
  4   2  92   0   0   3|   0     0 | 230k 6749k|   0     0 | 657  2780 |02-12 19:48:42
  1   3  94   0   0   2|   0     0 | 211k 6321k|   0     0 | 698  2683 |02-12 19:48:43
  1   4  92   0   0   3|   0     0 | 233k 6976k|   0     0 | 695  2869 |02-12 19:48:44
  4   2  93   0   0   2|   0  4096B| 232k 6798k|   0     0 | 651  2737 |02-12 19:48:45
  2   4  91   0   0   4|   0     0 | 217k 6496k|   0     0 | 713  2699 |02-12 19:48:46
  2   3  93   0   0   2|   0     0 | 247k 7385k|   0     0 | 773  2915 |02-12 19:48:47
  3   3  91   0   0   4|   0     0 | 232k 6786k|   0     0 | 653  2825 |02-12 19:48:48
  2   5  92   0   0   2|   0     0 | 224k 6701k|   0     0 | 682  2723 |02-12 19:48:49
  3   3  91   0   0   2|   0  8192B| 214k 6423k|   0     0 | 583  2733 |02-12 19:48:50
  3   2  91   0   0   4|   0     0 | 221k 6454k|   0     0 | 623  2588 |02-12 19:48:51
  3   4  91   0   0   3|   0     0 | 224k 6718k|   0     0 | 632  2823 |02-12 19:48:52
  2   3  93   0   0   2|   0     0 | 231k 6918k|   0     0 | 587  2830 |02-12 19:48:53
  3   4  92   0   0   2|   0     0 | 227k 6659k|   0     0 | 667  2811 |02-12 19:48:54
  2   2  93   0   0   4|   0     0 | 201k 6013k|   0     0 | 562  2578 |02-12 19:48:55
  1   3  93   0   0   3|   0     0 | 220k 6587k|   0     0 | 568  2730 |02-12 19:48:56
  3   3  93   0   0   2|   0     0 | 243k 7126k|   0     0 | 661  2814 |02-12 19:48:57
  3   3  90   2   0   2|   0    36k| 224k 6734k|   0     0 | 711  2728 |02-12 19:48:58
  2   3  93   0   0   3|   0     0 | 231k 6910k|   0     0 | 690  2798 |02-12 19:48:59
  2   5  91   0   0   3|   0    48k| 217k 6327k|   0     0 | 654  2575 |02-12 19:49:00
  1   2  94   0   0   3|   0     0 | 216k 6492k|   0     0 | 602  2657 |02-12 19:49:01
  1   3  94   0   0   2|   0     0 | 219k 6558k|   0     0 | 666  2599 |02-12 19:49:02
  2   4  92   0   0   3|   0     0 | 228k 6671k|   0     0 | 686  2832 |02-12 19:49:03
  2   4  92   0   0   2|   0     0 | 209k 6267k|   0     0 | 560  2546 |02-12 19:49:04
  3   2  93   0   0   2|   0     0 | 208k 6226k|   0     0 | 569  2688 |02-12 19:49:05
  3   3  92   0   0   3|   0     0 | 227k 6644k|   0     0 | 640  2792 |02-12 19:49:06
  2   2  94   0   0   3|   0     0 | 212k 6341k|   0     0 | 594  2691 |02-12 19:49:07
  2   3  94   0   0   1|   0     0 | 236k 7066k|   0     0 | 712  2813 |02-12 19:49:08
  2   1  94   0   0   4|   0     0 | 236k 6921k|   0     0 | 755  2984 |02-12 19:49:09
  2   2  93   0   0   4|   0     0 | 215k 6422k|   0     0 | 696  2647 |02-12 19:49:10
  1   4  91   0   0   5|   0     0 | 225k 6744k|   0     0 | 696  2708 |02-12 19:49:11
  3   2  91   0   0   4|   0     0 | 230k 6745k|   0     0 | 674  2907 |02-12 19:49:12
  3   3  92   0   0   2|   0     0 | 226k 6763k|   0     0 | 588  2804 |02-12 19:49:13
  2   3  91   0   0   4|   0     0 | 219k 6566k|   0     0 | 670  2790 |02-12 19:49:14
  3   3  93   0   0   2|   0     0 | 155k 4365k|   0     0 | 466  1968 |02-12 19:49:15
  1   1  99   0   0   0|   0     0 |4224B 4604B|   0     0 |  36    98 |02-12 19:49:16
  1   0 100   0   0   0|   0     0 | 660B  354B|   0     0 |  39   164 |02-12 19:49:17
  0   0 100   0   0   0|   0     0 |5488B 2836B|   0     0 |  30    69 |02-12 19:49:18
  0   0 100   0   0   0|   0     0 |   0     0 |   0     0 |  22    34 |02-12 19:49:19
  0   0 100   0   0   0|   0  8192B|   0     0 |   0     0 |  23    38 |02-12 19:49:20
  1   1  99   0   0   0|   0     0 |5844B 3494B|   0     0 |  36   109 |02-12 19:49:21
  1   0 100   0   0   0|   0     0 |   0     0 |   0     0 |  20    50 |02-12 19:49:22
  0   0 100   0   0   0|   0     0 |   0     0 |   0     0 |  23    42 |02-12 19:49:23
  0   0 100   0   0   0|   0     0 |   0     0 |   0     0 |  24    45 |02-12 19:49:24
  1   0 100   0   0   0|   0     0 |5422B 3160B|   0     0 |  25    66 |02-12 19:49:25
  1   0  99   0   0   0|   0     0 |   0   126B|   0     0 |  32    84 |02-12 19:49:26
  0   0 100   0   0   0|   0     0 | 180B  192B|   0     0 |  24    59 |02-12 19:49:27
  1   1  99   0   0   0|   0     0 |5806B 3016B|   0     0 |  24    82 |02-12 19:49:28
  0   0 100   0   0   0|   0    28k|  78B    0 |   0     0 |  25    49 |02-12 19:49:29
  0   0 100   0   0   0|   0     0 | 102B   78B|   0     0 |  22    40 |02-12 19:49:30
  0   1  99   0   0   0|   0  8192B|5422B 2782B|   0     0 |  32   108 |02-12 19:49:31
  1   1  99   0   0   0|   0     0 |2678B 5566B|   0     0 |  36   106 |02-12 19:49:32
  0   0 100   0   0   0|   0     0 |   0     0 |   0     0 |  20    49 |02-12 19:49:33
  1   0  99   0   0   0|   0     0 |5422B 2782B|   0     0 |  24    66 |02-12 19:49:34
  0   0 100   0   0   0|   0     0 |   0     0 |   0     0 |  23    40 |02-12 19:49:35
  0   0  99   0   0   0|   0     0 |   0     0 |   0     0 |  35    98 |02-12 19:49:36
  0   0 100   0   0   0|   0     0 |5422B 2782B|   0     0 |  24    77 |02-12 19:49:37
  0   0 100   0   0   0|   0     0 |   0     0 |   0     0 |  24    49 |02-12 19:49:38
  0   0 100   0   0   0|   0     0 |   0     0 |   0     0 |  24    35 |02-12 19:49:39
  1   0 100   0   0   0|   0     0 |5422B 2782B|   0     0 |  22    61 |02-12 19:49:40
  0   0  99   0   0   0|   0     0 |   0     0 |   0     0 |  35    87 |02-12 19:49:41
  0   0 100   0   0   0|   0     0 |   0     0 |   0     0 |  24    59 |02-12 19:49:42
  1   0  99   0   0   0|   0     0 |5422B 2782B|   0     0 |  20    56 |02-12 19:49:43
  0   0 100   0   0   0|   0     0 |   0     0 |   0     0 |  23    49 |02-12 19:49:44
  0   0 100   0   0   0|   0     0 |4224B 4224B|   0     0 |  23    42 |02-12 19:49:45
  1   1  99   0   0   0|   0     0 |5422B 2782B|   0     0 |  32   108 |02-12 19:49:46
  1   0 100   0   0   0|   0     0 |   0     0 |   0     0 |  22    46 |02-12 19:49:47
  0   0 100   0   0   0|   0     0 |  74B   74B|   0     0 |  25    48 |02-12 19:49:48
  1   0  99   0   0   0|   0     0 |5669B 3029B|   0     0 |  32    99 |02-12 19:49:49
  0   0 100   0   0   0|   0     0 |1576B 1150B|   0     0 |  21    41 |02-12 19:49:50
  5   2  94   0   0   0|   0  4096B|1596B 1340B|   0     0 | 140   379 |02-12 19:49:51
  5   3  93   0   0   0|   0     0 |6990B 4608B|   0     0 | 110   439 |02-12 19:49:52
  0   0 100   0   0   0|   0     0 |   0     0 |   0     0 |  24    37 |02-12 19:49:53
  0   0 100   0   0   0|   0     0 |   0     0 |   0     0 |  23    54 |02-12 19:49:54
  1   0 100   0   0   0|   0     0 |5422B 2782B|   0     0 |  27    70 |02-12 19:49:55
  0   0  99   0   0   0|   0     0 |   0     0 |   0     0 |  31    77 |02-12 19:49:56
  0   0 100   0   0   0|   0     0 |   0     0 |   0     0 |  24    54 |02-12 19:49:57
  1   0  99   0   0   0|   0     0 |5422B 2782B|   0     0 |  26    71 |02-12 19:49:58
  0   0 100   0   0   0|   0     0 |   0     0 |   0     0 |  23    51 |02-12 19:49:59
  0   0 100   0   0   0|   0    48k|   0     0 |   0     0 |  24    66 |02-12 19:50:00
  0   1  99   0   0   0|   0    44k|5422B 2782B|   0     0 |  35   125 |02-12 19:50:01
  0   0 100   0   0   0|   0     0 |   0     0 |   0     0 |  23    77 |02-12 19:50:02
  0   1 100   0   0   0|   0     0 |   0     0 |   0     0 |  26    94 |02-12 19:50:03
  0   0  99   0   0   0|   0     0 |5422B 2782B|   0     0 |  26   100 |02-12 19:50:04
  0   0 100   0   0   0|   0     0 |   0     0 |   0     0 |  25    59 |02-12 19:50:05
  1   0 100   0   0   0|   0  8192B|   0     0 |   0     0 |  35    93 |02-12 19:50:06
  0   0 100   0   0   0|   0     0 |5422B 2782B|   0     0 |  28    84 |02-12 19:50:07
  2   1  98   0   0   0|   0     0 |2287B 2203B|   0     0 |  43   136 |02-12 19:50:08
  7   4  88   0   0   1|   0     0 |  17k  441k|   0     0 | 208   654 |02-12 19:50:09
  2   2  95   0   0   1|   0     0 | 167k 4853k|   0     0 | 515  2196 |02-12 19:50:10
  3   4  92   0   0   2|   0     0 | 192k 5772k|   0     0 | 579  2570 |02-12 19:50:11
  3   3  93   0   0   2|   0     0 | 204k 6108k|   0     0 | 612  2628 |02-12 19:50:12
  3   3  91   0   0   3|   0     0 | 218k 6365k|   0     0 | 601  2625 |02-12 19:50:13
  3   2  93   0   0   3|   0     0 | 231k 6898k|   0     0 | 663  2806 |02-12 19:50:14
  2   3  94   0   0   2|   0     0 | 230k 6890k|   0     0 | 638  2761 |02-12 19:50:15
  3   3  91   0   0   3|   0     0 | 225k 6594k|   0     0 | 634  2624 |02-12 19:50:16
  2   3  92   0   0   4|   0     0 | 206k 6177k|   0     0 | 580  2539 |02-12 19:50:17
  2   2  93   0   0   3|   0     0 | 221k 6611k|   0     0 | 653  2757 |02-12 19:50:18
  3   3  91   0   0   3|   0     0 | 218k 6364k|   0     0 | 599  2589 |02-12 19:50:19
  2   3  93   0   0   3|   0     0 | 219k 6570k|   0     0 | 592  2660 |02-12 19:50:20
  2   3  93   0   0   2|   0     0 | 220k 6587k|   0     0 | 713  2824 |02-12 19:50:21
  1   4  92   0   0   3|   0  8192B| 211k 6148k|   0     0 | 682  2688 |02-12 19:50:22
  2   3  93   0   0   2|   0     0 | 216k 6481k|   0     0 | 668  2688 |02-12 19:50:23
  1   2  95   0   0   3|   0     0 | 227k 6808k|   0     0 | 682  2811 |02-12 19:50:24
  2   2  93   0   0   3|   0     0 | 226k 6610k|   0     0 | 713  2797 |02-12 19:50:25
  2   4  90   0   0   5|   0     0 | 241k 7218k|   0     0 | 753  2950 |02-12 19:50:26
  3   4  92   0   0   2|   0     0 | 222k 6661k|   0     0 | 695  2674 |02-12 19:50:27
  3   3  91   0   0   2|   0     0 | 207k 6045k|   0     0 | 658  2522 |02-12 19:50:28
  2   4  93   0   0   2|   0     0 | 216k 6480k|   0     0 | 648  2643 |02-12 19:50:29
  3   2  93   0   0   2|   0     0 | 220k 6582k|   0     0 | 626  2724 |02-12 19:50:30
  2   4  81  12   0   2|   0    44k| 218k 6364k|   0     0 | 589  2597 |02-12 19:50:31
  2   3  94   0   0   1|   0     0 | 239k 7161k|   0     0 | 658  2888 |02-12 19:50:32
  2   4  92   0   0   2|   0     0 | 207k 6125k|   0     0 | 640  2538 |02-12 19:50:33
  2   2  93   0   0   3|   0     0 | 219k 6401k|   0     0 | 646  2559 |02-12 19:50:34
  1   2  95   0   0   3|   0     0 | 217k 6492k|   0     0 | 650  2592 |02-12 19:50:35
  3   4  92   0   0   1|   0     0 | 227k 6787k|   0     0 | 620  2697 |02-12 19:50:36
  3   3  92   0   0   2|   0  4096B| 231k 6766k|   0     0 | 683  2892 |02-12 19:50:37
  2   4  92   0   0   3|   0     0 | 217k 6492k|   0     0 | 628  2741 |02-12 19:50:38
  2   2  94   0   0   2|   0     0 | 228k 6832k|   0     0 | 643  2736 |02-12 19:50:39
  2   3  93   0   0   3|   0     0 | 212k 6196k|   0     0 | 628  2688 |02-12 19:50:40
  2   3  93   0   0   3|   0     0 | 222k 6645k|   0     0 | 626  2828 |02-12 19:50:41
  2   3  94   0   0   2|   0  8192B| 204k 6103k|   0     0 | 591  2580 |02-12 19:50:42
  1   3  93   0   0   3|   0     0 | 224k 6548k|   0     0 | 635  2751 |02-12 19:50:43
  1   2  95   0   0   2|   0     0 | 220k 6566k|   0     0 | 676  2749 |02-12 19:50:44
  3   3  93   0   0   2|   0     0 | 214k 6419k|   0     0 | 671  2604 |02-12 19:50:45
  2   3  94   0   0   2|   0     0 | 221k 6603k|   0     0 | 699  2671 |02-12 19:50:46
  3   2  92   0   0   3|   0     0 | 229k 6704k|   0     0 | 699  2728 |02-12 19:50:47
  3   2  93   0   0   2|   0     0 | 215k 6447k|   0     0 | 647  2589 |02-12 19:50:48
  2   4  92   0   0   3|   0     0 | 209k 6275k|   0     0 | 624  2491 |02-12 19:50:49
  3   4  91   0   0   3|   0     0 | 216k 6323k|   0     0 | 640  2525 |02-12 19:50:50
  3   5  90   0   0   3|   0     0 | 219k 6550k|   0     0 | 671  2597 |02-12 19:50:51
  1   3  93   0   0   3|   0     0 | 202k 6054k|   0     0 | 612  2425 |02-12 19:50:52
  2   4  91   0   0   3|   0     0 | 217k 6348k|   0     0 | 614  2463 |02-12 19:50:53
  2   4  93   0   0   2|   0     0 | 217k 6514k|   0     0 | 657  2591 |02-12 19:50:54
  3   2  94   0   0   2|   0     0 | 200k 6005k|   0     0 | 632  2540 |02-12 19:50:55
  2   4  92   0   0   2|   0     0 | 219k 6373k|   0     0 | 706  2779 |02-12 19:50:56
  2   3  94   0   0   2|   0     0 | 229k 6898k|   0     0 | 677  2686 |02-12 19:50:57
  3   3  91   0   0   3|   0     0 | 222k 6652k|   0     0 | 644  2601 |02-12 19:50:58
  2   3  93   0   0   3|   0     0 | 221k 6475k|   0     0 | 606  2523 |02-12 19:50:59
  1   3  95   0   0   1|   0     0 | 220k 6587k|   0     0 | 634  2707 |02-12 19:51:00
  2   3  92   2   0   3|   0    44k| 214k 6410k|   0     0 | 646  2678 |02-12 19:51:01
  2   2  93   0   0   3|   0     0 | 204k 5959k|   0     0 | 564  2451 |02-12 19:51:02
  1   3  93   0   0   3|   0    48k| 214k 6403k|   0     0 | 630  2757 |02-12 19:51:03
  2   4  92   0   0   3|   0     0 | 225k 6763k|   0     0 | 616  2811 |02-12 19:51:04
  2   3  94   0   0   2|   0     0 | 229k 6700k|   0     0 | 659  2791 |02-12 19:51:05
  1   4  91   0   0   4|   0     0 | 211k 6338k|   0     0 | 620  2645 |02-12 19:51:06
  2   3  93   0   0   2|   0     0 | 208k 6205k|   0     0 | 648  2753 |02-12 19:51:07
  2   3  92   0   0   3|   0  8192B| 228k 6687k|   0     0 | 596  2665 |02-12 19:51:08
  2   4  91   0   0   3|   0     0 | 313k 9236k|   0     0 | 749  3013 |02-12 19:51:09
  1   0  99   0   0   0|   0     0 |4452B 4546B|   0     0 |  45   210 |02-12 19:51:10
  1   1  98   0   0   0|   0     0 |5488B 2782B|   0     0 |  39   112 |02-12 19:51:11
  0   0 100   0   0   0|   0     0 |   0     0 |   0     0 |  21    35 |02-12 19:51:12
  0   0 100   0   0   0|   0  8192B|   0     0 |   0     0 |  23    43 |02-12 19:51:13
  1   0  99   0   0   0|   0     0 |5422B 2782B|   0     0 |  23    66 |02-12 19:51:14
  0   1 100   0   0   0|   0     0 |   0     0 |   0     0 |  23    34 |02-12 19:51:15
  0   1 100   0   0   0|   0     0 |   0     0 |   0     0 |  39    82 |02-12 19:51:16
  1   0  99   0   0   0|   0     0 |5496B 2856B|   0     0 |  30    82 |02-12 19:51:17
  2   3  95   0   0   0|   0     0 |7593B 6845B|   0     0 | 132   359 |02-12 19:51:18
  6   3  92   0   0   0|   0     0 |1568B 1826B|   0     0 | 110   386 |02-12 19:51:19
  1   0 100   0   0   0|   0     0 |5422B 2782B|   0     0 |  27    74 |02-12 19:51:20
  1   0  99   0   0   0|   0     0 |   0     0 |   0     0 |  37    75 |02-12 19:51:21
  0   0 100   0   0   0|   0     0 |   0     0 |   0     0 |  22    39 |02-12 19:51:22
  1   0  99   0   0   0|   0     0 |5844B 3494B|   0     0 |  25    73 |02-12 19:51:23
  0   1 100   0   0   0|   0     0 |   0     0 |   0     0 |  24    59 |02-12 19:51:24
  0   0 100   0   0   0|   0     0 |   0     0 |   0     0 |  26    52 |02-12 19:51:25
  1   1  99   0   0   1|   0     0 |5422B 2782B|   0     0 |  38   119 |02-12 19:51:26
  0   0 100   0   0   0|   0     0 |   0     0 |   0     0 |  23    48 |02-12 19:51:27
  0   0 100   0   0   0|   0     0 |   0     0 |   0     0 |  24    43 |02-12 19:51:28
  1   0 100   0   0   0|   0     0 |5422B 2782B|   0     0 |  25    69 |02-12 19:51:29
  0   1 100   0   0   0|   0     0 |   0     0 |   0     0 |  24    51 |02-12 19:51:30
  1   0 100   0   0   0|   0     0 |   0     0 |   0     0 |  33    74 |02-12 19:51:31
  0   1  99   1   0   0|   0    44k|5422B 2782B|   0     0 |  29   101 |02-12 19:51:32
  1   1  99   0   0   0|   0     0 |2678B 5566B|   0     0 |  53   129 |02-12 19:51:33
  0   0 100   0   0   0|   0     0 |   0     0 |   0     0 |  24    51 |02-12 19:51:34
  1   0  99   0   0   0|   0     0 |5422B 2782B|   0     0 |  27    77 |02-12 19:51:35
  0   1  99   0   0   0|   0     0 |   0     0 |   0     0 |  35    83 |02-12 19:51:36
  0   0 100   0   0   0|   0     0 |   0     0 |   0     0 |  24    68 |02-12 19:51:37
  1   0  99   0   0   0|   0     0 |5422B 2782B|   0     0 |  24    63 |02-12 19:51:38
  1   0 100   0   0   0|   0  8192B|   0     0 |   0     0 |  20    31 |02-12 19:51:39
  1   0  99   0   0   0|   0     0 |1895B 1851B|   0     0 |  38    88 |02-12 19:51:40
  7   2  91   0   0   1|   0     0 |6970B 3626B|   0     0 | 138   410 |02-12 19:51:41
  3   3  91   0   0   3|   0     0 | 195k 5854k|   0     0 | 617  2435 |02-12 19:51:42
  3   4  91   0   0   3|   0     0 | 369k   11M|   0     0 | 999  4052 |02-12 19:51:43
  4   4  90   0   0   3|   0  4096B| 371k   11M|   0     0 | 857  3773 |02-12 19:51:44
  3   3  89   0   0   5|   0     0 | 368k   11M|   0     0 | 958  3789 |02-12 19:51:45
  4   6  87   0   0   3|   0     0 | 355k   10M|   0     0 | 957  3752 |02-12 19:51:46
  2   7  88   0   0   3|   0     0 | 365k   11M|   0     0 | 926  3758 |02-12 19:51:47
  4   5  87   0   0   4|   0     0 | 357k   10M|   0     0 | 796  3495 |02-12 19:51:48
  3   6  86   0   0   4|   0  4096B| 361k   11M|   0     0 | 942  3851 |02-12 19:51:49
  4   6  84   0   0   5|   0     0 | 377k   11M|   0     0 | 939  3850 |02-12 19:51:50
  3   8  87   0   0   3|   0     0 | 366k   11M|   0     0 | 852  3629 |02-12 19:51:51
  2   5  90   0   0   4|   0     0 | 361k   11M|   0     0 | 903  3856 |02-12 19:51:52
  3   4  90   0   0   4|   0     0 | 360k   10M|   0     0 | 823  3544 |02-12 19:51:53
  3   6  89   0   0   3|   0     0 | 360k   11M|   0     0 | 873  3612 |02-12 19:51:54
  2   5  89   0   0   4|   0     0 | 370k   11M|   0     0 | 905  3720 |02-12 19:51:55
  4   7  87   0   0   3|   0     0 | 374k   11M|   0     0 | 908  3834 |02-12 19:51:56
  2   6  88   0   0   5|   0     0 | 362k   11M|   0     0 | 894  3826 |02-12 19:51:57
  2   7  88   0   0   3|   0     0 | 365k   11M|   0     0 | 845  3644 |02-12 19:51:58
  4   6  84   0   0   5|   0     0 | 377k   11M|   0     0 | 970  4017 |02-12 19:51:59
  2   4  92   0   0   3|   0     0 | 368k   11M|   0     0 | 864  3648 |02-12 19:52:00
  4   5  88   0   0   3|   0     0 | 374k   11M|   0     0 | 977  3941 |02-12 19:52:01
  3   6  88   0   0   4|   0     0 | 370k   11M|   0     0 | 930  3593 |02-12 19:52:02
  3   5  85   2   0   6|   0    68k| 368k   11M|   0     0 | 980  3859 |02-12 19:52:03
  2   6  91   0   0   2|   0    60k| 368k   11M|   0     0 | 962  3654 |02-12 19:52:04
  5   3  88   0   0   5|   0     0 | 365k   11M|   0     0 | 874  3518 |02-12 19:52:05
  4   6  87   0   0   4|   0     0 | 359k   10M|   0     0 | 922  3672 |02-12 19:52:06
  4   3  89   0   0   4|   0     0 | 370k   11M|   0     0 | 989  3971 |02-12 19:52:07
  4   4  90   0   0   3|   0     0 | 363k   11M|   0     0 | 977  3870 |02-12 19:52:08
  3   4  90   0   0   3|   0     0 | 369k   11M|   0     0 | 976  3768 |02-12 19:52:09
  4   6  86   0   0   4|   0     0 | 373k   11M|   0     0 | 931  3708 |02-12 19:52:10
  3   6  89   0   0   3|   0     0 | 373k   11M|   0     0 | 962  3865 |02-12 19:52:11
  3   3  89   0   0   6|   0     0 | 370k   11M|   0     0 | 916  3729 |02-12 19:52:12
  4   4  89   0   0   4|   0     0 | 357k   10M|   0     0 | 913  3738 |02-12 19:52:13
  3   4  89   0   0   4|   0    16k| 367k   11M|   0     0 | 986  3882 |02-12 19:52:14
  3   5  88   0   0   5|   0     0 | 381k   11M|   0     0 | 967  3746 |02-12 19:52:15
  5   5  87   0   0   3|   0     0 | 361k   11M|   0     0 | 918  3647 |02-12 19:52:16
  3   4  89   0   0   5|   0     0 | 357k   10M|   0     0 | 957  3678 |02-12 19:52:17
  5   5  87   0   0   3|   0     0 | 373k   11M|   0     0 | 943  3924 |02-12 19:52:18
  4   3  90   0   0   3|   0     0 | 365k   11M|   0     0 | 942  3804 |02-12 19:52:19
  2   5  88   0   0   5|   0     0 | 366k   11M|   0     0 | 908  3605 |02-12 19:52:20
  4   5  88   0   0   4|   0     0 | 367k   11M|   0     0 | 982  3743 |02-12 19:52:21
  3   5  88   0   0   4|   0     0 | 363k   11M|   0     0 | 938  3847 |02-12 19:52:22
  3   4  90   0   0   3|   0     0 | 371k   11M|   0     0 | 901  3896 |02-12 19:52:23
  3   6  87   0   0   4|   0     0 | 371k   11M|   0     0 | 954  3905 |02-12 19:52:24
  3   3  90   0   0   4|   0     0 | 370k   11M|   0     0 |1010  3896 |02-12 19:52:25
  4   6  88   0   0   3|   0     0 | 364k   11M|   0     0 | 937  3686 |02-12 19:52:26
  4   5  88   0   0   3|   0     0 | 361k   10M|   0     0 | 917  3522 |02-12 19:52:27
  2   5  90   0   0   4|   0     0 | 374k   11M|   0     0 |1056  4174 |02-12 19:52:28
  3   7  86   0   0   4|   0     0 | 375k   11M|   0     0 |1041  4004 |02-12 19:52:29
  2   6  88   0   0   4|   0     0 | 370k   11M|   0     0 | 920  3783 |02-12 19:52:30
  3   6  88   0   0   3|   0     0 | 368k   11M|   0     0 | 890  3663 |02-12 19:52:31
  1   5  92   0   0   2|   0     0 | 361k   11M|   0     0 | 825  3568 |02-12 19:52:32
  5   6  81   4   0   5|   0    48k| 371k   11M|   0     0 | 898  3853 |02-12 19:52:33
  3   4  90   0   0   4|   0     0 | 373k   11M|   0     0 | 971  4023 |02-12 19:52:34
  3   4  88   0   0   5|   0     0 | 361k   11M|   0     0 | 960  3839 |02-12 19:52:35
  5   4  89   0   0   2|   0     0 | 367k   11M|   0     0 | 955  3798 |02-12 19:52:36
  4  10  80   0   0   6|   0     0 | 639k   19M|   0     0 |1035  4124 |02-12 19:52:37
  5  10  80   0   0   5|   0     0 | 824k   24M|   0     0 |1035  4004 |02-12 19:52:38
  5  14  75   0   0   6|   0     0 | 832k   25M|   0     0 |1049  4166 |02-12 19:52:39
  5  12  77   0   0   7|   0     0 | 814k   24M|   0     0 |1061  4078 |02-12 19:52:40
  8  12  74   0   0   7|   0     0 | 828k   25M|   0     0 |1006  4052 |02-12 19:52:41
  4   5  90   0   0   1|   0     0 | 355k   10M|   0     0 | 434  1757 |02-12 19:52:42
  0   1  99   0   0   0|   0     0 |4518B 4546B|   0     0 |  44   195 |02-12 19:52:43
  0   0 100   0   0   0|   0     0 |   0     0 |   0     0 |  19    30 |02-12 19:52:44
  1   1  99   0   0   0|   0    12k|5598B 3048B|   0     0 |  25    75 |02-12 19:52:45
  1   1  99   0   0   0|   0     0 |6875B 6751B|   0     0 |  53   139 |02-12 19:52:46
  9   4  88   0   0   0|   0     0 |2220B 1788B|   0     0 | 206   640 |02-12 19:52:47
  1   1  99   0   0   0|   0     0 |5488B 2782B|   0     0 |  27    81 |02-12 19:52:48
  0   0 100   0   0   0|   0     0 |   0     0 |   0     0 |  18    26 |02-12 19:52:49
  0   0 100   0   0   0|   0     0 |   0     0 |   0     0 |  25    47 |02-12 19:52:50
  1   0 100   0   0   0|   0     0 |5422B 2782B|   0     0 |  28    76 |02-12 19:52:51
  0   0  99   0   0   0|   0     0 |   0     0 |   0     0 |  32    68 |02-12 19:52:52
  0   0 100   0   0   0|   0     0 |   0     0 |   0     0 |  25    45 |02-12 19:52:53
  0   0 100   0   0   0|   0     0 |5422B 2782B|   0     0 |  28    65 |02-12 19:52:54
  0   0 100   0   0   0|   0     0 |   0     0 |   0     0 |  23    39 |02-12 19:52:55
  0   0 100   0   0   0|   0     0 |   0     0 |   0     0 |  24    45 |02-12 19:52:56
  1   0  99   0   0   0|   0     0 |5422B 2782B|   0     0 |  37   123 |02-12 19:52:57
  0   0 100   0   0   0|   0     0 |   0     0 |   0     0 |  24    37 |02-12 19:52:58
  0   0 100   0   0   0|   0     0 |   0     0 |   0     0 |  24    41 |02-12 19:52:59
  1   0 100   0   0   0|   0     0 |5422B 2782B|   0     0 |  29    83 |02-12 19:53:00
  0   0 100   0   0   0|   0     0 |   0     0 |   0     0 |  23    38 |02-12 19:53:01
  1   0 100   0   0   0|   0     0 |   0     0 |   0     0 |  34    73 |02-12 19:53:02
  0   0  99   0   0   0|   0     0 |5496B 2856B|   0     0 |  30    83 |02-12 19:53:03
  6   2  91   1   0   0|   0    32k|3547B 2687B|   0     0 | 139   384 |02-12 19:53:04
  3   3  92   0   0   2|   0     0 |  95k 2950k|   0     0 | 356  1378 |02-12 19:53:05
  1   1  98   0   0   1|   0    28k|  81k 2267k|   0     0 | 262  1039 |02-12 19:53:06
  2   4  93   0   0   1|   0     0 | 195k 5963k|   0     0 | 600  2277 |02-12 19:53:07
  4   5  91   0   0   1|   0     0 | 283k 8607k|   0     0 | 812  3184 |02-12 19:53:08
  4   6  86   0   0   4|   0     0 | 382k   11M|   0     0 |1026  4084 |02-12 19:53:09
  3   3  91   0   0   3|   0     0 | 285k 8554k|   0     0 | 755  2970 |02-12 19:53:10
  3   6  88   0   0   4|   0     0 | 370k   11M|   0     0 |1024  3989 |02-12 19:53:11
  5   6  84   0   0   5|   0     0 | 377k   11M|   0     0 | 936  3839 |02-12 19:53:12
  3   3  91   0   0   3|   0     0 | 275k 8244k|   0     0 | 748  2881 |02-12 19:53:13
  0   0 100   0   0   0|   0     0 |   0     0 |   0     0 |  23    37 |02-12 19:53:14
  3   4  93   0   0   1|   0     0 | 192k 5590k|   0     0 | 521  2108 |02-12 19:53:15
  1   0  99   0   0   0|   0    16k|  18k  525k|   0     0 |  59   207 |02-12 19:53:16
  1   1  97   0   0   1|   0     0 | 105k 3143k|   0     0 | 310  1177 |02-12 19:53:17
  2   2  96   0   0   1|   0     0 |  92k 2610k|   0     0 | 248   997 |02-12 19:53:18
  2   1  96   0   0   2|   0     0 | 125k 3723k|   0     0 | 347  1371 |02-12 19:53:19
  3   4  92   0   0   2|   0     0 | 369k   11M|   0     0 | 956  3985 |02-12 19:53:20
  3   4  90   0   0   3|   0  4096B| 350k   10M|   0     0 | 869  3625 |02-12 19:53:21
  5   6  87   0   0   3|   0     0 | 374k   11M|   0     0 | 962  4018 |02-12 19:53:22
  3   5  87   0   0   6|   0     0 | 371k   11M|   0     0 | 881  3635 |02-12 19:53:23
  3   4  88   0   0   5|   0     0 | 370k   11M|   0     0 | 927  3831 |02-12 19:53:24
  5   4  87   0   0   4|   0     0 | 375k   11M|   0     0 | 967  3942 |02-12 19:53:25
  3   4  87   0   0   6|   0     0 | 373k   11M|   0     0 | 952  3788 |02-12 19:53:26
  3   5  90   0   0   3|   0     0 | 373k   11M|   0     0 | 985  3851 |02-12 19:53:27
  4   5  88   0   0   4|   0     0 | 368k   11M|   0     0 | 923  3647 |02-12 19:53:28
  3   4  90   0   0   3|   0     0 | 363k   11M|   0     0 | 934  3706 |02-12 19:53:29
  4   5  87   0   0   4|   0     0 | 371k   11M|   0     0 | 978  3812 |02-12 19:53:30
  5   6  87   0   0   3|   0     0 | 375k   11M|   0     0 | 918  3759 |02-12 19:53:31
  4   6  84   0   0   5|   0     0 | 368k   11M|   0     0 | 881  3604 |02-12 19:53:32
  4   8  84   0   0   5|   0     0 | 372k   11M|   0     0 | 931  3797 |02-12 19:53:33
  4   3  89   0   0   4|   0     0 | 363k   10M|   0     0 | 909  3587 |02-12 19:53:34
  3   4  90   1   0   4|   0    76k| 376k   11M|   0     0 | 955  3918 |02-12 19:53:35
  3   6  87   0   0   4|   0    64k| 362k   11M|   0     0 | 945  3707 |02-12 19:53:36
  5   6  85   0   0   5|   0     0 | 374k   11M|   0     0 | 975  3884 |02-12 19:53:37
  3   5  89   0   0   4|   0     0 | 366k   11M|   0     0 | 877  3534 |02-12 19:53:38
  2   5  89   0   0   4|   0     0 | 360k   11M|   0     0 | 936  3661 |02-12 19:53:39
  3   4  88   0   0   5|   0     0 | 390k   11M|   0     0 | 961  3882 |02-12 19:53:40
  3   6  87   0   0   5|   0     0 | 372k   11M|   0     0 | 985  3923 |02-12 19:53:41
  4   4  90   0   0   3|   0     0 | 360k   11M|   0     0 | 934  3728 |02-12 19:53:42
  3   5  88   0   0   4|   0     0 | 371k   11M|   0     0 | 931  3770 |02-12 19:53:43
  2   4  91   0   0   3|   0     0 | 365k   11M|   0     0 | 923  3873 |02-12 19:53:44
  3   4  90   0   0   4|   0     0 | 373k   11M|   0     0 | 951  3934 |02-12 19:53:45
  2   5  88   0   0   5|   0     0 | 377k   11M|   0     0 | 904  3678 |02-12 19:53:46
  4   5  88   0   0   3|   0     0 | 367k   11M|   0     0 | 934  3918 |02-12 19:53:47
  5   6  85   0   0   3|   0     0 | 369k   11M|   0     0 | 998  3926 |02-12 19:53:48
  2   4  91   0   0   4|   0     0 | 372k   11M|   0     0 | 888  3541 |02-12 19:53:49
  3   5  89   0   0   3|   0     0 | 374k   11M|   0     0 | 902  3557 |02-12 19:53:50
  4   5  89   0   0   3|   0     0 | 358k   10M|   0     0 | 877  3490 |02-12 19:53:51
  3   5  88   0   0   4|   0     0 | 380k   11M|   0     0 |1041  4168 |02-12 19:53:52
  4   5  88   0   0   4|   0     0 | 366k   11M|   0     0 | 945  3683 |02-12 19:53:53
  3   3  91   0   0   4|   0     0 | 353k   10M|   0     0 | 883  3522 |02-12 19:53:54
  0   0  99   0   0   0|   0     0 |5422B 2782B|   0     0 |  25    66 |02-12 19:53:55
  2   2  93   0   0   3|   0     0 | 209k 6270k|   0     0 | 566  2146 |02-12 19:53:56
  1   1  98   0   0   0|   0     0 |  60k 1796k|   0     0 | 192   729 |02-12 19:53:57
  2   3  92   0   0   3|   0     0 | 218k 6366k|   0     0 | 584  2327 |02-12 19:53:58
  0   1 100   0   0   0|   0     0 |2100B   61k|   0     0 |  25    57 |02-12 19:53:59
  3   5  90   0   0   2|   0     0 | 314k 9436k|   0     0 | 840  3230 |02-12 19:54:00
  4   4  88   0   0   4|   0     0 | 381k   11M|   0     0 | 928  3761 |02-12 19:54:01
  4   6  86   0   0   5|   0     0 | 372k   11M|   0     0 | 995  3857 |02-12 19:54:02
  3   4  88   0   0   6|   0     0 | 378k   11M|   0     0 |1031  4038 |02-12 19:54:03
  3   6  88   0   0   4|   0     0 | 365k   11M|   0     0 | 871  3420 |02-12 19:54:04
  1   1  95   2   0   2|   0    24k| 104k 2958k|   0     0 | 252  1022 |02-12 19:54:05
  1   1  98   0   0   0|   0     0 |4518B 4546B|   0     0 |  66   243 |02-12 19:54:06
  1   1  99   0   0   0|   0    16k|5422B 2782B|   0     0 |  38   116 |02-12 19:54:07
  0   0 100   0   0   0|   0     0 |   0     0 |   0     0 |  22    45 |02-12 19:54:08
  0   0 100   0   0   0|   0     0 |   0     0 |   0     0 |  22    32 |02-12 19:54:09
  1   1  99   0   0   0|   0     0 |5422B 2782B|   0     0 |  28    70 |02-12 19:54:10
  0   0 100   0   0   0|   0     0 |   0     0 |   0     0 |  21    32 |02-12 19:54:11
  1   0  99   0   0   0|   0     0 | 247B  247B|   0     0 |  41   102 |02-12 19:54:12
  1   1  98   0   0   0|   0     0 |  13k 8974B|   0     0 |  46   106 |02-12 19:54:13
  8   5  87   0   0   0|   0     0 |2724B 2318B|   0     0 | 209   635 |02-12 19:54:14
  0   0 100   0   0   0|   0     0 | 102B  192B|   0     0 |  23    40 |02-12 19:54:15
  1   1  99   0   0   0|   0     0 |5422B 2782B|   0     0 |  27    73 |02-12 19:54:16
  1   0 100   0   0   0|   0     0 |   0     0 |   0     0 |  35    87 |02-12 19:54:17
  0   0 100   0   0   0|   0     0 |   0     0 |   0     0 |  23    40 |02-12 19:54:18
  1   0  99   0   0   0|   0     0 |5422B 2782B|   0     0 |  27    79 |02-12 19:54:19
  0   0 100   0   0   0|   0     0 |   0     0 |   0     0 |  18    29 |02-12 19:54:20
  0   0 100   0   0   0|   0     0 |   0     0 |   0     0 |  19    26 |02-12 19:54:21
  1   1  99   0   0   0|   0     0 |5422B 2782B|   0     0 |  38   128 |02-12 19:54:22
  0   0 100   0   0   0|   0     0 |   0     0 |   0     0 |  22    32 |02-12 19:54:23
  0   0 100   0   0   0|   0     0 |   0     0 |   0     0 |  24    54 |02-12 19:54:24
  1   0  99   0   0   0|   0     0 |5844B 3494B|   0     0 |  28    79 |02-12 19:54:25
  0   0 100   0   0   0|   0     0 |   0     0 |   0     0 |  18    24 |02-12 19:54:26
  1   0  99   0   0   0|   0     0 |   0     0 |   0     0 |  35    85 |02-12 19:54:27
  1   0  99   0   0   0|   0     0 |5422B 2782B|   0     0 |  24    72 |02-12 19:54:28
  0   0 100   0   0   0|   0     0 | 247B  247B|   0     0 |  32    67 |02-12 19:54:29
  9   3  89   0   0   0|   0     0 |3440B 3630B|   0     0 | 180   512 |02-12 19:54:30
  1   1  96   0   0   1|   0     0 |  48k 1256k|   0     0 | 122   548 |02-12 19:54:31
  2   3  94   0   0   1|   0     0 | 172k 5167k|   0     0 | 539  2171 |02-12 19:54:32
  3   6  86   0   0   5|   0     0 | 309k 9314k|   0     0 | 892  3599 |02-12 19:54:33
  3   6  87   0   0   5|   0     0 | 375k   11M|   0     0 |1065  4009 |02-12 19:54:34
  3   4  91   0   0   2|   0     0 | 367k   11M|   0     0 | 935  3756 |02-12 19:54:35
  2   5  88   2   0   4|   0    72k| 363k   11M|   0     0 | 965  3831 |02-12 19:54:36
  3   3  90   0   0   4|   0     0 | 367k   11M|   0     0 |1017  3977 |02-12 19:54:37
  3   4  90   0   0   3|   0    68k| 376k   11M|   0     0 | 966  3754 |02-12 19:54:38
  4   6  87   0   0   4|   0     0 | 374k   11M|   0     0 | 998  3878 |02-12 19:54:39
  3   5  88   0   0   5|   0     0 | 360k   11M|   0     0 | 974  3801 |02-12 19:54:40
  4   5  86   0   0   5|   0     0 | 369k   11M|   0     0 |1032  4061 |02-12 19:54:41
  3   6  89   0   0   2|   0     0 | 370k   11M|   0     0 | 937  3773 |02-12 19:54:42
  3   5  89   0   0   4|   0     0 | 369k   11M|   0     0 | 954  3912 |02-12 19:54:43
  3   5  89   0   0   4|   0     0 | 370k   11M|   0     0 |1029  3822 |02-12 19:54:44
  4   5  87   0   0   5|   0     0 | 371k   11M|   0     0 |1008  3788 |02-12 19:54:45
  4   4  90   0   0   3|   0     0 | 382k   11M|   0     0 | 921  3658 |02-12 19:54:46
  4   4  90   0   0   3|   0     0 | 354k   10M|   0     0 | 910  3501 |02-12 19:54:47
  4   3  89   0   0   5|   0  4096B| 373k   11M|   0     0 | 922  3761 |02-12 19:54:48
  4   4  88   0   0   4|   0     0 | 365k   11M|   0     0 | 860  3643 |02-12 19:54:49
  3   4  89   0   0   4|   0     0 | 378k   11M|   0     0 | 931  3575 |02-12 19:54:50
  2   5  88   0   0   5|   0     0 | 374k   11M|   0     0 | 859  3640 |02-12 19:54:51
  3   4  90   0   0   3|   0     0 | 365k   11M|   0     0 |1046  3991 |02-12 19:54:52
  4   4  88   0   0   4|   0     0 | 373k   11M|   0     0 | 935  3799 |02-12 19:54:53
  2   5  91   0   0   3|   0     0 | 374k   11M|   0     0 | 907  3945 |02-12 19:54:54
  3   5  91   0   0   2|   0     0 | 365k   11M|   0     0 | 965  3670 |02-12 19:54:55
  4   4  90   0   0   3|   0     0 | 392k   11M|   0     0 | 881  3969 |02-12 19:54:56
  3   3  89   0   0   5|   0     0 | 361k   11M|   0     0 | 833  3679 |02-12 19:54:57
  3   5  88   0   0   4|   0     0 | 359k   11M|   0     0 | 833  3714 |02-12 19:54:58
  4   5  88   0   0   3|   0     0 | 381k   11M|   0     0 | 931  3941 |02-12 19:54:59
  5   5  87   0   0   4|   0     0 | 363k   11M|   0     0 | 885  3678 |02-12 19:55:00
  4   4  89   0   0   3|   0     0 | 371k   11M|   0     0 | 883  3736 |02-12 19:55:01
  3   5  88   0   0   5|   0     0 | 379k   11M|   0     0 | 892  3695 |02-12 19:55:02
  3   6  87   0   0   5|   0  8192B| 368k   11M|   0     0 | 928  3848 |02-12 19:55:03
  2   6  89   0   0   3|   0     0 | 381k   11M|   0     0 | 994  3891 |02-12 19:55:04
  4   5  88   0   0   3|   0     0 | 382k   11M|   0     0 | 971  3743 |02-12 19:55:05
  2   3  88   2   0   5|   0    28k| 341k   10M|   0     0 | 834  3355 |02-12 19:55:06
  2   2  94   0   0   3|   0     0 | 145k 4378k|   0     0 | 421  1542 |02-12 19:55:07
  1   0  98   0   0   1|   0     0 |  45k 1160k|   0     0 | 147   500 |02-12 19:55:08
  3   3  91   0   0   3|   0  4096B| 310k 9272k|   0     0 | 816  3251 |02-12 19:55:09
  1   1  98   0   0   1|   0     0 |  74k 2214k|   0     0 | 231   831 |02-12 19:55:10
  1   1  97   0   0   1|   0     0 |  74k 2051k|   0     0 | 207   751 |02-12 19:55:11
  3   4  91   0   0   3|   0     0 | 224k 6712k|   0     0 | 583  2421 |02-12 19:55:12
  3   4  90   0   0   3|   0     0 | 369k   11M|   0     0 |1005  3888 |02-12 19:55:13
  5   4  86   0   0   6|   0     0 | 374k   11M|   0     0 |1002  4078 |02-12 19:55:14
  3   4  90   0   0   4|   0     0 | 344k   10M|   0     0 | 906  3546 |02-12 19:55:15
  3   5  87   0   0   5|   0     0 | 362k   11M|   0     0 | 885  3755 |02-12 19:55:16
  4   5  89   0   0   3|   0     0 | 361k   10M|   0     0 | 937  3617 |02-12 19:55:17
  3   5  87   0   0   6|   0     0 | 378k   11M|   0     0 |1037  4048 |02-12 19:55:18
  2   3  92   0   0   3|   0     0 | 363k   11M|   0     0 | 926  3681 |02-12 19:55:19
  3   4  90   0   0   4|   0     0 | 371k   11M|   0     0 | 814  3693 |02-12 19:55:20
  3   3  90   0   0   4|   0     0 | 363k   11M|   0     0 | 820  3714 |02-12 19:55:21
  3   4  89   0   0   4|   0     0 | 375k   11M|   0     0 |1002  4163 |02-12 19:55:22
  4   5  87   0   0   6|   0     0 | 368k   11M|   0     0 | 971  3878 |02-12 19:55:23
  3   6  88   0   0   4|   0     0 | 370k   11M|   0     0 |1010  3800 |02-12 19:55:24
  3   5  88   0   0   5|   0     0 | 364k   11M|   0     0 | 886  3635 |02-12 19:55:25
  4   5  86   0   0   6|   0     0 | 377k   11M|   0     0 | 949  3751 |02-12 19:55:26
  4   5  86   0   0   5|   0     0 | 358k   10M|   0     0 |1020  3762 |02-12 19:55:27
  4   7  86   0   0   4|   0     0 | 373k   11M|   0     0 | 910  4073 |02-12 19:55:28
  4   6  88   0   0   3|   0     0 | 378k   11M|   0     0 | 980  3887 |02-12 19:55:29
  2   4  91   0   0   4|   0     0 | 369k   11M|   0     0 | 846  3658 |02-12 19:55:30
  0   0  99   0   0   0|   0     0 |  33k  852k|   0     0 | 108   443 |02-12 19:55:31
  1   1  98   0   0   0|   0     0 |9940B 7328B|   0     0 |  62   273 |02-12 19:55:32
  1   1  99   0   0   0|   0     0 |2678B 5566B|   0     0 |  45   118 |02-12 19:55:33
  0   0 100   0   0   0|   0  8192B|   0     0 |   0     0 |  21    35 |02-12 19:55:34
  1   0  99   0   0   0|   0     0 |5422B 2782B|   0     0 |  27    65 |02-12 19:55:35
  0   0 100   0   0   0|   0     0 |   0     0 |   0     0 |  21    40 |02-12 19:55:36
  1   0  89  11   0   0|   0    48k|   0     0 |   0     0 |  33    94 |02-12 19:55:37
  1   0  99   0   0   0|   0     0 |5422B 2782B|   0     0 |  24    86 |02-12 19:55:38
  1   1  99   0   0   0|   0    40k| 313B 1289B|   0     0 |  31    82 |02-12 19:55:39
  8   4  88   0   0   1|   0     0 |8562B 6812B|   0     0 | 186   540 |02-12 19:55:40
  2   1  98   0   0   0|   0     0 |5782B 3426B|   0     0 |  65   303 |02-12 19:55:41
  0   1 100   0   0   0|   0     0 |   0     0 |   0     0 |  33    96 |02-12 19:55:42
  0   0 100   0   0   0|   0     0 |   0     0 |   0     0 |  21    28 |02-12 19:55:43
  0   1 100   0   0   0|   0  8192B|  74B  404B|   0     0 |  24    42 |02-12 19:55:44
  0   0 100   0   0   0|   0     0 |5348B 2378B|   0     0 |  26    62 |02-12 19:55:45
  0   0 100   0   0   0|   0     0 |   0     0 |   0     0 |  23    37 |02-12 19:55:46
  0   1  99   0   0   0|   0     0 |   0     0 |   0     0 |  34    81 |02-12 19:55:47
  1   0 100   0   0   0|   0     0 |5422B 2782B|   0     0 |  30    82 |02-12 19:55:48
  0   0 100   0   0   0|   0     0 |  74B   74B|   0     0 |  22    43 |02-12 19:55:49
  2   2  96   0   0   0|   0     0 |3237B 2621B|   0     0 | 133   357 |02-12 19:55:50
