[7l----total-cpu-usage---- -dsk/total- -net/total- ---paging-- ---system-- ----system----
usr sys idl wai hiq siq| read  writ| recv  send|  in   out | int   csw |     time     
  2   3  93   0   0   2|  25k   69k|   0     0 |   0     0 | 459  1761 |02-12 19:38:09
  0   0 100   0   0   0|   0     0 | 460B 1842B|   0     0 |  24    76 |02-12 19:38:10
  0   0 100   0   0   0|   0    36k|   0     0 |   0     0 |  19    59 |02-12 19:38:11
  0   0 100   0   0   0|   0     0 | 606B  408B|   0     0 |  38    64 |02-12 19:38:12
  2   0  98   0   0   0|   0     0 |6078B 3612B|   0     0 |  49   145 |02-12 19:38:13
  0   0 100   0   0   0|   0    56k| 168B  102B|   0     0 |  27    42 |02-12 19:38:14
  1   1  98   0   0   0|   0     0 |3295B 3205B|   0     0 |  75   215 |02-12 19:38:15
  8   5  86   0   0   1|   0     0 | 101k 2861k|   0     0 | 401  1469 |02-12 19:38:16
  1   3  94   0   0   3|   0     0 | 296k 8889k|   0     0 | 908  3751 |02-12 19:38:17
  3   6  87   0   0   4|   0     0 | 333k 9979k|   0     0 | 984  3964 |02-12 19:38:18
  4   5  87   0   0   5|   0     0 | 383k   11M|   0     0 |1049  4234 |02-12 19:38:19
  1   3  92   0   0   4|   0     0 | 357k   10M|   0     0 |1005  3873 |02-12 19:38:20
  2   4  90   0   0   4|   0     0 | 365k   11M|   0     0 | 987  3850 |02-12 19:38:21
  4   4  89   0   0   3|   0     0 | 343k   10M|   0     0 | 954  3897 |02-12 19:38:22
  4   6  86   0   0   5|   0     0 | 381k   11M|   0     0 |1086  4217 |02-12 19:38:23
  3   5  90   0   0   3|   0     0 | 367k   11M|   0     0 |1083  4210 |02-12 19:38:24
  3   6  87   0   0   4|   0     0 | 385k   11M|   0     0 |1161  4480 |02-12 19:38:25
  3   6  88   0   0   4|   0     0 | 360k   11M|   0     0 |1049  4182 |02-12 19:38:26
  2   3  92   0   0   4|   0     0 | 383k   11M|   0     0 |1109  4380 |02-12 19:38:27
  4   4  87   0   0   6|   0     0 | 357k   10M|   0     0 | 944  3875 |02-12 19:38:28
  3   5  88   0   0   5|   0     0 | 365k   11M|   0     0 |1122  4465 |02-12 19:38:29
  5   4  87   0   0   4|   0     0 | 363k   11M|   0     0 |1047  3939 |02-12 19:38:30
  4   4  88   0   0   4|   0     0 | 387k   11M|   0     0 |1053  4178 |02-12 19:38:31
  3   5  89   0   0   3|   0     0 | 388k   11M|   0     0 |1094  4001 |02-12 19:38:32
  4   6  86   0   0   5|   0     0 | 380k   11M|   0     0 |1120  4273 |02-12 19:38:33
  3   5  88   0   0   4|   0     0 | 374k   11M|   0     0 | 881  3928 |02-12 19:38:34
  3   4  89   0   0   4|   0     0 | 360k   11M|   0     0 | 967  3904 |02-12 19:38:35
  3   4  90   0   0   3|   0     0 | 385k   11M|   0     0 |1164  4359 |02-12 19:38:36
  3   3  91   0   0   3|   0     0 | 372k   11M|   0     0 |1079  4212 |02-12 19:38:37
  3   5  88   0   0   4|   0     0 | 373k   11M|   0     0 | 959  3981 |02-12 19:38:38
  3   5  86   0   0   5|   0     0 | 364k   11M|   0     0 | 981  4023 |02-12 19:38:39
  3   5  88   0   0   4|   0     0 | 356k   10M|   0     0 | 997  4004 |02-12 19:38:40
  3   5  89   0   0   4|   0    12k| 351k   10M|   0     0 | 945  3963 |02-12 19:38:41
  2   6  89   0   0   4|   0     0 | 370k   11M|   0     0 | 971  4158 |02-12 19:38:42
  4   5  87   0   0   4|   0     0 | 389k   11M|   0     0 |1076  4310 |02-12 19:38:43
  2   4  91   0   0   3|   0     0 | 366k   11M|   0     0 | 968  4103 |02-12 19:38:44
  3   5  81   9   0   2|   0    76k| 378k   11M|   0     0 |1037  4191 |02-12 19:38:45
  2   4  89   0   0   5|   0    72k| 357k   10M|   0     0 | 951  3688 |02-12 19:38:46
  2   5  86   0   0   6|   0     0 | 383k   11M|   0     0 | 981  3992 |02-12 19:38:47
  4   5  89   0   0   3|   0     0 | 364k   11M|   0     0 |1022  4112 |02-12 19:38:48
  4   8  86   0   0   3|   0     0 | 375k   11M|   0     0 |1029  4057 |02-12 19:38:49
  3   5  87   0   0   4|   0     0 | 378k   11M|   0     0 | 941  4131 |02-12 19:38:50
  2   5  89   0   0   4|   0     0 | 347k   10M|   0     0 | 956  3928 |02-12 19:38:51
  4   4  88   0   0   5|   0     0 | 359k   10M|   0     0 |1007  4069 |02-12 19:38:52
  2   4  90   0   0   4|   0     0 | 393k   12M|   0     0 |1021  4309 |02-12 19:38:53
  5   5  86   0   0   5|   0     0 | 368k   11M|   0     0 |1012  3943 |02-12 19:38:54
  3   6  89   0   0   2|   0     0 | 378k   11M|   0     0 |1015  3845 |02-12 19:38:55
  4   5  85   0   0   5|   0     0 | 370k   11M|   0     0 |1103  4314 |02-12 19:38:56
  2   5  89   0   0   4|   0     0 | 361k   11M|   0     0 | 945  3822 |02-12 19:38:57
  3   5  88   0   0   4|   0     0 | 386k   11M|   0     0 | 959  4161 |02-12 19:38:58
  4   5  85   0   0   5|   0     0 | 368k   11M|   0     0 | 966  4275 |02-12 19:38:59
  2   4  92   0   0   3|   0     0 | 370k   11M|   0     0 |1029  4053 |02-12 19:39:00
  3   5  89   0   0   4|   0     0 | 379k   11M|   0     0 |1093  4263 |02-12 19:39:01
  3   4  91   0   0   3|   0     0 | 366k   11M|   0     0 | 982  4136 |02-12 19:39:02
  2   3  90   0   0   5|   0     0 | 359k   11M|   0     0 | 958  4149 |02-12 19:39:03
  3   5  87   0   0   5|   0     0 | 373k   11M|   0     0 |1069  4204 |02-12 19:39:04
  3   4  89   0   0   4|   0     0 | 376k   11M|   0     0 |1047  4297 |02-12 19:39:05
  3   6  88   0   0   4|   0     0 | 371k   11M|   0     0 |1039  4154 |02-12 19:39:06
  4   5  89   0   0   3|   0     0 | 359k   10M|   0     0 | 987  4219 |02-12 19:39:07
  2   4  91   0   0   3|   0     0 | 384k   11M|   0     0 |1076  4425 |02-12 19:39:08
  3   4  91   0   0   3|   0     0 | 364k   11M|   0     0 | 956  4022 |02-12 19:39:09
  3   4  90   0   0   4|   0     0 | 383k   11M|   0     0 |1000  4130 |02-12 19:39:10
  2   5  90   0   0   3|   0     0 | 357k   10M|   0     0 | 992  4088 |02-12 19:39:11
  3   4  92   0   0   2|   0  8192B| 348k   10M|   0     0 | 903  3765 |02-12 19:39:12
  4   5  88   0   0   4|   0     0 | 366k   11M|   0     0 |1047  3932 |02-12 19:39:13
  3   4  91   0   0   3|   0     0 | 364k   11M|   0     0 |1006  4224 |02-12 19:39:14
  2   4  90   1   0   3|   0    24k| 357k   10M|   0     0 | 838  3857 |02-12 19:39:15
  3   2  93   0   0   2|   0     0 | 182k 5160k|   0     0 | 522  2177 |02-12 19:39:16
  0   1  99   0   0   0|   0  8192B|4518B 4546B|   0     0 |  54   220 |02-12 19:39:17
  0   0 100   0   0   0|   0     0 |   0     0 |   0     0 |  23    43 |02-12 19:39:18
  1   1  99   0   0   0|   0     0 |5422B 2782B|   0     0 |  39   107 |02-12 19:39:19
  0   0 100   0   0   0|   0     0 |   0     0 |   0     0 |  20    37 |02-12 19:39:20
  0   0 100   0   0   0|   0     0 | 372B  306B|   0     0 |  36    82 |02-12 19:39:21
  0   1 100   0   0   0|   0     0 |6242B 2428B|   0     0 |  55   155 |02-12 19:39:22
  0   0 100   0   0   0|   0     0 | 386B 1636B|   0     0 |  27    52 |02-12 19:39:23
  0   0 100   0   0   0|   0     0 |   0     0 |   0     0 |  33    74 |02-12 19:39:24
  1   0  99   0   0   0|   0     0 |4471B 4471B|   0     0 |  32    76 |02-12 19:39:25
  1   1  99   0   0   0|   0     0 |7900B 5136B|   0     0 |  43   128 |02-12 19:39:26
  7   5  88   0   0   0|   0     0 |2286B 1920B|   0     0 | 183   601 |02-12 19:39:27
  0   0 100   0   0   0|   0     0 | 672B  408B|   0     0 |  41    71 |02-12 19:39:28
  1   0  99   0   0   0|   0     0 |5758B 2994B|   0     0 |  50   142 |02-12 19:39:29
  0   0 100   0   0   0|   0     0 | 336B  220B|   0     0 |  34    73 |02-12 19:39:30
  2   0  99   0   0   0|   0     0 |3080B 5880B|   0     0 |  59   163 |02-12 19:39:31
  0   0 100   0   0   0|   0     0 |5422B 2782B|   0     0 |  22    76 |02-12 19:39:32
  1   0 100   0   0   0|   0     0 | 336B  204B|   0     0 |  35    70 |02-12 19:39:33
  0   1  99   0   0   0|   0     0 | 336B  212B|   0     0 |  44   107 |02-12 19:39:34
  1   0 100   0   0   0|   0     0 |5422B 2782B|   0     0 |  24    65 |02-12 19:39:35
  0   0 100   0   0   0|   0     0 | 168B  102B|   0     0 |  26    41 |02-12 19:39:36
  0   0 100   0   0   0|   0     0 |   0     0 |   0     0 |  22    46 |02-12 19:39:37
  1   0 100   0   0   0|   0     0 |5422B 2782B|   0     0 |  24    60 |02-12 19:39:38
  1   0 100   0   0   0|   0     0 |   0     0 |   0     0 |  31    69 |02-12 19:39:39
  0   0 100   0   0   0|   0     0 |   0     0 |   0     0 |  24    57 |02-12 19:39:40
  1   1  99   0   0   0|   0     0 |6196B 3332B|   0     0 |  44   127 |02-12 19:39:41
  0   0 100   0   0   0|   0     0 | 402B  220B|   0     0 |  32    53 |02-12 19:39:42
  1   1  99   0   0   0|   0  8192B|2247B 2121B|   0     0 |  52   118 |02-12 19:39:43
  8   4  88   0   0   0|   0     0 |  16k  277k|   0     0 | 211   586 |02-12 19:39:44
  4   4  90   0   0   3|   0     0 | 246k 7391k|   0     0 | 821  2968 |02-12 19:39:45
  1   3  93   1   0   3|   0    80k| 290k 8666k|   0     0 | 759  3668 |02-12 19:39:46
  3   5  88   0   0   5|   0     0 | 374k   11M|   0     0 |1040  4310 |02-12 19:39:47
  2   4  91   0   0   4|   0    76k| 355k   10M|   0     0 | 976  3956 |02-12 19:39:48
  2   7  88   0   0   3|   0     0 | 351k   10M|   0     0 | 919  3757 |02-12 19:39:49
  4   5  87   0   0   4|   0     0 | 364k   11M|   0     0 | 899  3897 |02-12 19:39:50
  2   4  91   0   0   4|   0     0 | 338k   10M|   0     0 |1033  3775 |02-12 19:39:51
  4   6  88   0   0   3|   0     0 | 326k 9757k|   0     0 | 945  3771 |02-12 19:39:52
  3   5  87   0   0   5|   0    12k| 381k   11M|   0     0 |1036  4334 |02-12 19:39:53
  6   5  86   0   0   3|   0     0 | 361k   11M|   0     0 |1046  3913 |02-12 19:39:54
  3   5  88   0   0   5|   0     0 | 371k   11M|   0     0 |1016  3835 |02-12 19:39:55
  4   5  89   0   0   3|   0     0 | 369k   11M|   0     0 | 971  3808 |02-12 19:39:56
  3   4  89   0   0   4|   0     0 | 364k   11M|   0     0 |1066  3958 |02-12 19:39:57
  3   6  89   0   0   3|   0     0 | 347k   10M|   0     0 | 951  3871 |02-12 19:39:58
  4   5  89   0   0   3|   0  8192B| 376k   11M|   0     0 | 889  4004 |02-12 19:39:59
  2   3  90   0   0   6|   0     0 | 367k   11M|   0     0 | 960  3967 |02-12 19:40:00
  1   6  91   0   0   2|   0     0 | 352k   10M|   0     0 | 935  3922 |02-12 19:40:01
  3   4  90   0   0   4|   0     0 | 368k   11M|   0     0 |1022  4036 |02-12 19:40:02
  2   4  90   0   0   5|   0     0 | 359k   11M|   0     0 |1095  4037 |02-12 19:40:03
  3   4  89   0   0   5|   0     0 | 359k   10M|   0     0 | 887  3774 |02-12 19:40:04
  3   5  89   0   0   4|   0     0 | 353k   10M|   0     0 | 941  3791 |02-12 19:40:05
  2   3  91   0   0   4|   0     0 | 363k   11M|   0     0 |1035  3882 |02-12 19:40:06
  4   4  89   0   0   4|   0     0 | 342k   10M|   0     0 |1012  3824 |02-12 19:40:07
  3   6  87   0   0   5|   0     0 | 368k   11M|   0     0 |1040  3969 |02-12 19:40:08
  3   5  88   0   0   4|   0     0 | 367k   11M|   0     0 | 997  4027 |02-12 19:40:09
  2   4  90   0   0   4|   0     0 | 351k   10M|   0     0 |1006  3854 |02-12 19:40:10
  5   4  88   0   0   3|   0     0 | 353k   10M|   0     0 | 900  3613 |02-12 19:40:11
  3   4  90   0   0   3|   0     0 | 387k   11M|   0     0 | 995  3984 |02-12 19:40:12
  2   4  91   0   0   3|   0     0 | 330k 9880k|   0     0 | 956  3282 |02-12 19:40:13
  4   3  88   0   0   5|   0     0 | 366k   11M|   0     0 | 975  3953 |02-12 19:40:14
  3   4  89   0   0   4|   0     0 | 348k   10M|   0     0 | 988  3739 |02-12 19:40:15
  2   4  92   0   0   3|   0    40k| 324k 9724k|   0     0 | 815  3590 |02-12 19:40:16
  2   5  88   2   0   4|   0  4096B| 377k   11M|   0     0 |1065  4085 |02-12 19:40:17
  3   4  89   0   0   4|   0     0 | 355k   10M|   0     0 |1094  4134 |02-12 19:40:18
  3   3  90   0   0   4|   0     0 | 340k   10M|   0     0 |1025  3837 |02-12 19:40:19
  4   4  88   0   0   4|   0     0 | 372k   11M|   0     0 |1030  4048 |02-12 19:40:20
  3   4  92   0   0   1|   0     0 | 331k 9896k|   0     0 | 923  3617 |02-12 19:40:21
  2   3  92   0   0   4|   0     0 | 344k   10M|   0     0 | 880  3636 |02-12 19:40:22
  4   6  88   0   0   3|   0     0 | 378k   11M|   0     0 |1042  3946 |02-12 19:40:23
  3   5  88   0   0   5|   0     0 | 357k   10M|   0     0 | 999  3970 |02-12 19:40:24
  4   4  87   0   0   5|   0     0 | 354k   10M|   0     0 |1099  3989 |02-12 19:40:25
  4   4  89   0   0   4|   0     0 | 358k   10M|   0     0 | 944  4015 |02-12 19:40:26
  3   4  88   0   0   5|   0     0 | 375k   11M|   0     0 | 956  3778 |02-12 19:40:27
  4   4  89   0   0   4|   0     0 | 330k 9888k|   0     0 | 847  3541 |02-12 19:40:28
  4   6  86   0   0   4|   0     0 | 375k   11M|   0     0 |1083  3924 |02-12 19:40:29
  2   3  91   0   0   4|   0    16k| 336k   10M|   0     0 | 860  3352 |02-12 19:40:30
  2   4  91   0   0   3|   0     0 | 355k   10M|   0     0 | 937  3705 |02-12 19:40:31
  5   4  88   0   0   3|   0     0 | 344k   10M|   0     0 | 863  3466 |02-12 19:40:32
  2   5  91   0   0   3|   0     0 | 349k   10M|   0     0 | 928  3631 |02-12 19:40:33
  3   4  89   0   0   4|   0     0 | 348k   10M|   0     0 | 814  3549 |02-12 19:40:34
  4   5  87   0   0   6|   0     0 | 367k   11M|   0     0 |1079  4074 |02-12 19:40:35
  2   4  91   0   0   4|   0     0 | 367k   11M|   0     0 | 991  4176 |02-12 19:40:36
  2   5  91   0   0   2|   0     0 | 335k   10M|   0     0 |1042  3777 |02-12 19:40:37
  4   5  87   0   0   5|   0     0 | 355k   10M|   0     0 | 856  3768 |02-12 19:40:38
  3   3  92   0   0   3|   0     0 | 344k   10M|   0     0 | 917  3703 |02-12 19:40:39
  3   3  90   0   0   4|   0     0 | 353k   10M|   0     0 | 875  3411 |02-12 19:40:40
  2   5  90   0   0   3|   0     0 | 344k   10M|   0     0 |1071  3971 |02-12 19:40:41
  4   5  87   0   0   4|   0     0 | 369k   11M|   0     0 |1025  3989 |02-12 19:40:42
  2   5  87   0   0   5|   0     0 | 350k   10M|   0     0 |1069  3656 |02-12 19:40:43
  4   4  89   0   0   4|   0     0 | 364k   11M|   0     0 |1034  4112 |02-12 19:40:44
  1   0  99   0   0   0|   0  4096B|8826B 7006B|   0     0 |  42   171 |02-12 19:40:45
  1   0  99   0   0   0|   0     0 |4518B 4546B|   0     0 |  43   179 |02-12 19:40:46
  0   0  99   1   0   0|   0    44k|   0     0 |   0     0 |  28    67 |02-12 19:40:47
  1   1  99   0   0   0|   0     0 |5422B 2782B|   0     0 |  22    57 |02-12 19:40:48
  1   0 100   0   0   0|   0     0 |   0     0 |   0     0 |  34    79 |02-12 19:40:49
  0   0 100   0   0   0|   0     0 |   0     0 |   0     0 |  18    25 |02-12 19:40:50
  1   0 100   0   0   0|   0    40k|5422B 2782B|   0     0 |  30    70 |02-12 19:40:51
  0   0 100   0   0   0|   0     0 |   0     0 |   0     0 |  23    33 |02-12 19:40:52
  1   1  99   0   0   0|   0     0 |6511B 6317B|   0     0 |  39    93 |02-12 19:40:53
  6   5  89   0   0   0|   0     0 |8278B 5210B|   0     0 | 191   696 |02-12 19:40:54
  0   0 100   0   0   0|   0     0 | 102B  102B|   0     0 |  28    51 |02-12 19:40:55
  8   2  91   0   0   0|   0     0 |1552B 1112B|   0     0 | 100   255 |02-12 19:40:56
  1   1  98   0   0   0|   0     0 |9821B 3975B|   0     0 |  40   130 |02-12 19:40:57
  0   0 100   0   0   0|   0     0 |1110B  738B|   0     0 |  38    73 |02-12 19:40:58
  1   0  99   0   0   0|   0     0 | 744B  440B|   0     0 |  41   102 |02-12 19:40:59
  0   0 100   0   0   0|   0     0 |5932B 3112B|   0     0 |  32    81 |02-12 19:41:00
  0   0 100   0   0   0|   0    12k| 708B  576B|   0     0 |  38    76 |02-12 19:41:01
  0   0 100   0   0   0|   0     0 | 468B  204B|   0     0 |  29    50 |02-12 19:41:02
  1   0 100   0   0   0|   0     0 |5422B 2782B|   0     0 |  23    57 |02-12 19:41:03
  0   1  99   0   0   0|   0     0 |   0     0 |   0     0 |  35    67 |02-12 19:41:04
  0   0 100   0   0   0|   0     0 |   0     0 |   0     0 |  22    42 |02-12 19:41:05
  1   0  99   0   0   0|   0     0 |5422B 2782B|   0     0 |  24    61 |02-12 19:41:06
  0   0 100   0   0   0|   0     0 | 234B  260B|   0     0 |  28    60 |02-12 19:41:07
  0   0 100   0   0   0|   0     0 | 504B  306B|   0     0 |  26    36 |02-12 19:41:08
  1   1  98   0   0   0|   0     0 |6094B 3190B|   0     0 |  44   122 |02-12 19:41:09
  4   1  95   0   0   0|   0     0 |3647B 2899B|   0     0 | 116   337 |02-12 19:41:10
  6   3  90   0   0   1|   0     0 | 105k 3204k|   0     0 | 437  1553 |02-12 19:41:11
  3   5  89   0   0   5|   0     0 | 292k 8631k|   0     0 | 875  3486 |02-12 19:41:12
  2   3  91   0   0   5|   0     0 | 318k 9542k|   0     0 | 943  3849 |02-12 19:41:13
  3   6  88   0   0   4|   0     0 | 360k   11M|   0     0 | 969  3820 |02-12 19:41:14
  4   3  89   0   0   4|   0     0 | 370k   11M|   0     0 | 920  3679 |02-12 19:41:15
  3   5  89   0   0   3|   0  4096B| 361k   11M|   0     0 |1049  4114 |02-12 19:41:16
  6   6  85   0   0   4|   0     0 | 357k   10M|   0     0 | 945  3703 |02-12 19:41:17
  6   6  81   2   0   5|   0    64k| 406k   11M|   0     0 |1070  4404 |02-12 19:41:18
 25  15  40  15   0   5|   0  2400k|2754k   10M|   0     0 |1160  4738 |02-12 19:41:19
 30  20  42   3   0   5|1140k  552k| 353k   10M|   0     0 | 482  2681 |02-12 19:41:20
  5   8  81   4   0   2| 384k    0 | 378k   11M|   0     0 |1338  5220 |02-12 19:41:21
  2   4  91   0   0   3|   0     0 | 337k   10M|   0     0 | 940  3737 |02-12 19:41:22
  4   5  87   0   0   4|   0     0 | 349k   10M|   0     0 | 908  3520 |02-12 19:41:23
  3   4  88   0   0   4|   0     0 | 384k   11M|   0     0 |1003  3964 |02-12 19:41:24
  3   6  87   0   0   4|   0     0 | 381k   11M|   0     0 |1041  4213 |02-12 19:41:25
  3   5  89   0   0   4|   0  8192B| 376k   11M|   0     0 | 989  4065 |02-12 19:41:26
  4   4  89   0   0   4|   0     0 | 360k   10M|   0     0 | 913  3938 |02-12 19:41:27
  2   4  91   0   0   3|   0     0 | 363k   11M|   0     0 | 989  4040 |02-12 19:41:28
  2   6  88   0   0   4|   0     0 | 375k   11M|   0     0 |1007  4176 |02-12 19:41:29
  3   4  89   0   0   4|   0     0 | 375k   11M|   0     0 |1019  4136 |02-12 19:41:30
  4   5  87   0   0   4|   0     0 | 383k   11M|   0     0 |1089  4419 |02-12 19:41:31
  4   7  86   0   0   4|   0  8192B| 382k   11M|   0     0 | 921  3920 |02-12 19:41:32
  4   5  88   0   0   4|   0     0 | 367k   11M|   0     0 | 914  3853 |02-12 19:41:33
  3   4  88   0   0   5|   0     0 | 377k   11M|   0     0 | 923  3809 |02-12 19:41:34
  2   3  92   0   0   4|   0     0 | 372k   11M|   0     0 | 967  4008 |02-12 19:41:35
  5   5  86   0   0   5|   0     0 | 407k   12M|   0     0 |1108  4435 |02-12 19:41:36
  2   6  89   0   0   3|   0     0 | 346k   10M|   0     0 |1003  4034 |02-12 19:41:37
  4   7  86   0   0   2|   0     0 | 390k   11M|   0     0 | 993  3956 |02-12 19:41:38
  4   6  87   0   0   4|   0     0 | 400k   12M|   0     0 |1083  4283 |02-12 19:41:39
  3   4  90   0   0   4|   0     0 | 368k   11M|   0     0 |1011  4055 |02-12 19:41:40
  3   4  90   0   0   4|   0     0 | 361k   11M|   0     0 |1000  4053 |02-12 19:41:41
  3   7  86   0   0   4|   0  8192B| 369k   11M|   0     0 | 959  4046 |02-12 19:41:42
  3   4  89   0   0   4|   0     0 | 358k   10M|   0     0 |1007  4093 |02-12 19:41:43
  3   3  90   0   0   4|   0     0 | 357k   10M|   0     0 | 969  3943 |02-12 19:41:44
  4   6  86   0   0   4|   0     0 | 385k   11M|   0     0 |1026  4237 |02-12 19:41:45
  3   5  89   0   0   4|   0     0 | 378k   11M|   0     0 | 962  3957 |02-12 19:41:46
  2   3  92   0   0   4|   0     0 | 364k   11M|   0     0 | 942  4006 |02-12 19:41:47
  4   5  89   0   0   3|   0     0 | 371k   11M|   0     0 |1013  4279 |02-12 19:41:48
  2   4  90   0   0   4|   0     0 | 365k   11M|   0     0 | 960  4070 |02-12 19:41:49
  3   6  79   8   0   4|   0   628k| 378k   11M|   0     0 |1018  4148 |02-12 19:41:50
  4   4  88   0   0   5|   0     0 | 398k   12M|   0     0 | 958  3889 |02-12 19:41:51
  3   5  80   8   0   4|   0    15M| 348k   10M|   0     0 | 920  3936 |02-12 19:41:52
  3   3  91   0   0   3|   0     0 | 358k   10M|   0     0 | 928  3893 |02-12 19:41:53
  4   8  85   0   0   3|   0     0 | 370k   11M|   0     0 | 916  3900 |02-12 19:41:54
  1   5  90   0   0   4|   0     0 | 367k   11M|   0     0 | 968  4018 |02-12 19:41:55
  4   5  87   0   0   4|   0     0 | 379k   11M|   0     0 | 988  4113 |02-12 19:41:56
  5   3  87   0   0   5|   0     0 | 368k   11M|   0     0 | 987  3958 |02-12 19:41:57
  3   3  91   0   0   4|   0     0 | 360k   11M|   0     0 |1053  4145 |02-12 19:41:58
  3   5  90   0   0   3|   0     0 | 373k   11M|   0     0 |1101  4254 |02-12 19:41:59
  2   4  90   0   0   5|   0     0 | 355k   10M|   0     0 | 992  3939 |02-12 19:42:00
  4   5  87   0   0   5|   0     0 | 361k   10M|   0     0 | 978  4059 |02-12 19:42:01
  2   6  88   0   0   5|   0     0 | 365k   11M|   0     0 |1049  4212 |02-12 19:42:02
  3   4  90   0   0   4|   0  8192B| 339k   10M|   0     0 | 934  3861 |02-12 19:42:03
  3   3  91   0   0   3|   0     0 | 367k   11M|   0     0 | 968  4059 |02-12 19:42:04
  2   5  90   0   0   3|   0     0 | 376k   11M|   0     0 | 985  4107 |02-12 19:42:05
  3   5  88   0   0   4|   0     0 | 370k   11M|   0     0 | 988  4053 |02-12 19:42:06
  3   4  90   0   0   3|   0     0 | 331k 9756k|   0     0 | 920  3710 |02-12 19:42:07
  2   3  92   0   0   3|   0     0 | 369k   11M|   0     0 |1022  4152 |02-12 19:42:08
  2   5  91   0   0   3|   0     0 | 369k   11M|   0     0 |1004  4237 |02-12 19:42:09
  3   5  89   0   0   4|   0     0 | 375k   11M|   0     0 | 998  4152 |02-12 19:42:10
  1   2  98   0   0   0|   0     0 | 117k 3367k|   0     0 | 325  1288 |02-12 19:42:11
  1   0  99   0   0   0|   0     0 |4518B 4546B|   0     0 |  42   209 |02-12 19:42:12
  1   0  99   0   0   0|   0  8192B|5422B 2782B|   0     0 |  25    77 |02-12 19:42:13
  0   1  99   0   0   0|   0     0 |   0     0 |   0     0 |  30    73 |02-12 19:42:14
  0   0 100   0   0   0|   0     0 |   0     0 |   0     0 |  23    42 |02-12 19:42:15
  0   0 100   0   0   0|   0     0 |5844B 3494B|   0     0 |  25    72 |02-12 19:42:16
  0   0 100   0   0   0|   0     0 |   0     0 |   0     0 |  23    62 |02-12 19:42:17
  0   0 100   0   0   0|   0     0 |   0     0 |   0     0 |  24    45 |02-12 19:42:18
  2   1  97   0   0   0|   0     0 |  11k 9965B|   0     0 |  47   140 |02-12 19:42:19
  9   3  83   5   0   0|   0   336k|1710B 2026B|   0     0 | 180   520 |02-12 19:42:20
  0   2  98   0   0   0|   0     0 |1384B  710B|   0     0 |  48   234 |02-12 19:42:21
  1   0 100   0   0   0|   0     0 |5422B 2782B|   0     0 |  21    59 |02-12 19:42:22
  0   0 100   0   0   0|   0     0 |   0     0 |   0     0 |  23    43 |02-12 19:42:23
  0   1 100   0   0   0|   0     0 |   0     0 |   0     0 |  36    79 |02-12 19:42:24
  1   0  99   0   0   0|   0     0 |5422B 2782B|   0     0 |  24    82 |02-12 19:42:25
  0   0 100   0   0   0|   0     0 |   0     0 |   0     0 |  23    33 |02-12 19:42:26
  0   0 100   0   0   0|   0     0 |   0     0 |   0     0 |  24    44 |02-12 19:42:27
  0   0 100   0   0   0|   0     0 |5422B 2782B|   0     0 |  30    72 |02-12 19:42:28
  1   1  99   0   0   0|   0     0 |   0     0 |   0     0 |  32    80 |02-12 19:42:29
  0   0 100   0   0   0|   0     0 |   0     0 |   0     0 |  23    46 |02-12 19:42:30
  1   0  99   0   0   0|   0     0 |5422B 2782B|   0     0 |  29    77 |02-12 19:42:31
  1   1  98   0   0   0|   0     0 |2678B 5566B|   0     0 |  44   119 |02-12 19:42:32
  0   0 100   0   0   0|   0     0 |   0     0 |   0     0 |  24    57 |02-12 19:42:33
  1   0  99   0   0   0|   0     0 |5422B 2782B|   0     0 |  42   115 |02-12 19:42:34
  1   0  98   0   0   0|   0     0 |2043B 1917B|   0     0 |  31    73 |02-12 19:42:35
  7   4  89   0   0   0|   0     0 |1644B 1960B|   0     0 | 182   490 |02-12 19:42:36
  1   4  92   0   0   3|   0     0 | 199k 5938k|   0     0 | 535  2294 |02-12 19:42:37
  3   6  86   0   0   5|   0  4096B| 419k   12M|   0     0 |1058  4462 |02-12 19:42:38
  3   6  87   0   0   3|   0     0 | 485k   14M|   0     0 |1128  4564 |02-12 19:42:39
  5   8  84   0   0   3|   0     0 | 510k   15M|   0     0 |1073  4349 |02-12 19:42:40
  5   7  82   0   0   6|   0     0 | 508k   15M|   0     0 |1106  4511 |02-12 19:42:41
  4   5  86   0   0   6|   0     0 | 493k   14M|   0     0 |1044  4252 |02-12 19:42:42
  3   6  87   0   0   4|   0  8192B| 525k   15M|   0     0 |1116  4443 |02-12 19:42:43
  6   8  82   0   0   5|   0     0 | 506k   15M|   0     0 |1135  4540 |02-12 19:42:44
  5   7  83   0   0   5|   0     0 | 496k   15M|   0     0 |1092  4273 |02-12 19:42:45
  3   8  84   0   0   5|   0     0 | 515k   15M|   0     0 |1094  4250 |02-12 19:42:46
  3   7  85   0   0   5|   0     0 | 502k   15M|   0     0 |1005  4109 |02-12 19:42:47
  5   6  86   0   0   4|   0     0 | 487k   14M|   0     0 | 977  4066 |02-12 19:42:48
  4   9  82   0   0   5|   0     0 | 519k   15M|   0     0 |1072  4278 |02-12 19:42:49
  3   6  86   0   0   5|   0     0 | 512k   15M|   0     0 |1065  4298 |02-12 19:42:50
  4   6  81   3   0   6|   0    68k| 518k   15M|   0     0 |1112  4420 |02-12 19:42:51
  4   8  82   0   0   7|   0     0 | 496k   14M|   0     0 |1054  4409 |02-12 19:42:52
  4   7  84   0   0   6|   0     0 | 516k   15M|   0     0 |1048  4427 |02-12 19:42:53
  4   6  84   0   0   6|   0   368k| 518k   15M|   0     0 |1078  4427 |02-12 19:42:54
  4   4  87   0   0   5|   0     0 | 520k   15M|   0     0 |1062  4390 |02-12 19:42:55
  4   6  83   0   0   7|   0     0 | 526k   15M|   0     0 |1067  4468 |02-12 19:42:56
  4   6  85   0   0   5|   0     0 | 524k   15M|   0     0 |1051  4300 |02-12 19:42:57
  5   6  84   0   0   5|   0     0 | 530k   15M|   0     0 |1169  4606 |02-12 19:42:58
  5   6  81   0   0   8|   0     0 | 509k   15M|   0     0 |1106  4366 |02-12 19:42:59
  6   6  84   0   0   5|   0     0 | 513k   15M|   0     0 |1046  4085 |02-12 19:43:00
  5   5  85   0   0   6|   0     0 | 506k   15M|   0     0 | 982  4149 |02-12 19:43:01
  5   6  84   0   0   6|   0     0 | 497k   15M|   0     0 |1005  4094 |02-12 19:43:02
  6   6  83   0   0   5|   0     0 | 506k   15M|   0     0 |1117  4460 |02-12 19:43:03
  5   8  83   0   0   5|   0     0 | 510k   15M|   0     0 | 988  4161 |02-12 19:43:04
  3   6  85   0   0   6|   0     0 | 528k   15M|   0     0 |1070  4437 |02-12 19:43:05
  3   7  84   0   0   6|   0     0 | 522k   15M|   0     0 |1080  4255 |02-12 19:43:06
  3   7  85   0   0   5|   0     0 | 506k   15M|   0     0 |1053  4273 |02-12 19:43:07
  3   6  84   0   0   8|   0     0 | 505k   15M|   0     0 | 969  4131 |02-12 19:43:08
  5   6  85   0   0   4|   0    16k| 516k   15M|   0     0 |1095  4424 |02-12 19:43:09
  5   5  85   0   0   6|   0     0 | 508k   15M|   0     0 |1043  4139 |02-12 19:43:10
  4   7  85   0   0   5|   0     0 | 526k   15M|   0     0 |1090  4517 |02-12 19:43:11
  4   7  85   0   0   4|   0     0 | 507k   15M|   0     0 |1044  4269 |02-12 19:43:12
  4   6  82   0   0   8|   0     0 | 531k   15M|   0     0 |1105  4681 |02-12 19:43:13
  3   5  88   0   0   5|   0     0 | 512k   15M|   0     0 |1069  4346 |02-12 19:43:14
  5   8  80   0   0   8|   0     0 | 528k   15M|   0     0 |1055  4422 |02-12 19:43:15
  6   6  82   0   0   6|   0     0 | 514k   15M|   0     0 |1086  4389 |02-12 19:43:16
  4   5  86   0   0   6|   0     0 | 477k   14M|   0     0 | 898  3829 |02-12 19:43:17
  3   7  85   0   0   5|   0     0 | 509k   15M|   0     0 |1059  4374 |02-12 19:43:18
  4   8  84   0   0   5|   0     0 | 518k   15M|   0     0 |1013  4312 |02-12 19:43:19
  6   8  82   0   0   5|   0     0 | 507k   15M|   0     0 |1089  4416 |02-12 19:43:20
  3   7  83   2   0   6|   0    40k| 504k   15M|   0     0 |1098  4405 |02-12 19:43:21
  4   5  85   0   0   6|   0     0 | 480k   14M|   0     0 |1157  4626 |02-12 19:43:22
  5   6  84   0   0   5|   0     0 | 490k   14M|   0     0 |1058  4255 |02-12 19:43:23
  4   6  84   0   0   6|   0     0 | 501k   15M|   0     0 |1195  4633 |02-12 19:43:24
  4   6  85   0   0   5|   0     0 | 499k   15M|   0     0 |1098  4421 |02-12 19:43:25
  3   7  85   0   0   5|   0     0 | 515k   15M|   0     0 |1095  4380 |02-12 19:43:26
  5   6  84   0   0   6|   0     0 | 526k   15M|   0     0 |1093  4319 |02-12 19:43:27
  4   7  83   0   0   7|   0     0 | 483k   14M|   0     0 |1056  4119 |02-12 19:43:28
  5   6  83   0   0   6|   0     0 | 523k   15M|   0     0 |1088  4369 |02-12 19:43:29
  3   8  85   0   0   4|   0     0 | 530k   16M|   0     0 |1108  4346 |02-12 19:43:30
  4   7  83   0   0   6|   0     0 | 521k   15M|   0     0 |1160  4623 |02-12 19:43:31
  5   9  82   0   0   4|   0     0 | 512k   15M|   0     0 | 991  3976 |02-12 19:43:32
  4   7  85   0   0   4|   0     0 | 503k   15M|   0     0 |1030  4216 |02-12 19:43:33
  6   7  83   0   0   5|   0     0 | 519k   15M|   0     0 |1099  4455 |02-12 19:43:34
  4   8  84   0   0   4|   0     0 | 505k   15M|   0     0 |1101  4226 |02-12 19:43:35
  6   8  82   0   0   5|   0     0 | 516k   15M|   0     0 |1108  4357 |02-12 19:43:36
  1   1  97   0   0   2|   0     0 |  97k 2748k|   0     0 | 220   955 |02-12 19:43:37
  1   1  99   0   0   0|   0     0 |9940B 7328B|   0     0 |  52   225 |02-12 19:43:38
  0   0 100   0   0   0|   0     0 |   0     0 |   0     0 |  24    37 |02-12 19:43:39
  0   1  99   0   0   0|   0    16k|   0     0 |   0     0 |  33    69 |02-12 19:43:40
  1   0  99   0   0   0|   0     0 |5422B 2782B|   0     0 |  24   102 |02-12 19:43:41
  0   0 100   0   0   0|   0     0 |   0     0 |   0     0 |  19    27 |02-12 19:43:42
  0   0 100   0   0   0|   0     0 |   0     0 |   0     0 |  19    29 |02-12 19:43:43
  0   1  99   0   0   0|   0     0 |5422B 2782B|   0     0 |  29    68 |02-12 19:43:44
  1   1  99   0   0   0|   0     0 |5939B 5579B|   0     0 |  41   110 |02-12 19:43:45
  7   4  89   0   0   0|   0     0 |1906B 1406B|   0     0 | 149   417 |02-12 19:43:46
  1   2  97   0   0   0|   0     0 |6990B 4620B|   0     0 |  84   316 |02-12 19:43:47
  0   0 100   0   0   0|   0     0 |   0     0 |   0     0 |  22    42 |02-12 19:43:48
  0   0 100   0   0   0|   0     0 |   0     0 |   0     0 |  24    47 |02-12 19:43:49
  1   1  99   0   0   0|   0     0 |5422B 2782B|   0     0 |  36   117 |02-12 19:43:50
  0   0 100   0   0   0|   0    12k|   0     0 |   0     0 |  21    31 |02-12 19:43:51
  0   0  97   3   0   0|   0    60k|   0     0 |   0     0 |  24    51 |02-12 19:43:52
  1   0 100   0   0   0|   0     0 |5422B 2782B|   0     0 |  23    70 |02-12 19:43:53
  0   0 100   0   0   0|   0     0 |   0     0 |   0     0 |  23    40 |02-12 19:43:54
  0   0  99   0   0   0|   0     0 |   0     0 |   0     0 |  34    77 |02-12 19:43:55
  1   0  99   0   0   0|   0     0 |5422B 2782B|   0     0 |  27    76 |02-12 19:43:56
  0   0 100   0   0   0|   0    52k|   0     0 |   0     0 |  23    57 |02-12 19:43:57
  0   0 100   0   0   0|   0     0 |   0     0 |   0     0 |  21    44 |02-12 19:43:58
  2   0  98   0   0   0|   0    20k|  33k 5029B|   0     0 |  40   114 |02-12 19:43:59
  1   0  99   0   0   0|   0     0 |   0     0 |   0     0 |  38    96 |02-12 19:44:00
  1   1  99   0   0   0|   0     0 |1829B 1851B|   0     0 |  35    83 |02-12 19:44:01
  8   5  87   0   0   0|   0     0 |  18k  369k|   0     0 | 196   552 |02-12 19:44:02
  3   4  89   0   0   4|   0     0 | 357k   11M|   0     0 | 890  4004 |02-12 19:44:03
  4   7  86   0   0   4|   0     0 | 468k   14M|   0     0 |1103  4545 |02-12 19:44:04
  5   7  84   0   0   5|   0     0 | 484k   14M|   0     0 |1052  4300 |02-12 19:44:05
  4   6  84   0   0   6|   0     0 | 505k   15M|   0     0 |1114  4505 |02-12 19:44:06
  5   6  86   0   0   3|   0     0 | 496k   15M|   0     0 |1056  4386 |02-12 19:44:07
  4   8  84   0   0   5|   0     0 | 483k   14M|   0     0 |1021  4275 |02-12 19:44:08
  4   7  83   0   0   6|   0     0 | 489k   14M|   0     0 |1110  4512 |02-12 19:44:09
  4   9  83   0   0   5|   0     0 | 483k   14M|   0     0 |1132  4603 |02-12 19:44:10
  3   7  85   0   0   5|   0     0 | 482k   14M|   0     0 |1060  4401 |02-12 19:44:11
  3   6  87   0   0   5|   0     0 | 505k   15M|   0     0 |1129  4591 |02-12 19:44:12
  3   6  85   0   0   5|   0     0 | 508k   15M|   0     0 |1067  4415 |02-12 19:44:13
  4   8  84   0   0   5|   0     0 | 502k   15M|   0     0 |1013  4196 |02-12 19:44:14
  4   6  84   0   0   6|   0     0 | 518k   15M|   0     0 |1036  4203 |02-12 19:44:15
  3   8  83   0   0   6|   0     0 | 521k   15M|   0     0 |1120  4342 |02-12 19:44:16
  3   5  87   0   0   6|   0     0 | 473k   14M|   0     0 | 980  3939 |02-12 19:44:17
  5   7  84   0   0   5|   0     0 | 498k   15M|   0     0 |1051  4183 |02-12 19:44:18
  4   7  84   0   0   5|   0     0 | 532k   16M|   0     0 |1107  4451 |02-12 19:44:19
  5   7  84   0   0   5|   0     0 | 510k   15M|   0     0 |1049  4184 |02-12 19:44:20
  5   9  81   0   0   5|   0     0 | 517k   15M|   0     0 |1003  3941 |02-12 19:44:21
  5   7  84   0   0   4|   0     0 | 516k   15M|   0     0 |1158  4505 |02-12 19:44:22
  2   5  76  12   0   5|   0   180k| 486k   14M|   0     0 |1005  3925 |02-12 19:44:23
  4   5  87   0   0   4|   0     0 | 366k   11M|   0     0 | 963  4019 |02-12 19:44:24
  3   6  87   0   0   5|   0     0 | 367k   11M|   0     0 |1003  4097 |02-12 19:44:25
  3   5  89   0   0   3|   0     0 | 381k   11M|   0     0 | 985  4098 |02-12 19:44:26
  3   7  84   0   0   5|   0     0 | 376k   11M|   0     0 | 991  4112 |02-12 19:44:27
  3   3  89   0   0   5|   0     0 | 405k   12M|   0     0 |1127  4465 |02-12 19:44:28
  3   6  85   0   0   6|   0     0 | 441k   13M|   0     0 |1135  4546 |02-12 19:44:29
  4   7  83   0   0   6|   0     0 | 491k   14M|   0     0 |1107  4355 |02-12 19:44:30
  4   7  85   0   0   5|   0     0 | 489k   14M|   0     0 |1085  4440 |02-12 19:44:31
  5   9  82   0   0   5|   0     0 | 512k   15M|   0     0 |1121  4583 |02-12 19:44:32
  4   6  85   0   0   5|   0     0 | 476k   14M|   0     0 |1047  4205 |02-12 19:44:33
  5   6  85   0   0   4|   0     0 | 506k   15M|   0     0 |1137  4534 |02-12 19:44:34
  6   8  83   0   0   4|   0     0 | 505k   15M|   0     0 |1119  4378 |02-12 19:44:35
  4   8  81   0   0   6|   0     0 | 501k   14M|   0     0 | 970  4030 |02-12 19:44:36
  6   5  83   0   0   6|   0     0 | 499k   15M|   0     0 |1099  4442 |02-12 19:44:37
  4   7  83   0   0   6|   0     0 | 484k   14M|   0     0 | 999  4152 |02-12 19:44:38
  5   4  86   0   0   5|   0     0 | 502k   15M|   0     0 |1088  4496 |02-12 19:44:39
  6   5  85   0   0   4|   0     0 | 484k   14M|   0     0 |1083  4306 |02-12 19:44:40
  4   5  87   0   0   5|   0     0 | 493k   14M|   0     0 |1108  4350 |02-12 19:44:41
  3   8  85   0   0   5|   0     0 | 496k   14M|   0     0 | 975  3936 |02-12 19:44:42
  4   7  84   0   0   5|   0     0 | 477k   14M|   0     0 |1025  4173 |02-12 19:44:43
  5   6  84   0   0   5|   0     0 | 502k   15M|   0     0 |1025  4239 |02-12 19:44:44
  6   6  83   0   0   5|   0     0 | 521k   15M|   0     0 |1041  4272 |02-12 19:44:45
  4   8  84   0   0   5|   0     0 | 515k   15M|   0     0 |1018  4204 |02-12 19:44:46
  3   8  84   0   0   5|   0     0 | 506k   15M|   0     0 |1026  4175 |02-12 19:44:47
  4   6  85   0   0   5|   0     0 | 490k   14M|   0     0 |1046  4238 |02-12 19:44:48
  4   5  86   0   0   5|   0     0 | 515k   15M|   0     0 |1056  4342 |02-12 19:44:49
  5   9  80   0   0   6|   0     0 | 519k   15M|   0     0 |1118  4348 |02-12 19:44:50
  4   6  85   0   0   5|   0     0 | 495k   14M|   0     0 |1060  4057 |02-12 19:44:51
  5   5  87   0   0   3|   0     0 | 514k   15M|   0     0 |1207  4669 |02-12 19:44:52
  4   5  84   4   0   4|   0    64k| 492k   14M|   0     0 |1086  4188 |02-12 19:44:53
  6   7  82   0   0   6|   0    16k| 506k   15M|   0     0 |1128  4267 |02-12 19:44:54
  4   6  84   0   0   6|   0     0 | 512k   15M|   0     0 |1091  4235 |02-12 19:44:55
  3   7  84   0   0   6|   0     0 | 517k   15M|   0     0 |1156  4599 |02-12 19:44:56
  5   5  86   0   0   4|   0     0 | 513k   15M|   0     0 |1023  4076 |02-12 19:44:57
  4   4  86   0   0   6|   0     0 | 502k   15M|   0     0 |1085  4311 |02-12 19:44:58
  4   6  83   0   0   7|   0     0 | 498k   15M|   0     0 |1069  4318 |02-12 19:44:59
  8   7  81   0   0   4|   0     0 | 502k   15M|   0     0 |1029  4199 |02-12 19:45:00
  3   4  89   0   0   4|   0     0 | 502k   15M|   0     0 |1036  4242 |02-12 19:45:01
  3   4  90   0   0   3|   0     0 | 388k   11M|   0     0 | 814  3273 |02-12 19:45:02
  1   1  99   0   0   0|   0     0 |9940B 7328B|   0     0 |  56   222 |02-12 19:45:03
  0   0 100   0   0   0|   0     0 |   0     0 |   0     0 |  19    33 |02-12 19:45:04
  1   1  99   0   0   0|   0     0 |   0     0 |   0     0 |  30    70 |02-12 19:45:05
  0   0 100   0   0   0|   0     0 |5422B 2782B|   0     0 |  19    55 |02-12 19:45:06
  0   0 100   0   0   0|   0     0 |   0     0 |   0     0 |  18    32 |02-12 19:45:07
  0   0 100   0   0   0|   0     0 |   0     0 |   0     0 |  19    24 |02-12 19:45:08
  0   0 100   0   0   0|   0     0 |5422B 2782B|   0     0 |  20    67 |02-12 19:45:09
  7   5  88   0   0   0|   0     0 |7845B 7991B|   0     0 | 202   569 |02-12 19:45:10
  1   1  99   0   0   0|   0     0 |1390B  754B|   0     0 |  40   202 |02-12 19:45:11
  1   0  99   0   0   0|   0     0 |5422B 2782B|   0     0 |  25    65 |02-12 19:45:12
  0   0 100   0   0   0|   0     0 |   0     0 |   0     0 |  23    38 |02-12 19:45:13
  0   0 100   0   0   0|   0     0 |   0     0 |   0     0 |  22    38 |02-12 19:45:14
  1   1  99   0   0   0|   0     0 |5422B 2782B|   0     0 |  43   119 |02-12 19:45:15
  0   0 100   0   0   0|   0     0 |   0     0 |   0     0 |  20    31 |02-12 19:45:16
  0   0 100   0   0   0|   0     0 |   0     0 |   0     0 |  23    53 |02-12 19:45:17
  1   0  99   0   0   0|   0     0 |5844B 3494B|   0     0 |  33    85 |02-12 19:45:18
  0   0 100   0   0   0|   0     0 |   0     0 |   0     0 |  23    34 |02-12 19:45:19
  1   0  99   0   0   0|   0     0 |   0     0 |   0     0 |  34    72 |02-12 19:45:20
  0   0 100   0   0   0|   0     0 |5168B 2716B|   0     0 |  24    69 |02-12 19:45:21
  0   0 100   0   0   0|   0     0 | 254B   66B|   0     0 |  24    51 |02-12 19:45:22
  0   0 100   0   0   0|   0     0 |   0     0 |   0     0 |  23    39 |02-12 19:45:23
  7   2  91   1   0   0|   0    36k|3489B 2761B|   0     0 | 152   419 |02-12 19:45:24
  4   4  89   0   0   3|   0    72k| 242k 7174k|   0     0 | 614  2411 |02-12 19:45:25
  3   6  86   0   0   5|   0     0 | 427k   13M|   0     0 |1178  4655 |02-12 19:45:26
  4   7  85   0   0   4|   0     0 | 493k   15M|   0     0 |1169  4763 |02-12 19:45:27
  5   8  83   0   0   4|   0     0 | 506k   15M|   0     0 |1141  4557 |02-12 19:45:28
  4   5  85   0   0   6|   0     0 | 497k   15M|   0     0 |1150  4424 |02-12 19:45:29
  6   6  85   0   0   4|   0     0 | 528k   15M|   0     0 |1178  4834 |02-12 19:45:30
  5   6  84   0   0   5|   0     0 | 522k   15M|   0     0 |1145  4562 |02-12 19:45:31
  3   7  84   0   0   6|   0     0 | 515k   15M|   0     0 |1180  4720 |02-12 19:45:32
  5   6  85   0   0   5|   0     0 | 521k   15M|   0     0 |1200  4724 |02-12 19:45:33
  3   8  83   0   0   6|   0     0 | 515k   15M|   0     0 |1063  4215 |02-12 19:45:34
  4   6  85   0   0   5|   0  8192B| 519k   15M|   0     0 |1116  4372 |02-12 19:45:35
  5   5  83   0   0   7|   0     0 | 525k   15M|   0     0 |1114  4235 |02-12 19:45:36
  4   9  83   0   0   5|   0     0 | 502k   15M|   0     0 |1031  4302 |02-12 19:45:37
  5   7  83   0   0   5|   0     0 | 525k   15M|   0     0 |1077  4424 |02-12 19:45:38
  3   5  87   0   0   5|   0     0 | 513k   15M|   0     0 |1112  4430 |02-12 19:45:39
  5   6  84   0   0   6|   0     0 | 512k   15M|   0     0 |1061  4216 |02-12 19:45:40
  4   6  84   0   0   6|   0     0 | 512k   15M|   0     0 |1069  4341 |02-12 19:45:41
  4   9  83   0   0   5|   0     0 | 520k   15M|   0     0 |1042  4197 |02-12 19:45:42
  4   5  85   0   0   6|   0     0 | 520k   15M|   0     0 |1125  4553 |02-12 19:45:43
  3   6  86   0   0   4|   0     0 | 503k   15M|   0     0 |1088  4363 |02-12 19:45:44
  5   7  84   0   0   5|   0  4096B| 512k   15M|   0     0 |1117  4498 |02-12 19:45:45
  5   6  85   0   0   5|   0     0 | 498k   14M|   0     0 | 977  4066 |02-12 19:45:46
  4   6  86   0   0   5|   0     0 | 518k   15M|   0     0 | 999  4179 |02-12 19:45:47
  5   7  84   0   0   5|   0     0 | 521k   15M|   0     0 |1087  4504 |02-12 19:45:48
  4   8  84   0   0   5|   0     0 | 514k   15M|   0     0 |1071  4226 |02-12 19:45:49
  4   6  84   0   0   5|   0     0 | 533k   16M|   0     0 |1086  4439 |02-12 19:45:50
  4   7  85   0   0   4|   0     0 | 524k   15M|   0     0 |1113  4416 |02-12 19:45:51
  4   7  84   0   0   4|   0     0 | 506k   15M|   0     0 |1020  4318 |02-12 19:45:52
  4   6  86   0   0   4|   0     0 | 524k   15M|   0     0 |1045  4306 |02-12 19:45:53
  3   6  87   0   0   5|   0     0 | 522k   15M|   0     0 |1046  4325 |02-12 19:45:54
  4   7  82   4   0   3|   0    68k| 505k   15M|   0     0 | 992  4108 |02-12 19:45:55
  5   7  82   0   0   6|   0     0 | 540k   16M|   0     0 |1091  4492 |02-12 19:45:56
  3   4  86   0   0   7|   0     0 | 533k   16M|   0     0 |1143  4568 |02-12 19:45:57
  6   7  82   0   0   5|   0     0 | 526k   15M|   0     0 |1131  4400 |02-12 19:45:58
  3  10  82   0   0   4|   0     0 | 523k   15M|   0     0 |1036  4236 |02-12 19:45:59
  5   6  83   0   0   7|   0     0 | 531k   16M|   0     0 |1066  4455 |02-12 19:46:00
  5   8  83   0   0   4|   0  8192B| 527k   15M|   0     0 |1058  4271 |02-12 19:46:01
  4   7  85   0   0   4|   0     0 | 524k   15M|   0     0 | 985  4061 |02-12 19:46:02
  5   8  81   0   0   6|   0     0 | 518k   15M|   0     0 |1082  4520 |02-12 19:46:03
  6   6  84   0   0   4|   0     0 | 526k   15M|   0     0 |1064  4322 |02-12 19:46:04
  3   8  84   0   0   5|   0     0 | 500k   15M|   0     0 | 920  3942 |02-12 19:46:05
  4   7  83   0   0   7|   0     0 | 513k   15M|   0     0 |1081  4319 |02-12 19:46:06
  4   5  85   0   0   6|   0     0 | 513k   15M|   0     0 |1091  4518 |02-12 19:46:07
  6   8  82   0   0   5|   0     0 | 520k   15M|   0     0 | 992  4231 |02-12 19:46:08
  4   7  86   0   0   3|   0     0 | 522k   15M|   0     0 |1127  4539 |02-12 19:46:09
  4   7  84   0   0   5|   0     0 | 530k   15M|   0     0 |1081  4311 |02-12 19:46:10
  5   7  85   0   0   3|   0     0 | 516k   15M|   0     0 |1156  4565 |02-12 19:46:11
  5   8  83   0   0   5|   0     0 | 526k   15M|   0     0 |1109  4309 |02-12 19:46:12
  5   9  82   0   0   5|   0     0 | 530k   15M|   0     0 |1112  4422 |02-12 19:46:13
  3   4  88   0   0   4|   0     0 | 495k   14M|   0     0 |1100  4307 |02-12 19:46:14
  5  10  80   0   0   6|   0     0 | 524k   15M|   0     0 |1115  4427 |02-12 19:46:15
  4   5  87   0   0   4|   0     0 | 517k   15M|   0     0 |1112  4365 |02-12 19:46:16
  4   6  84   0   0   6|   0     0 | 495k   14M|   0     0 | 989  3868 |02-12 19:46:17
  4   5  85   0   0   6|   0     0 | 517k   15M|   0     0 |1130  4323 |02-12 19:46:18
  5   7  83   0   0   6|   0     0 | 526k   15M|   0     0 |1116  4274 |02-12 19:46:19
  3   7  83   0   0   7|   0     0 | 522k   15M|   0     0 |1053  4169 |02-12 19:46:20
  3   7  84   0   0   6|   0     0 | 528k   15M|   0     0 |1160  4528 |02-12 19:46:21
  8   5  81   0   0   6|   0     0 | 526k   15M|   0     0 |1173  4679 |02-12 19:46:22
  3   7  86   0   0   5|   0     0 | 514k   15M|   0     0 |1037  4199 |02-12 19:46:23
  3   7  86   0   0   3|   0     0 | 514k   15M|   0     0 |1061  4202 |02-12 19:46:24
  1   3  90   6   0   1|   0    28k| 166k 4685k|   0     0 | 405  1579 |02-12 19:46:25
  1   0  99   0   0   0|   0    48k|4518B 4546B|   0     0 |  48   208 |02-12 19:46:26
  0   0 100   0   0   0|   0     0 |   0     0 |   0     0 |  22    45 |02-12 19:46:27
  1   0 100   0   0   0|   0     0 |5422B 2782B|   0     0 |  30    67 |02-12 19:46:28
  0   0 100   0   0   0|   0     0 |   0     0 |   0     0 |  20    34 |02-12 19:46:29
  0   0 100   0   0   0|   0     0 |   0     0 |   0     0 |  35    68 |02-12 19:46:30
  0   0  99   0   0   0|   0     0 |5168B 2716B|   0     0 |  26    65 |02-12 19:46:31
  1   1  98   0   0   0|   0     0 |5224B 5021B|   0     0 |  58   213 |02-12 19:46:32
  9   3  88   0   0   0|   0     0 |6510B 6144B|   0     0 | 205   608 |02-12 19:46:33
  0   0 100   0   0   0|   0     0 |   0     0 |   0     0 |  25    45 |02-12 19:46:34
  1   0  99   0   0   0|   0     0 |5422B 2782B|   0     0 |  36    99 |02-12 19:46:35
  0   0 100   0   0   0|   0  4096B|   0     0 |   0     0 |  19    31 |02-12 19:46:36
  0   0 100   0   0   0|   0     0 |   0     0 |   0     0 |  20    48 |02-12 19:46:37
  0   0 100   0   0   0|   0     0 |5422B 2782B|   0     0 |  21    56 |02-12 19:46:38
  0   0 100   0   0   0|   0     0 |   0     0 |   0     0 |  23    39 |02-12 19:46:39
  1   1  98   0   0   0|   0     0 |2043B 1851B|   0     0 |  46   126 |02-12 19:46:40
