[7l----total-cpu-usage---- -dsk/total- -net/total- ---paging-- ---system-- ----system----
usr sys idl wai hiq siq| read  writ| recv  send|  in   out | int   csw |     time     
  2   3  93   0   0   2|  24k   66k|   0     0 |   0     0 | 469  1806 |02-12 20:05:05
  0   0 100   0   0   0|   0     0 | 504B  372B|   0     0 |  39    95 |02-12 20:05:06
  2   0  99   0   0   0|   0     0 |6196B 3982B|   0     0 |  54   179 |02-12 20:05:07
  0   0  99   0   0   0|   0     0 | 840B  620B|   0     0 |  47   116 |02-12 20:05:08
  1   1  99   0   0   0|   0     0 |1008B 6652B|   0     0 |  68   394 |02-12 20:05:09
  0   0 100   0   0   0|   0     0 |5896B 3028B|   0     0 |  22    62 |02-12 20:05:10
  0   0 100   0   0   0|   0     0 |   0     0 |   0     0 |  20    36 |02-12 20:05:11
  0   0 100   0   0   0|   0     0 |1793B 1462B|   0     0 |  32    82 |02-12 20:05:12
 11   4  84   0   0   1|   0     0 |  43k 1041k|   0     0 | 235   875 |02-12 20:05:13
  1   3  93   0   0   3|   0     0 | 263k 7893k|   0     0 | 689  2960 |02-12 20:05:14
  0   0  97   2   0   1|   0    88k|  76k 2263k|   0     0 | 201   867 |02-12 20:05:15
  2   2  95   0   0   2|   0     0 | 135k 3882k|   0     0 | 334  1327 |02-12 20:05:16
  2   1  96   0   0   1|   0     0 | 102k 3060k|   0     0 | 292  1188 |02-12 20:05:17
  1   2  95   0   0   2|   0     0 | 157k 4695k|   0     0 | 413  1654 |02-12 20:05:18
  2   2  95   0   0   2|   0     0 | 116k 3337k|   0     0 | 270  1150 |02-12 20:05:19
  1   2  95   0   0   2|   0     0 | 158k 4743k|   0     0 | 391  1659 |02-12 20:05:20
  1   3  94   0   0   3|   0     0 | 165k 4940k|   0     0 | 400  1773 |02-12 20:05:21
  2   1  96   0   0   2|   0     0 |  99k 2809k|   0     0 | 241   996 |02-12 20:05:22
  2   1  95   0   0   2|   0  4096B| 177k 5309k|   0     0 | 359  1578 |02-12 20:05:23
  3   5  89   0   0   3|   0     0 | 321k 9614k|   0     0 | 732  3120 |02-12 20:05:24
  1   2  96   0   0   2|   0     0 | 113k 3239k|   0     0 | 248  1082 |02-12 20:05:25
  2   2  94   0   0   3|   0     0 | 184k 5522k|   0     0 | 454  1838 |02-12 20:05:26
  1   2  96   0   0   2|   0     0 | 104k 3133k|   0     0 | 288  1203 |02-12 20:05:27
  0   1  97   0   0   2|   0    12k| 150k 4494k|   0     0 | 401  1617 |02-12 20:05:28
  1   2  97   0   0   1|   0     0 |  62k 1695k|   0     0 | 165   684 |02-12 20:05:29
  1   0  99   0   0   1|   0     0 |  45k 1344k|   0     0 | 133   517 |02-12 20:05:30
  2   3  93   0   0   3|   0     0 | 250k 7488k|   0     0 | 603  2510 |02-12 20:05:31
  2   1  97   0   0   0|   0     0 |  72k 1985k|   0     0 | 165   710 |02-12 20:05:32
  2   2  96   0   0   1|   0     0 | 146k 4375k|   0     0 | 377  1518 |02-12 20:05:33
  3   5  90   0   0   3|   0     0 | 237k 7023k|   0     0 | 586  2221 |02-12 20:05:34
  4   3  89   0   0   4|   0     0 | 306k 9012k|   0     0 | 728  2841 |02-12 20:05:35
  0   2  98   0   0   0|   0     0 |  86k 2589k|   0     0 | 247   922 |02-12 20:05:36
  1   0  97   0   0   1|   0     0 |  67k 2007k|   0     0 | 190   737 |02-12 20:05:37
  0   0 100   0   0   0|   0  4096B|  14k  261k|   0     0 |  51   159 |02-12 20:05:38
  0   1  98   0   0   1|   0     0 |  16k  492k|   0     0 |  76   249 |02-12 20:05:39
  2   2  94   0   0   3|   0     0 | 186k 5575k|   0     0 | 482  1956 |02-12 20:05:40
  3   4  92   0   0   2|   0     0 | 275k 8094k|   0     0 | 646  2657 |02-12 20:05:41
  2   2  95   0   0   2|   0     0 | 212k 6335k|   0     0 | 479  1842 |02-12 20:05:42
  2   3  93   0   0   2|   0    16k| 222k 6661k|   0     0 | 556  2236 |02-12 20:05:43
  2   2  95   0   0   2|   0     0 | 134k 3848k|   0     0 | 306  1241 |02-12 20:05:44
  2   2  95   1   0   1|   0    56k| 160k 4436k|   0     0 | 373  1613 |02-12 20:05:45
  1   3  95   0   0   2|   0     0 | 186k 5923k|   0     0 | 418  1756 |02-12 20:05:46
  2   1  96   0   0   1|   0     0 | 149k 4297k|   0     0 | 285  1318 |02-12 20:05:47
  1   1  99   0   0   0|   0   104k|  47k 1413k|   0     0 | 130   492 |02-12 20:05:48
  2   4  91   0   0   3|   0     0 | 287k 8585k|   0     0 | 657  2889 |02-12 20:05:49
  2   4  92   0   0   3|   0     0 | 212k 6196k|   0     0 | 474  2028 |02-12 20:05:50
  2   4  93   0   0   2|   0     0 | 194k 5818k|   0     0 | 501  2051 |02-12 20:05:51
  1   2  95   0   0   2|   0     0 | 146k 4375k|   0     0 | 375  1532 |02-12 20:05:52
  1   2  95   0   0   2|   0     0 | 134k 3833k|   0     0 | 342  1348 |02-12 20:05:53
  1   1  99   0   0   0|   0    16k|  35k 1045k|   0     0 | 115   434 |02-12 20:05:54
  1   3  95   0   0   2|   0     0 | 180k 5380k|   0     0 | 442  1777 |02-12 20:05:55
  2   2  96   0   0   1|   0     0 | 165k 4795k|   0     0 | 407  1695 |02-12 20:05:56
  0   1  99   0   0   1|   0     0 |  26k  791k|   0     0 |  86   307 |02-12 20:05:57
  4   4  90   0   0   3|   0     0 | 353k   10M|   0     0 | 811  3506 |02-12 20:05:58
  1   1  97   0   0   1|   0    12k|  74k 2051k|   0     0 | 196   831 |02-12 20:05:59
  1   1  97   0   0   2|   0     0 |  93k 2789k|   0     0 | 239   996 |02-12 20:06:00
  0   0 100   0   0   0|   0     0 |  21k  619k|   0     0 |  77   298 |02-12 20:06:01
  4   3  89   0   0   4|   0     0 | 302k 8904k|   0     0 | 734  2990 |02-12 20:06:02
  0   1  98   0   0   0|   0     0 |  40k 1184k|   0     0 | 122   459 |02-12 20:06:03
  3   2  94   0   0   2|   0     0 | 224k 6718k|   0     0 | 544  2252 |02-12 20:06:04
  2   3  93   0   0   3|   0     0 | 203k 5897k|   0     0 | 444  1863 |02-12 20:06:05
  2   3  94   0   0   2|   0     0 | 206k 6189k|   0     0 | 477  2098 |02-12 20:06:06
  0   0 100   0   0   0|   0     0 | 980B   29k|   0     0 |  22    60 |02-12 20:06:07
  3   3  93   0   0   2|   0     0 | 223k 6536k|   0     0 | 519  2161 |02-12 20:06:08
  2   3  92   0   0   3|   0     0 | 209k 6263k|   0     0 | 503  2107 |02-12 20:06:09
  1   2  94   0   0   3|   0     0 | 223k 6677k|   0     0 | 522  2260 |02-12 20:06:10
  2   3  95   0   0   1|   0     0 | 114k 3212k|   0     0 | 291  1135 |02-12 20:06:11
  1   1  98   0   0   1|   0     0 |  38k 1111k|   0     0 | 138   517 |02-12 20:06:12
  2   2  95   0   0   2|   0     0 | 131k 3893k|   0     0 | 243   908 |02-12 20:06:13
  2   1  98   0   0   0|   0     0 |  14k   11k|   0     0 |  70   320 |02-12 20:06:14
  0   0 100   0   0   0|   0     0 |   0     0 |   0     0 |  21    37 |02-12 20:06:15
  0   0 100   0   0   0|   0    48k|   0     0 |   0     0 |  21    40 |02-12 20:06:16
  0   0 100   0   0   0|   0     0 |5422B 2782B|   0     0 |  26    69 |02-12 20:06:17
  0   0 100   0   0   0|   0     0 |   0     0 |   0     0 |  20    26 |02-12 20:06:18
  0   0  99   0   0   0|   0     0 |   0     0 |   0     0 |  30    70 |02-12 20:06:19
  1   0  99   0   0   0|   0     0 |5422B 2782B|   0     0 |  22    62 |02-12 20:06:20
  0   0 100   0   0   0|   0     0 |2112B 2112B|   0     0 |  23    64 |02-12 20:06:21
  0   1 100   0   0   0|   0     0 | 247B  247B|   0     0 |  30    58 |02-12 20:06:22
  1   0  99   0   0   0|   0     0 |9574B 6850B|   0     0 |  30   114 |02-12 20:06:23
  8   4  88   0   0   0|   0     0 |1334B 1498B|   0     0 | 184   524 |02-12 20:06:24
  2   0  99   0   0   0|   0     0 |1390B  688B|   0     0 |  40   203 |02-12 20:06:25
  0   0 100   0   0   0|   0     0 |5422B 2782B|   0     0 |  26    84 |02-12 20:06:26
  0   0 100   0   0   0|   0     0 |   0     0 |   0     0 |  18    34 |02-12 20:06:27
  0   0 100   0   0   0|   0     0 |  90B   90B|   0     0 |  43    44 |02-12 20:06:28
  1   1  99   0   0   0|   0     0 |5422B 2782B|   0     0 |  29    98 |02-12 20:06:29
  0   0 100   0   0   0|   0  4096B|   0     0 |   0     0 |  19    26 |02-12 20:06:30
  0   0 100   0   0   0|   0     0 |   0     0 |   0     0 |  23    53 |02-12 20:06:31
  0   0 100   0   0   0|   0     0 |  74B  404B|   0     0 |  24    65 |02-12 20:06:32
  1   0 100   0   0   0|   0     0 |5348B 2378B|   0     0 |  24    66 |02-12 20:06:33
  2   1  98   0   0   0|   0     0 |2678B 5566B|   0     0 |  60   177 |02-12 20:06:34
  0   0 100   0   0   0|   0    16k|   0     0 |   0     0 |  24    45 |02-12 20:06:35
  1   0  99   0   0   0|   0     0 |5844B 3494B|   0     0 |  28    93 |02-12 20:06:36
  0   0 100   0   0   0|   0     0 |   0     0 |   0     0 |  23    49 |02-12 20:06:37
  0   0 100   0   0   0|   0     0 |   0     0 |   0     0 |  24    46 |02-12 20:06:38
  1   1  98   0   0   0|   0     0 |5422B 2782B|   0     0 |  40   108 |02-12 20:06:39
  0   0 100   0   0   0|   0     0 |   0     0 |   0     0 |  23    47 |02-12 20:06:40
  0   0 100   0   0   0|   0     0 |   0     0 |   0     0 |  23    46 |02-12 20:06:41
  1   0  99   0   0   0|   0     0 |5422B 2782B|   0     0 |  23    70 |02-12 20:06:42
  1   0  99   0   0   0|   0     0 |1895B 1851B|   0     0 |  35    74 |02-12 20:06:43
  6   4  90   0   0   0|   0     0 |1792B 2456B|   0     0 | 192   551 |02-12 20:06:44
  4   3  90   0   0   3|   0     0 | 287k 8431k|   0     0 | 760  3236 |02-12 20:06:45
  3   3  92   0   0   3|   0    28k| 343k   10M|   0     0 | 886  3731 |02-12 20:06:46
  4   5  77  11   0   3|   0    64k| 382k   11M|   0     0 | 936  3935 |02-12 20:06:47
  4   5  87   0   0   4|   0     0 | 362k   10M|   0     0 | 833  3458 |02-12 20:06:48
  2   4  90   0   0   4|   0     0 | 370k   11M|   0     0 | 867  3651 |02-12 20:06:49
  2   5  89   0   0   5|   0     0 | 393k   12M|   0     0 | 951  3965 |02-12 20:06:50
  3   4  90   0   0   3|   0     0 | 374k   11M|   0     0 | 886  3743 |02-12 20:06:51
  4   5  87   0   0   3|   0     0 | 357k   10M|   0     0 | 862  3583 |02-12 20:06:52
  5   5  86   0   0   4|   0     0 | 394k   12M|   0     0 | 957  3938 |02-12 20:06:53
  3   6  88   0   0   3|   0     0 | 370k   11M|   0     0 | 886  3674 |02-12 20:06:54
  3   4  90   0   0   4|   0     0 | 350k   10M|   0     0 | 856  3541 |02-12 20:06:55
  2   4  92   0   0   3|   0  4096B| 333k 9978k|   0     0 | 821  3299 |02-12 20:06:56
  4   5  89   0   0   3|   0     0 | 374k   11M|   0     0 | 922  3580 |02-12 20:06:57
  2   3  93   0   0   2|   0     0 | 333k 9995k|   0     0 | 881  3417 |02-12 20:06:58
  3   5  88   0   0   5|   0     0 | 357k   10M|   0     0 | 916  3657 |02-12 20:06:59
  4   4  89   0   0   4|   0     0 | 387k   11M|   0     0 | 934  3697 |02-12 20:07:00
  3   5  86   0   0   6|   0  8192B| 360k   11M|   0     0 | 949  3785 |02-12 20:07:01
  2   3  92   0   0   3|   0     0 | 292k 8754k|   0     0 | 779  3034 |02-12 20:07:02
  3   2  94   0   0   2|   0     0 | 158k 4570k|   0     0 | 371  1446 |02-12 20:07:03
  1   0  99   0   0   0|   0     0 |1400B   41k|   0     0 |  34    84 |02-12 20:07:04
  1   0  99   0   0   1|   0     0 |  42k 1266k|   0     0 | 131   477 |02-12 20:07:05
  2   3  93   0   0   3|   0     0 | 204k 5972k|   0     0 | 525  2109 |02-12 20:07:06
  3   4  89   0   0   4|   0     0 | 371k   11M|   0     0 | 935  3665 |02-12 20:07:07
  3   5  88   0   0   5|   0     0 | 354k   10M|   0     0 | 916  3543 |02-12 20:07:08
  2   4  90   0   0   5|   0     0 | 332k 9805k|   0     0 | 806  3271 |02-12 20:07:09
  1   4  93   0   0   2|   0     0 | 212k 6341k|   0     0 | 534  2023 |02-12 20:07:10
  2   3  92   0   0   3|   0     0 | 239k 7156k|   0     0 | 567  2340 |02-12 20:07:11
  2   2  95   0   0   2|   0     0 | 218k 6376k|   0     0 | 457  1917 |02-12 20:07:12
  1   2  96   0   0   1|   0     0 | 178k 5329k|   0     0 | 411  1782 |02-12 20:07:13
  2   2  95   0   0   1|   0     0 | 183k 5472k|   0     0 | 438  1819 |02-12 20:07:14
  3   2  94   0   0   2|   0     0 | 174k 5074k|   0     0 | 420  1704 |02-12 20:07:15
  2   3  95   0   0   2|   0    16k| 165k 4928k|   0     0 | 403  1668 |02-12 20:07:16
  4   4  88   2   0   3|   0    20k| 388k   11M|   0     0 | 945  3937 |02-12 20:07:17
  4   4  89   0   0   4|   0     0 | 373k   11M|   0     0 | 923  3666 |02-12 20:07:18
  2   5  88   0   0   5|   0     0 | 365k   11M|   0     0 | 897  3602 |02-12 20:07:19
  4   6  88   0   0   3|   0     0 | 379k   11M|   0     0 | 852  3524 |02-12 20:07:20
  3   3  90   0   0   4|   0    56k| 372k   11M|   0     0 | 919  3624 |02-12 20:07:21
  2   4  91   0   0   4|   0     0 | 352k   10M|   0     0 | 851  3404 |02-12 20:07:22
  3   4  91   0   0   3|   0     0 | 336k   10M|   0     0 | 809  3152 |02-12 20:07:23
  4   5  86   0   0   5|   0     0 | 402k   12M|   0     0 | 991  3856 |02-12 20:07:24
  2   6  88   0   0   4|   0     0 | 370k   11M|   0     0 | 946  3764 |02-12 20:07:25
  2   4  90   0   0   5|   0     0 | 365k   11M|   0     0 | 950  3635 |02-12 20:07:26
  3   4  89   0   0   5|   0     0 | 385k   11M|   0     0 | 924  3660 |02-12 20:07:27
  4   5  88   0   0   4|   0     0 | 346k   10M|   0     0 | 906  3450 |02-12 20:07:28
  3   5  89   0   0   4|   0     0 | 384k   11M|   0     0 | 916  3869 |02-12 20:07:29
  3   4  91   0   0   3|   0     0 | 367k   11M|   0     0 | 862  3653 |02-12 20:07:30
  3   5  90   0   0   3|   0     0 | 378k   11M|   0     0 | 884  3728 |02-12 20:07:31
  4   3  90   0   0   3|   0  8192B| 373k   11M|   0     0 | 884  3613 |02-12 20:07:32
  3   6  87   0   0   4|   0     0 | 372k   11M|   0     0 | 789  3367 |02-12 20:07:33
  4   5  87   0   0   4|   0     0 | 381k   11M|   0     0 | 877  3697 |02-12 20:07:34
  2   5  89   0   0   4|   0     0 | 370k   11M|   0     0 | 895  3770 |02-12 20:07:35
  4   4  88   0   0   4|   0     0 | 383k   11M|   0     0 | 936  3813 |02-12 20:07:36
  3   3  89   0   0   6|   0     0 | 386k   11M|   0     0 | 927  3796 |02-12 20:07:37
  4   2  90   0   0   4|   0     0 | 366k   11M|   0     0 | 899  3649 |02-12 20:07:38
  3   3  90   0   0   4|   0     0 | 406k   12M|   0     0 | 970  3967 |02-12 20:07:39
  3   6  86   0   0   5|   0     0 | 368k   11M|   0     0 | 931  3749 |02-12 20:07:40
  4   5  87   0   0   4|   0     0 | 374k   11M|   0     0 | 969  3721 |02-12 20:07:41
  5   3  86   0   0   6|   0     0 | 388k   11M|   0     0 | 915  3633 |02-12 20:07:42
  3   5  89   0   0   4|   0     0 | 359k   11M|   0     0 | 875  3461 |02-12 20:07:43
  4   5  87   0   0   5|   0     0 | 472k   14M|   0     0 | 923  3925 |02-12 20:07:44
  1   1  97   0   0   1|   0     0 |  34k  689k|   0     0 |  97   390 |02-12 20:07:45
  1   0 100   0   0   0|   0     0 |2974B 2378B|   0     0 |  28    67 |02-12 20:07:46
  0   0  98   2   0   0|   0    64k|   0     0 |   0     0 |  23    59 |02-12 20:07:47
  0   0 100   0   0   0|   0     0 |   0     0 |   0     0 |  22    42 |02-12 20:07:48
  1   0 100   0   0   0|   0     0 |5422B 2782B|   0     0 |  20    58 |02-12 20:07:49
  0   0 100   0   0   0|   0     0 |   0     0 |   0     0 |  29    67 |02-12 20:07:50
  0   0 100   0   0   0|   0     0 |   0     0 |   0     0 |  18    25 |02-12 20:07:51
  0   0  99   0   0   0|   0    40k|7534B 4894B|   0     0 |  24    63 |02-12 20:07:52
  1   0  99   0   0   0|   0     0 |4133B 4205B|   0     0 |  35    99 |02-12 20:07:53
  7   5  88   0   0   0|   0     0 |2858B 2428B|   0     0 | 210   677 |02-12 20:07:54
  1   1  98   0   0   0|   0     0 |5422B 2782B|   0     0 |  53   132 |02-12 20:07:55
  0   0 100   0   0   0|   0     0 |   0     0 |   0     0 |  19    32 |02-12 20:07:56
  0   0 100   0   0   0|   0     0 |   0     0 |   0     0 |  18    30 |02-12 20:07:57
  0   0 100   0   0   0|   0     0 |5422B 2782B|   0     0 |  25    62 |02-12 20:07:58
  0   0 100   0   0   0|   0     0 |   0     0 |   0     0 |  19    27 |02-12 20:07:59
  0   0  99   0   0   0|   0     0 |   0     0 |   0     0 |  31    71 |02-12 20:08:00
  0   0 100   0   0   0|   0     0 |5422B 2782B|   0     0 |  19    59 |02-12 20:08:01
  0   0 100   0   0   0|   0     0 |   0     0 |   0     0 |  19    24 |02-12 20:08:02
  0   0 100   0   0   0|   0     0 |   0     0 |   0     0 |  19    28 |02-12 20:08:03
  1   0 100   0   0   0|   0     0 |5422B 2782B|   0     0 |  22    71 |02-12 20:08:04
  0   1  99   0   0   0|   0     0 |   0     0 |   0     0 |  28    64 |02-12 20:08:05
  0   0 100   0   0   0|   0     0 |   0     0 |   0     0 |  18    26 |02-12 20:08:06
  1   0  99   0   0   0|   0     0 |5422B 2782B|   0     0 |  23    66 |02-12 20:08:07
  0   0 100   0   0   0|   0     0 |   0     0 |   0     0 |  18    33 |02-12 20:08:08
  1   1  99   0   0   0|   0     0 |1829B 1851B|   0     0 |  35    72 |02-12 20:08:09
  8   3  89   0   0   1|   0     0 |7148B 4808B|   0     0 | 195   556 |02-12 20:08:10
  2   3  93   0   0   2|   0     0 | 176k 5250k|   0     0 | 486  2029 |02-12 20:08:11
  2   4  90   0   0   5|   0     0 | 326k 9782k|   0     0 | 832  3569 |02-12 20:08:12
  2   7  89   0   0   3|   0     0 | 365k   11M|   0     0 | 928  3905 |02-12 20:08:13
  4   3  89   0   0   4|   0     0 | 351k   10M|   0     0 | 781  3309 |02-12 20:08:14
  3   6  89   0   0   3|   0     0 | 368k   11M|   0     0 | 841  3543 |02-12 20:08:15
  4   7  87   0   0   3|   0     0 | 398k   11M|   0     0 | 905  3803 |02-12 20:08:16
  2   5  91   0   0   3|   0     0 | 369k   11M|   0     0 | 946  3846 |02-12 20:08:17
  2   4  85   5   0   4|   0    44k| 367k   11M|   0     0 | 890  3611 |02-12 20:08:18
  4   4  87   0   0   5|   0     0 | 398k   11M|   0     0 | 984  3920 |02-12 20:08:19
  3   4  87   0   0   6|   0     0 | 365k   11M|   0     0 | 884  3634 |02-12 20:08:20
  3   3  92   0   0   2|   0     0 | 378k   11M|   0     0 | 942  3642 |02-12 20:08:21
  3   5  89   0   0   3|   0     0 | 399k   12M|   0     0 | 974  3863 |02-12 20:08:22
  3   5  89   0   0   4|   0  8192B| 333k 9983k|   0     0 | 824  3249 |02-12 20:08:23
  4   5  89   0   0   3|   0     0 | 375k   11M|   0     0 | 952  3737 |02-12 20:08:24
  2   4  91   0   0   4|   0     0 | 349k   10M|   0     0 | 906  3555 |02-12 20:08:25
  1   5  90   0   0   4|   0     0 | 364k   11M|   0     0 | 906  3623 |02-12 20:08:26
  2   5  91   0   0   3|   0     0 | 384k   11M|   0     0 | 912  3724 |02-12 20:08:27
  2   6  89   0   0   3|   0    48k| 386k   11M|   0     0 | 995  3958 |02-12 20:08:28
  3   2  92   0   0   4|   0     0 | 365k   11M|   0     0 | 890  3496 |02-12 20:08:29
  2   8  88   0   0   3|   0     0 | 358k   10M|   0     0 | 919  3659 |02-12 20:08:30
  2   6  89   0   0   4|   0     0 | 379k   11M|   0     0 | 983  3805 |02-12 20:08:31
  2   4  91   0   0   3|   0     0 | 358k   10M|   0     0 | 927  3688 |02-12 20:08:32
  2   6  87   0   0   5|   0     0 | 387k   11M|   0     0 |1018  3854 |02-12 20:08:33
  5   5  87   0   0   4|   0     0 | 401k   12M|   0     0 | 984  3933 |02-12 20:08:34
  2   6  89   0   0   3|   0     0 | 349k   10M|   0     0 | 863  3342 |02-12 20:08:35
  3   5  88   0   0   4|   0     0 | 375k   11M|   0     0 | 978  3911 |02-12 20:08:36
  3   5  89   0   0   3|   0     0 | 387k   11M|   0     0 | 958  3826 |02-12 20:08:37
  2   5  89   0   0   5|   0     0 | 359k   11M|   0     0 | 836  3460 |02-12 20:08:38
  2   4  89   0   0   5|   0     0 | 387k   11M|   0     0 | 871  3690 |02-12 20:08:39
  3   4  91   0   0   2|   0     0 | 390k   11M|   0     0 | 899  3684 |02-12 20:08:40
  2   4  92   0   0   3|   0     0 | 370k   11M|   0     0 | 847  3576 |02-12 20:08:41
  3   4  90   0   0   4|   0     0 | 368k   11M|   0     0 | 869  3593 |02-12 20:08:42
  3   5  91   0   0   2|   0     0 | 364k   10M|   0     0 | 852  3515 |02-12 20:08:43
  2   5  89   0   0   5|   0     0 | 382k   11M|   0     0 | 916  3642 |02-12 20:08:44
  3   5  87   0   0   6|   0     0 | 373k   11M|   0     0 | 910  3766 |02-12 20:08:45
  2   5  90   0   0   3|   0     0 | 373k   11M|   0     0 | 887  3516 |02-12 20:08:46
  3   7  87   0   0   3|   0     0 | 380k   11M|   0     0 | 970  3831 |02-12 20:08:47
  4   4  86   3   0   4|   0    40k| 369k   11M|   0     0 | 922  3633 |02-12 20:08:48
  3   3  90   0   0   4|   0     0 | 366k   11M|   0     0 | 828  3266 |02-12 20:08:49
  3   4  90   0   0   4|   0     0 | 354k   10M|   0     0 | 844  3447 |02-12 20:08:50
  2   2  92   0   0   4|   0     0 | 347k   10M|   0     0 | 830  3363 |02-12 20:08:51
  4   5  89   0   0   3|   0     0 | 372k   11M|   0     0 | 840  3550 |02-12 20:08:52
  4   5  88   0   0   3|   0     0 | 355k   10M|   0     0 | 830  3466 |02-12 20:08:53
  3   4  88   0   0   5|   0     0 | 362k   11M|   0     0 | 886  3704 |02-12 20:08:54
  3   6  88   0   0   4|   0     0 | 362k   11M|   0     0 | 846  3496 |02-12 20:08:55
  4   4  89   0   0   3|   0     0 | 391k   11M|   0     0 | 883  3705 |02-12 20:08:56
  3   3  92   0   0   3|   0     0 | 283k 8459k|   0     0 | 691  2869 |02-12 20:08:57
  3   3  90   0   0   4|   0     0 | 377k   11M|   0     0 | 902  3787 |02-12 20:08:58
  4   5  86   0   0   6|   0    24k| 399k   12M|   0     0 | 890  3717 |02-12 20:08:59
  3   5  89   0   0   3|   0     0 | 352k   10M|   0     0 | 841  3475 |02-12 20:09:00
  3   5  89   0   0   3|   0     0 | 371k   11M|   0     0 | 860  3650 |02-12 20:09:01
  3   4  92   0   0   2|   0     0 | 376k   11M|   0     0 | 892  3824 |02-12 20:09:02
  3   4  88   0   0   5|   0     0 | 354k   10M|   0     0 | 847  3525 |02-12 20:09:03
  3   5  87   0   0   5|   0     0 | 399k   12M|   0     0 | 953  3916 |02-12 20:09:04
  3   5  89   0   0   3|   0     0 | 401k   12M|   0     0 | 933  3856 |02-12 20:09:05
  2   3  92   0   0   3|   0     0 | 355k   10M|   0     0 | 829  3523 |02-12 20:09:06
  3   4  88   0   0   6|   0     0 | 403k   12M|   0     0 | 918  3776 |02-12 20:09:07
  4   7  86   0   0   4|   0     0 | 411k   12M|   0     0 | 974  3860 |02-12 20:09:08
  2   4  90   0   0   4|   0     0 | 390k   11M|   0     0 | 928  3867 |02-12 20:09:09
  3   5  88   0   0   5|   0     0 | 382k   11M|   0     0 | 900  3696 |02-12 20:09:10
  1   1  98   0   0   0|   0     0 |  56k 1383k|   0     0 | 165   609 |02-12 20:09:11
  0   1  99   0   0   0|   0     0 |4518B 4546B|   0     0 |  63   241 |02-12 20:09:12
  0   0 100   0   0   0|   0     0 |   0     0 |   0     0 |  19    33 |02-12 20:09:13
  1   0 100   0   0   0|   0     0 |5422B 2782B|   0     0 |  30    69 |02-12 20:09:14
  1   0 100   0   0   0|   0     0 |   0     0 |   0     0 |  35    84 |02-12 20:09:15
  0   0 100   0   0   0|   0     0 |   0     0 |   0     0 |  20    41 |02-12 20:09:16
  1   0  99   0   0   0|   0     0 |5422B 2782B|   0     0 |  30    85 |02-12 20:09:17
  0   0 100   0   0   0|   0     0 |   0     0 |   0     0 |  23    38 |02-12 20:09:18
  0   0  99   2   0   0|   0    24k|2112B 2112B|   0     0 |  22    44 |02-12 20:09:19
  1   1  99   0   0   0|   0    32k|5422B 2782B|   0     0 |  43   118 |02-12 20:09:20
  1   1  99   0   0   0|   0     0 |4267B 4315B|   0     0 |  52   108 |02-12 20:09:21
  8   4  89   0   0   0|   0     0 |2364B 2186B|   0     0 | 189   513 |02-12 20:09:22
  2   0  98   0   0   1|   0     0 |5914B 2914B|   0     0 |  42   209 |02-12 20:09:23
  0   0 100   0   0   0|   0     0 |   0     0 |   0     0 |  24    47 |02-12 20:09:24
  0   1  99   0   0   0|   0     0 |   0     0 |   0     0 |  34    70 |02-12 20:09:25
  0   0 100   0   0   0|   0     0 |5422B 2782B|   0     0 |  22    54 |02-12 20:09:26
  0   0 100   0   0   0|   0     0 |   0     0 |   0     0 |  19    33 |02-12 20:09:27
  0   0 100   0   0   0|   0     0 |   0     0 |   0     0 |  19    32 |02-12 20:09:28
  1   0  99   0   0   0|   0     0 |5422B 2782B|   0     0 |  21    57 |02-12 20:09:29
  0   1 100   0   0   0|   0    20k|   0     0 |   0     0 |  34    83 |02-12 20:09:30
  0   0 100   0   0   0|   0     0 |   0     0 |   0     0 |  21    28 |02-12 20:09:31
  1   0  99   0   0   0|   0     0 |5422B 2782B|   0     0 |  24    66 |02-12 20:09:32
  0   0 100   0   0   0|   0     0 |   0     0 |   0     0 |  19    25 |02-12 20:09:33
  0   0 100   0   0   0|   0     0 |   0     0 |   0     0 |  18    24 |02-12 20:09:34
  0   1  99   0   0   0|   0     0 |8100B 8348B|   0     0 |  59   191 |02-12 20:09:35
  0   0 100   0   0   0|   0     0 |   0     0 |   0     0 |  24    57 |02-12 20:09:36
  0   0 100   0   0   0|   0     0 |   0     0 |   0     0 |  23    59 |02-12 20:09:37
  1   0 100   0   0   0|   0     0 |5844B 3494B|   0     0 |  29    70 |02-12 20:09:38
  0   0 100   0   0   0|   0     0 |   0     0 |   0     0 |  19    31 |02-12 20:09:39
  0   1 100   0   0   0|   0     0 |   0     0 |   0     0 |  36    82 |02-12 20:09:40
  1   0 100   0   0   0|   0     0 |5422B 2782B|   0     0 |  31    69 |02-12 20:09:41
  0   0 100   0   0   0|   0     0 |  74B   74B|   0     0 |  25    46 |02-12 20:09:42
  6   2  92   0   0   0|   0     0 |3415B 2621B|   0     0 | 142   375 |02-12 20:09:43
  4   4  90   0   0   2|   0     0 | 132k 3794k|   0     0 | 402  1554 |02-12 20:09:44
  3   7  86   0   0   4|   0  4096B| 467k   14M|   0     0 |1081  4340 |02-12 20:09:45
  4   7  84   0   0   5|   0     0 | 508k   15M|   0     0 | 999  4065 |02-12 20:09:46
  4   4  86   0   0   6|   0     0 | 527k   15M|   0     0 |1080  4273 |02-12 20:09:47
  3   6  87   0   0   3|   0     0 | 525k   15M|   0     0 |1062  4071 |02-12 20:09:48
  3   4  88   0   0   6|   0     0 | 489k   14M|   0     0 | 947  3816 |02-12 20:09:49
  6   4  85   1   0   4|   0    60k| 536k   16M|   0     0 |1025  4091 |02-12 20:09:50
  5   7  84   0   0   4|   0     0 | 539k   16M|   0     0 |1021  4021 |02-12 20:09:51
  4   7  87   0   0   3|   0     0 | 499k   15M|   0     0 |1021  3952 |02-12 20:09:52
  6   7  81   0   0   6|   0     0 | 547k   16M|   0     0 |1036  4074 |02-12 20:09:53
  5   8  83   0   0   5|   0     0 | 528k   15M|   0     0 | 955  3819 |02-12 20:09:54
  5   5  86   0   0   3|   0     0 | 501k   15M|   0     0 | 998  3907 |02-12 20:09:55
  3   6  87   0   0   4|   0  4096B| 543k   16M|   0     0 |1043  4197 |02-12 20:09:56
  3   5  88   0   0   4|   0     0 | 525k   15M|   0     0 | 888  3742 |02-12 20:09:57
  3   6  86   0   0   5|   0     0 | 518k   15M|   0     0 | 953  3937 |02-12 20:09:58
  3   6  84   0   0   6|   0     0 | 521k   15M|   0     0 | 897  3752 |02-12 20:09:59
  3   6  87   0   0   3|   0     0 | 511k   15M|   0     0 | 934  3856 |02-12 20:10:00
  5   7  83   0   0   5|   0  8192B| 523k   15M|   0     0 | 962  4000 |02-12 20:10:01
  4   4  86   0   0   6|   0     0 | 543k   16M|   0     0 |1031  4137 |02-12 20:10:02
  4   7  85   0   0   5|   0     0 | 523k   15M|   0     0 | 943  3971 |02-12 20:10:03
  6   7  81   0   0   6|   0     0 | 514k   15M|   0     0 | 954  3898 |02-12 20:10:04
  6   6  83   0   0   5|   0     0 | 542k   16M|   0     0 | 913  3808 |02-12 20:10:05
  4   6  85   0   0   6|   0     0 | 541k   16M|   0     0 |1027  4211 |02-12 20:10:06
  5   8  83   0   0   5|   0     0 | 504k   15M|   0     0 | 944  3838 |02-12 20:10:07
  4   8  84   0   0   4|   0     0 | 547k   16M|   0     0 | 923  3870 |02-12 20:10:08
  4   8  84   0   0   4|   0     0 | 529k   15M|   0     0 |1028  4145 |02-12 20:10:09
  4   9  83   0   0   4|   0     0 | 524k   15M|   0     0 |1009  3921 |02-12 20:10:10
  4   6  83   0   0   7|   0     0 | 557k   16M|   0     0 |1045  4122 |02-12 20:10:11
  3   8  85   0   0   4|   0     0 | 537k   16M|   0     0 |1007  3932 |02-12 20:10:12
  7   6  82   0   0   5|   0     0 | 515k   15M|   0     0 |1038  4034 |02-12 20:10:13
  3   6  87   0   0   3|   0     0 | 525k   15M|   0     0 | 972  3858 |02-12 20:10:14
  3   7  85   0   0   4|   0     0 | 528k   15M|   0     0 |1040  4095 |02-12 20:10:15
  3   6  86   0   0   4|   0    16k| 510k   15M|   0     0 |1002  3947 |02-12 20:10:16
  3   8  83   0   0   6|   0     0 | 529k   15M|   0     0 |1033  4108 |02-12 20:10:17
  5   6  84   0   0   4|   0     0 | 539k   16M|   0     0 |1094  4123 |02-12 20:10:18
  4   5  87   0   0   4|   0     0 | 520k   15M|   0     0 | 952  3809 |02-12 20:10:19
  5   8  81   1   0   6|   0    20k| 519k   15M|   0     0 |1038  4126 |02-12 20:10:20
  5   5  85   0   0   5|   0    52k| 516k   15M|   0     0 | 960  3874 |02-12 20:10:21
  3   7  86   0   0   4|   0     0 | 512k   15M|   0     0 |1035  3960 |02-12 20:10:22
  3   6  86   0   0   5|   0     0 | 510k   15M|   0     0 |1031  4025 |02-12 20:10:23
  5   5  85   0   0   5|   0     0 | 533k   15M|   0     0 |1021  4166 |02-12 20:10:24
  6   8  82   0   0   5|   0     0 | 539k   16M|   0     0 |1125  4259 |02-12 20:10:25
  5   7  85   0   0   4|   0     0 | 515k   15M|   0     0 |1058  4061 |02-12 20:10:26
  5   8  83   0   0   5|   0     0 | 532k   15M|   0     0 |1014  3981 |02-12 20:10:27
  3   5  86   0   0   6|   0     0 | 522k   15M|   0     0 |1042  4125 |02-12 20:10:28
  4   5  87   0   0   5|   0     0 | 510k   15M|   0     0 |1035  4006 |02-12 20:10:29
  5   7  83   0   0   5|   0     0 | 521k   15M|   0     0 |1008  4066 |02-12 20:10:30
  3   8  85   0   0   4|   0     0 | 518k   15M|   0     0 |1046  4147 |02-12 20:10:31
  3   6  86   0   0   6|   0     0 | 505k   15M|   0     0 | 962  3842 |02-12 20:10:32
  4   7  83   0   0   7|   0     0 | 542k   16M|   0     0 |1089  4306 |02-12 20:10:33
  3   7  85   0   0   5|   0     0 | 527k   15M|   0     0 |1022  4054 |02-12 20:10:34
  6   7  81   0   0   6|   0     0 | 507k   15M|   0     0 |1009  4007 |02-12 20:10:35
  3   8  83   0   0   6|   0  8192B| 521k   15M|   0     0 |1049  4071 |02-12 20:10:36
  4   7  84   0   0   5|   0     0 | 530k   16M|   0     0 |1010  3980 |02-12 20:10:37
  3   7  86   0   0   4|   0     0 | 521k   15M|   0     0 |1020  4018 |02-12 20:10:38
  5   9  82   0   0   5|   0     0 | 526k   15M|   0     0 | 967  3898 |02-12 20:10:39
  6   7  83   0   0   5|   0     0 | 536k   16M|   0     0 |1042  4044 |02-12 20:10:40
  4   7  84   0   0   5|   0     0 | 522k   15M|   0     0 | 932  3757 |02-12 20:10:41
  4   6  84   0   0   6|   0     0 | 531k   15M|   0     0 | 948  3755 |02-12 20:10:42
  4   8  85   0   0   4|   0     0 | 512k   15M|   0     0 |1085  4207 |02-12 20:10:43
  2   2  94   0   0   3|   0     0 | 231k 6710k|   0     0 | 482  1936 |02-12 20:10:44
  1   1  99   0   0   0|   0     0 |7534B 4894B|   0     0 |  50   174 |02-12 20:10:45
  0   0 100   0   0   0|   0     0 |   0     0 |   0     0 |  25    45 |02-12 20:10:46
  0   0 100   0   0   0|   0     0 |   0     0 |   0     0 |  23    48 |02-12 20:10:47
  1   0  99   0   0   0|   0     0 |5422B 2782B|   0     0 |  30    77 |02-12 20:10:48
  0   0 100   0   0   0|   0     0 |   0     0 |   0     0 |  23    47 |02-12 20:10:49
  0   0 100   0   0   0|   0     0 |   0     0 |   0     0 |  32    73 |02-12 20:10:50
  1   0 100   0   0   0|   0    52k|5422B 2782B|   0     0 |  26    87 |02-12 20:10:51
  0   0 100   0   0   0|   0    16k|2112B 2112B|   0     0 |  23    51 |02-12 20:10:52
  0   0 100   0   0   0|   0     0 |   0     0 |   0     0 |  23    41 |02-12 20:10:53
  1   0 100   0   0   0|   0     0 |5422B 2782B|   0     0 |  28    67 |02-12 20:10:54
  1   1  98   0   0   0|   0     0 |4007B 3963B|   0     0 |  46   115 |02-12 20:10:55
  7   3  91   0   0   0|   0     0 |1726B 1916B|   0     0 | 186   503 |02-12 20:10:56
  1   1  98   0   0   0|   0     0 |6812B 3536B|   0     0 |  55   251 |02-12 20:10:57
  0   0 100   0   0   0|   0     0 |   0     0 |   0     0 |  23    40 |02-12 20:10:58
  0   0 100   0   0   0|   0     0 |   0     0 |   0     0 |  23    40 |02-12 20:10:59
  1   0  99   0   0   0|   0     0 |5422B 2782B|   0     0 |  39   113 |02-12 20:11:00
  0   0 100   0   0   0|   0     0 |   0     0 |   0     0 |  21    30 |02-12 20:11:01
  0   0 100   0   0   0|   0     0 |   0     0 |   0     0 |  24    39 |02-12 20:11:02
  1   1  99   0   0   0|   0     0 |5422B 2782B|   0     0 |  25    75 |02-12 20:11:03
  0   0 100   0   0   0|   0     0 |   0     0 |   0     0 |  23    46 |02-12 20:11:04
  0   1  99   0   0   0|   0     0 |   0     0 |   0     0 |  34    92 |02-12 20:11:05
  0   0 100   0   0   0|   0     0 |5524B 2974B|   0     0 |  24    67 |02-12 20:11:06
  0   0 100   0   0   0|   0  4096B|   0     0 |   0     0 |  23    47 |02-12 20:11:07
  0   0 100   0   0   0|   0     0 |   0     0 |   0     0 |  23    53 |02-12 20:11:08
  0   0 100   0   0   0|   0     0 |5422B 2782B|   0     0 |  24    70 |02-12 20:11:09
  0   0  99   0   0   0|   0     0 |   0     0 |   0     0 |  38    82 |02-12 20:11:10
  0   0 100   0   0   0|   0     0 |   0     0 |   0     0 |  19    34 |02-12 20:11:11
  1   0 100   0   0   0|   0     0 |5422B 2782B|   0     0 |  24    80 |02-12 20:11:12
  0   0 100   0   0   0|   0     0 |   0     0 |   0     0 |  23    36 |02-12 20:11:13
  0   0 100   0   0   0|   0     0 |   0     0 |   0     0 |  19    29 |02-12 20:11:14
  1   1  99   0   0   0|   0     0 |5422B 2782B|   0     0 |  35   108 |02-12 20:11:15
  0   0 100   0   0   0|   0     0 | 247B  247B|   0     0 |  32    75 |02-12 20:11:16
  2   1  97   0   0   0|   0  4096B|3064B 2448B|   0     0 | 116   351 |02-12 20:11:17
  8   4  88   0   0   0|   0     0 |  91k 2540k|   0     0 | 270  1145 |02-12 20:11:18
  3   7  83   0   0   6|   0     0 | 467k   14M|   0     0 |1066  4468 |02-12 20:11:19
  3   6  87   0   0   4|   0     0 | 484k   14M|   0     0 | 936  3910 |02-12 20:11:20
  4   8  84   0   0   5|   0     0 | 517k   15M|   0     0 | 946  3934 |02-12 20:11:21
  5   6  80   2   0   7|   0    40k| 541k   16M|   0     0 |1019  4218 |02-12 20:11:22
  4   6  87   0   0   3|   0    56k| 527k   15M|   0     0 | 918  3796 |02-12 20:11:23
  5   7  83   0   0   6|   0     0 | 524k   15M|   0     0 | 920  3878 |02-12 20:11:24
  6   6  84   0   0   4|   0     0 | 537k   16M|   0     0 |1008  4021 |02-12 20:11:25
  4   7  85   0   0   4|   0     0 | 531k   16M|   0     0 | 946  3941 |02-12 20:11:26
  3   6  86   0   0   5|   0     0 | 539k   16M|   0     0 | 941  3840 |02-12 20:11:27
  3   9  83   0   0   5|   0  4096B| 537k   16M|   0     0 | 999  4105 |02-12 20:11:28
  4   5  87   0   0   4|   0     0 | 521k   15M|   0     0 |1002  4121 |02-12 20:11:29
  5   6  86   0   0   3|   0     0 | 517k   15M|   0     0 | 962  3909 |02-12 20:11:30
  4   7  83   0   0   7|   0     0 | 525k   15M|   0     0 |1043  4133 |02-12 20:11:31
  4   6  85   0   0   5|   0     0 | 537k   16M|   0     0 | 932  3878 |02-12 20:11:32
  4   7  86   0   0   2|   0     0 | 534k   15M|   0     0 | 958  3884 |02-12 20:11:33
  4   7  84   0   0   5|   0     0 | 541k   16M|   0     0 | 970  4020 |02-12 20:11:34
  5   8  82   0   0   6|   0     0 | 542k   16M|   0     0 |1022  3982 |02-12 20:11:35
  4   7  86   0   0   4|   0     0 | 506k   15M|   0     0 | 960  3788 |02-12 20:11:36
  4   8  84   0   0   4|   0     0 | 544k   16M|   0     0 |1019  3911 |02-12 20:11:37
  5   5  85   0   0   5|   0  8192B| 547k   16M|   0     0 |1052  4076 |02-12 20:11:38
  3   7  84   0   0   6|   0     0 | 522k   15M|   0     0 |1005  3903 |02-12 20:11:39
  6   8  80   0   0   6|   0     0 | 531k   15M|   0     0 |1013  3987 |02-12 20:11:40
  5   7  81   0   0   7|   0     0 | 534k   16M|   0     0 | 941  4009 |02-12 20:11:41
  3   5  88   0   0   4|   0     0 | 504k   15M|   0     0 | 861  3713 |02-12 20:11:42
  5   6  83   0   0   7|   0     0 | 550k   16M|   0     0 |1055  4255 |02-12 20:11:43
  3   5  88   0   0   4|   0     0 | 549k   16M|   0     0 |1013  4185 |02-12 20:11:44
  4   6  85   0   0   5|   0     0 | 509k   15M|   0     0 | 931  3816 |02-12 20:11:45
  5   7  83   0   0   5|   0     0 | 542k   16M|   0     0 |1029  4061 |02-12 20:11:46
  4   6  84   0   0   6|   0     0 | 548k   16M|   0     0 |1104  4335 |02-12 20:11:47
  5   5  84   0   0   6|   0    20k| 505k   15M|   0     0 | 945  3843 |02-12 20:11:48
  5   6  84   0   0   4|   0     0 | 499k   14M|   0     0 | 953  3620 |02-12 20:11:49
  5   6  85   0   0   4|   0     0 | 531k   16M|   0     0 |1059  3996 |02-12 20:11:50
  5   6  84   0   0   5|   0     0 | 516k   15M|   0     0 | 993  3919 |02-12 20:11:51
  5   7  79   3   0   7|   0    48k| 552k   16M|   0     0 |1005  4095 |02-12 20:11:52
  3   7  85   0   0   5|   0     0 | 540k   16M|   0     0 | 960  3885 |02-12 20:11:53
  5   6  85   0   0   4|   0     0 | 519k   15M|   0     0 | 921  3826 |02-12 20:11:54
  6   9  82   0   0   4|   0     0 | 531k   15M|   0     0 | 898  3865 |02-12 20:11:55
  3   8  84   0   0   5|   0     0 | 543k   16M|   0     0 | 998  4129 |02-12 20:11:56
  4   6  86   0   0   4|   0     0 | 537k   16M|   0     0 | 979  4142 |02-12 20:11:57
  5   9  79   0   0   6|   0     0 | 551k   16M|   0     0 |1063  4105 |02-12 20:11:58
  5   7  83   0   0   6|   0     0 | 541k   16M|   0     0 |1054  4165 |02-12 20:11:59
  3   6  86   0   0   5|   0     0 | 524k   15M|   0     0 |1106  4127 |02-12 20:12:00
  4   8  83   0   0   5|   0     0 | 535k   15M|   0     0 | 980  3894 |02-12 20:12:01
  3   5  88   0   0   4|   0     0 | 536k   16M|   0     0 | 939  3919 |02-12 20:12:02
  4   8  85   0   0   4|   0     0 | 532k   16M|   0     0 | 942  3928 |02-12 20:12:03
  5   6  85   0   0   4|   0     0 | 534k   15M|   0     0 | 990  4087 |02-12 20:12:04
  6   8  84   0   0   3|   0     0 | 538k   16M|   0     0 | 984  3969 |02-12 20:12:05
  3   8  84   0   0   5|   0     0 | 523k   15M|   0     0 | 985  3946 |02-12 20:12:06
  3   8  85   0   0   4|   0     0 | 536k   16M|   0     0 | 933  3879 |02-12 20:12:07
  4   6  85   0   0   6|   0     0 | 537k   16M|   0     0 | 925  3778 |02-12 20:12:08
  2   8  85   0   0   6|   0  8192B| 529k   15M|   0     0 | 936  3780 |02-12 20:12:09
  6   5  83   0   0   7|   0     0 | 541k   16M|   0     0 |1061  4069 |02-12 20:12:10
  4   8  83   0   0   5|   0     0 | 537k   16M|   0     0 |1026  3948 |02-12 20:12:11
  3   5  87   0   0   5|   0     0 | 545k   16M|   0     0 | 967  3799 |02-12 20:12:12
  4   8  84   0   0   4|   0     0 | 525k   15M|   0     0 | 936  3678 |02-12 20:12:13
  3   5  88   0   0   5|   0     0 | 551k   16M|   0     0 |1040  4006 |02-12 20:12:14
  3   5  86   0   0   6|   0     0 | 525k   15M|   0     0 | 993  3966 |02-12 20:12:15
  6   6  83   0   0   5|   0     0 | 523k   15M|   0     0 | 969  3728 |02-12 20:12:16
  3   6  87   0   0   4|   0     0 | 548k   16M|   0     0 |1054  4125 |02-12 20:12:17
  2   4  92   0   0   3|   0     0 | 252k 7430k|   0     0 | 506  1969 |02-12 20:12:18
  1   1  98   0   0   0|   0     0 |9940B 7328B|   0     0 |  64   242 |02-12 20:12:19
  0   0 100   0   0   0|   0     0 |   0     0 |   0     0 |  22    41 |02-12 20:12:20
  0   1 100   0   0   0|   0     0 |   0     0 |   0     0 |  33    84 |02-12 20:12:21
  0   1  99   0   0   0|   0     0 |5422B 2782B|   0     0 |  28    80 |02-12 20:12:22
  0   0 100   0   0   0|   0    28k|   0     0 |   0     0 |  23    50 |02-12 20:12:23
  0   0 100   0   0   0|   0    52k|   0     0 |   0     0 |  18    33 |02-12 20:12:24
  0   0 100   0   0   0|   0     0 |5422B 2782B|   0     0 |  24    64 |02-12 20:12:25
  0   0 100   0   0   0|   0     0 |   0     0 |   0     0 |  32    64 |02-12 20:12:26
  0   0 100   0   0   0|   0     0 |2112B 2112B|   0     0 |  22    41 |02-12 20:12:27
  1   1  99   0   0   0|   0     0 |5422B 2782B|   0     0 |  21    67 |02-12 20:12:28
  1   1  99   0   0   0|   0     0 |4267B 4205B|   0     0 |  39    84 |02-12 20:12:29
  7   3  90   0   0   0|   0     0 |2658B 2296B|   0     0 | 194   564 |02-12 20:12:30
  1   1  98   0   0   0|   0     0 |5488B 2914B|   0     0 |  58   234 |02-12 20:12:31
  0   0 100   0   0   0|   0     0 |   0     0 |   0     0 |  20    38 |02-12 20:12:32
  0   0 100   0   0   0|   0     0 |   0     0 |   0     0 |  24    34 |02-12 20:12:33
  1   0 100   0   0   0|   0     0 |5422B 2782B|   0     0 |  20    55 |02-12 20:12:34
  1   1  99   0   0   0|   0     0 |2678B 5566B|   0     0 |  43   119 |02-12 20:12:35
  0   0 100   0   0   0|   0     0 |   0     0 |   0     0 |  36    82 |02-12 20:12:36
  1   0  99   0   0   0|   0     0 |5422B 2782B|   0     0 |  31    92 |02-12 20:12:37
  0   0 100   0   0   0|   0     0 |   0     0 |   0     0 |  19    25 |02-12 20:12:38
  0   0 100   0   0   0|   0     0 |   0     0 |   0     0 |  19    29 |02-12 20:12:39
  1   0 100   0   0   0|   0     0 |5844B 3494B|   0     0 |  22    63 |02-12 20:12:40
  1   0  99   0   0   0|   0     0 |   0     0 |   0     0 |  39   152 |02-12 20:12:41
  0   0 100   0   0   0|   0     0 |   0     0 |   0     0 |  26    49 |02-12 20:12:42
  1   0 100   0   0   0|   0     0 |5422B 2782B|   0     0 |  28    75 |02-12 20:12:43
  0   0 100   0   0   0|   0  4096B|   0     0 |   0     0 |  20    38 |02-12 20:12:44
  0   0 100   0   0   0|   0     0 |   0     0 |   0     0 |  25    48 |02-12 20:12:45
  1   1  99   0   0   0|   0     0 |5422B 2782B|   0     0 |  44   110 |02-12 20:12:46
  0   0 100   0   0   0|   0     0 |   0     0 |   0     0 |  23    42 |02-12 20:12:47
  0   0 100   0   0   0|   0     0 |   0     0 |   0     0 |  24    50 |02-12 20:12:48
  1   0  99   0   0   0|   0     0 |7063B 4567B|   0     0 |  35    97 |02-12 20:12:49
  6   2  92   0   0   0|   0  8192B|1980B  910B|   0     0 | 125   379 |02-12 20:12:50
  3   6  89   0   0   2|   0     0 | 171k 5126k|   0     0 | 504  2047 |02-12 20:12:51
  2   6  88   0   0   4|   0     0 | 455k   13M|   0     0 |1094  4290 |02-12 20:12:52
  6   7  82   0   0   6|   0     0 | 525k   15M|   0     0 |1046  4204 |02-12 20:12:53
  6   6  72  10   0   6|   0    68k| 549k   16M|   0     0 |1093  4280 |02-12 20:12:54
  4   7  83   0   0   7|   0     0 | 521k   15M|   0     0 |1009  3819 |02-12 20:12:55
  4   7  85   0   0   4|   0     0 | 555k   16M|   0     0 |1050  4266 |02-12 20:12:56
  3   8  85   0   0   4|   0     0 | 542k   16M|   0     0 |1011  4090 |02-12 20:12:57
  2   8  85   0   0   5|   0     0 | 539k   16M|   0     0 |1023  4087 |02-12 20:12:58
  4   5  84   0   0   7|   0     0 | 551k   16M|   0     0 | 962  3953 |02-12 20:12:59
  4   6  85   0   0   5|   0  4096B| 539k   16M|   0     0 | 964  3959 |02-12 20:13:00
  4   7  83   0   0   7|   0     0 | 522k   15M|   0     0 | 988  4110 |02-12 20:13:01
  5   5  84   0   0   5|   0     0 | 532k   15M|   0     0 |1044  4320 |02-12 20:13:02
  4   6  86   0   0   5|   0     0 | 545k   16M|   0     0 |1012  4103 |02-12 20:13:03
  4   6  82   0   0   8|   0     0 | 557k   16M|   0     0 |1002  4111 |02-12 20:13:04
  4   6  84   0   0   6|   0     0 | 536k   16M|   0     0 | 954  3901 |02-12 20:13:05
  6   8  84   0   0   3|   0     0 | 543k   16M|   0     0 |1026  4096 |02-12 20:13:06
  2   7  87   0   0   4|   0     0 | 536k   16M|   0     0 |1065  4072 |02-12 20:13:07
  4   5  85   0   0   6|   0     0 | 539k   16M|   0     0 | 989  3985 |02-12 20:13:08
  4   5  86   0   0   5|   0     0 | 538k   16M|   0     0 |1004  4020 |02-12 20:13:09
  4   6  86   0   0   4|   0     0 | 525k   15M|   0     0 | 966  3755 |02-12 20:13:10
  4   6  84   0   0   5|   0     0 | 535k   15M|   0     0 |1036  3952 |02-12 20:13:11
  6   5  86   0   0   3|   0     0 | 545k   16M|   0     0 |1073  4195 |02-12 20:13:12
  5   5  85   0   0   6|   0     0 | 541k   16M|   0     0 | 980  3924 |02-12 20:13:13
  5   6  84   0   0   5|   0     0 | 524k   15M|   0     0 | 973  3936 |02-12 20:13:14
  4   7  85   0   0   4|   0  8192B| 537k   16M|   0     0 |1085  4243 |02-12 20:13:15
  4  10  82   0   0   4|   0     0 | 530k   16M|   0     0 | 987  3919 |02-12 20:13:16
  4   7  84   0   0   5|   0     0 | 515k   15M|   0     0 | 991  3834 |02-12 20:13:17
  3   7  84   0   0   7|   0     0 | 528k   15M|   0     0 |1008  4018 |02-12 20:13:18
  4   7  85   0   0   5|   0     0 | 549k   16M|   0     0 |1055  4231 |02-12 20:13:19
  4   7  84   0   0   5|   0     0 | 538k   16M|   0     0 | 942  3788 |02-12 20:13:20
  4   8  81   0   0   7|   0     0 | 535k   16M|   0     0 | 971  4103 |02-12 20:13:21
  5   5  84   0   0   7|   0     0 | 539k   16M|   0     0 |1012  3938 |02-12 20:13:22
  3   9  84   0   0   5|   0     0 | 526k   15M|   0     0 | 976  3948 |02-12 20:13:23
  3   8  84   1   0   3|   0    24k| 533k   16M|   0     0 |1031  4029 |02-12 20:13:24
  5   7  84   0   0   4|   0    76k| 549k   16M|   0     0 | 995  3875 |02-12 20:13:25
  5   6  83   0   0   6|   0     0 | 518k   15M|   0     0 | 957  3859 |02-12 20:13:26
  3   9  82   0   0   6|   0     0 | 543k   16M|   0     0 |1023  4067 |02-12 20:13:27
  5   6  84   0   0   5|   0     0 | 536k   16M|   0     0 |1064  4134 |02-12 20:13:28
  4   8  83   0   0   5|   0     0 | 531k   15M|   0     0 |1068  4141 |02-12 20:13:29
  5   6  85   0   0   4|   0     0 | 533k   16M|   0     0 |1118  4281 |02-12 20:13:30
  4   7  85   0   0   5|   0     0 | 536k   16M|   0     0 | 975  4122 |02-12 20:13:31
  4   7  83   0   0   6|   0     0 | 532k   15M|   0     0 | 935  3848 |02-12 20:13:32
  3   6  87   0   0   5|   0     0 | 523k   15M|   0     0 | 957  3896 |02-12 20:13:33
  6   6  85   0   0   4|   0     0 | 547k   16M|   0     0 | 989  4090 |02-12 20:13:34
  6   7  81   0   0   6|   0     0 | 537k   15M|   0     0 | 918  3900 |02-12 20:13:35
  4   5  85   0   0   6|   0     0 | 517k   15M|   0     0 | 953  3964 |02-12 20:13:36
  3   7  84   0   0   7|   0     0 | 532k   16M|   0     0 | 969  4071 |02-12 20:13:37
  6   7  82   0   0   5|   0     0 | 546k   16M|   0     0 | 987  4042 |02-12 20:13:38
  4   6  86   0   0   5|   0     0 | 515k   15M|   0     0 | 943  3861 |02-12 20:13:39
  4   5  86   0   0   5|   0     0 | 534k   16M|   0     0 |1103  4464 |02-12 20:13:40
  5   5  85   0   0   5|   0     0 | 540k   16M|   0     0 | 979  4026 |02-12 20:13:41
  3   8  84   0   0   6|   0     0 | 525k   15M|   0     0 | 979  3922 |02-12 20:13:42
  3   6  86   0   0   5|   0     0 | 542k   16M|   0     0 |1023  4175 |02-12 20:13:43
  5   8  82   0   0   6|   0     0 | 544k   16M|   0     0 | 902  3952 |02-12 20:13:44
  2   6  87   0   0   5|   0     0 | 530k   16M|   0     0 | 965  4098 |02-12 20:13:45
  4   7  84   0   0   5|   0  8192B| 542k   16M|   0     0 | 985  4133 |02-12 20:13:46
  4   8  83   0   0   5|   0     0 | 534k   15M|   0     0 |1005  4067 |02-12 20:13:47
  5   7  83   0   0   5|   0     0 | 509k   15M|   0     0 | 927  3915 |02-12 20:13:48
  4   7  83   0   0   6|   0     0 | 537k   16M|   0     0 |1049  4091 |02-12 20:13:49
  6   6  84   0   0   4|   0     0 | 522k   15M|   0     0 | 978  3912 |02-12 20:13:50
  2   4  92   0   0   2|   0     0 | 299k 8770k|   0     0 | 548  2062 |02-12 20:13:51
  0   1  99   0   0   0|   0     0 |2340B 2434B|   0     0 |  50   241 |02-12 20:13:52
  0   0 100   0   0   0|   0     0 |5674B 3070B|   0     0 |  27    68 |02-12 20:13:53
  0   0 100   0   0   0|   0     0 |   0    66B|   0     0 |  23    37 |02-12 20:13:54
  0   0 100   0   0   0|   0    52k|   0    66B|   0     0 |  27    52 |02-12 20:13:55
  1   0  99   0   0   0|   0    16k|5488B 2782B|   0     0 |  35   114 |02-12 20:13:56
  0   0 100   0   0   0|   0     0 |   0     0 |   0     0 |  22    51 |02-12 20:13:57
  0   0 100   0   0   0|   0     0 |   0     0 |   0     0 |  24    45 |02-12 20:13:58
  0   0 100   0   0   0|   0     0 |5422B 2782B|   0     0 |  28    68 |02-12 20:13:59
  0   0 100   0   0   0|   0     0 |   0     0 |   0     0 |  23    47 |02-12 20:14:00
  0   0 100   0   0   0|   0     0 |   0     0 |   0     0 |  39    85 |02-12 20:14:01
  1   0  99   0   0   0|   0     0 |5102B 1660B|   0     0 |  27    56 |02-12 20:14:02
  0   0 100   0   0   0|   0     0 | 320B 1122B|   0     0 |  19    38 |02-12 20:14:03
  0   0 100   0   0   0|   0     0 |   0     0 |   0     0 |  24    43 |02-12 20:14:04
  0   0 100   0   0   0|   0     0 |2112B 2112B|   0     0 |  26    51 |02-12 20:14:05
  1   0  99   0   0   0|   0     0 |5422B 2782B|   0     0 |  41   108 |02-12 20:14:06
  1   0  99   0   0   0|   0     0 |3827B 3467B|   0     0 |  34    93 |02-12 20:14:07
  0   0 100   0   0   0|   0     0 | 310B  640B|   0     0 |  25    45 |02-12 20:14:08
  1   0  99   0   0   0|   0     0 |5666B 3068B|   0     0 |  35    89 |02-12 20:14:09
  7   4  90   0   0   0|   0     0 |1156B  492B|   0     0 | 183   510 |02-12 20:14:10
  0   1 100   0   0   0|   0     0 | 244B 1116B|   0     0 |  34    88 |02-12 20:14:11
  1   1  98   0   0   0|   0     0 |6680B 3360B|   0     0 |  54   268 |02-12 20:14:12
  0   0 100   0   0   0|   0     0 | 126B  144B|   0     0 |  23    45 |02-12 20:14:13
  0   0 100   0   0   0|   0     0 |  66B  252B|   0     0 |  25    58 |02-12 20:14:14
  1   0  99   0   0   0|   0     0 |5524B 2974B|   0     0 |  28    74 |02-12 20:14:15
  0   0 100   0   0   0|   0     0 |   0     0 |   0     0 |  36    78 |02-12 20:14:16
  0   0 100   0   0   0|   0  4096B|   0     0 |   0     0 |  25    47 |02-12 20:14:17
  1   0 100   0   0   0|   0     0 |5422B 2782B|   0     0 |  25    70 |02-12 20:14:18
  0   0 100   0   0   0|   0     0 |   0     0 |   0     0 |  25    43 |02-12 20:14:19
  0   0 100   0   0   0|   0     0 |   0     0 |   0     0 |  24    47 |02-12 20:14:20
  1   1  99   0   0   0|   0     0 |5422B 2782B|   0     0 |  37   111 |02-12 20:14:21
  0   0 100   0   0   0|   0     0 |   0     0 |   0     0 |  24    41 |02-12 20:14:22
  0   0 100   0   0   0|   0     0 |   0     0 |   0     0 |  23    36 |02-12 20:14:23
  0   0 100   0   0   0|   0     0 |5422B 2782B|   0     0 |  25    73 |02-12 20:14:24
  0   0 100   0   0   0|   0     0 |   0     0 |   0     0 |  24    36 |02-12 20:14:25
  0   1  99   0   0   0|   0    28k|   0     0 |   0     0 |  37    89 |02-12 20:14:26
  1   1  99   0   0   0|   0    52k|5422B 2782B|   0     0 |  26    85 |02-12 20:14:27
  0   0 100   0   0   0|   0     0 |   0     0 |   0     0 |  22    44 |02-12 20:14:28
  0   1 100   0   0   0|   0     0 |1715B 1355B|   0     0 |  34    83 |02-12 20:14:29
 12   2  87   0   0   0|   0     0 |7196B 5194B|   0     0 | 196   552 |02-12 20:14:30
