[7l----total-cpu-usage---- -dsk/total- -net/total- ---paging-- ---system-- ----system----
usr sys idl wai hiq siq| read  writ| recv  send|  in   out | int   csw |     time     
  2   3  93   0   0   2|  24k   67k|   0     0 |   0     0 | 465  1790 |02-12 19:55:58
  0   0 100   0   0   0|   0     0 | 102B   66B|   0     0 |  22    49 |02-12 19:55:59
  1   0 100   0   0   0|   0     0 |5422B 2782B|   0     0 |  27    70 |02-12 19:56:00
  0   0 100   0   0   0|   0     0 |   0     0 |   0     0 |  18    28 |02-12 19:56:01
  1   0  99   0   0   0|   0     0 |   0     0 |   0     0 |  34    94 |02-12 19:56:02
  1   0  99   0   0   0|   0     0 |5422B 2782B|   0     0 |  26    68 |02-12 19:56:03
  0   1 100   0   0   0|   0     0 |   0     0 |   0     0 |  24    50 |02-12 19:56:04
  0   0 100   0   0   0|   0  8192B|   0     0 |   0     0 |  23    49 |02-12 19:56:05
  1   1  98   0   0   0|   0     0 |7575B 4875B|   0     0 |  40   130 |02-12 19:56:06
  8   5  87   0   0   0|   0     0 |  12k  275k|   0     0 | 199   603 |02-12 19:56:07
  3   5  87   3   0   3|   0    56k| 351k   10M|   0     0 | 870  3658 |02-12 19:56:08
  3   6  87   0   0   4|   0     0 | 409k   12M|   0     0 |1009  4019 |02-12 19:56:09
  3   5  87   0   0   5|   0     0 | 421k   12M|   0     0 | 989  3801 |02-12 19:56:10
  3   5  89   0   0   4|   0     0 | 426k   12M|   0     0 | 962  3741 |02-12 19:56:11
  5   7  85   0   0   4|   0     0 | 416k   12M|   0     0 | 947  3711 |02-12 19:56:12
  4   5  88   0   0   4|   0     0 | 426k   12M|   0     0 | 947  3746 |02-12 19:56:13
  2   5  90   0   0   4|   0     0 | 425k   12M|   0     0 | 999  4015 |02-12 19:56:14
  5   6  85   0   0   5|   0  8192B| 431k   12M|   0     0 |1023  3943 |02-12 19:56:15
  4   4  89   0   0   4|   0     0 | 407k   12M|   0     0 | 952  3783 |02-12 19:56:16
  4   5  85   0   0   6|   0     0 | 426k   12M|   0     0 | 961  3820 |02-12 19:56:17
  3   6  89   0   0   3|   0     0 | 400k   12M|   0     0 | 859  3598 |02-12 19:56:18
  5   5  87   0   0   4|   0     0 | 406k   12M|   0     0 | 944  3791 |02-12 19:56:19
  4   5  87   0   0   4|   0     0 | 442k   13M|   0     0 |1025  3953 |02-12 19:56:20
  5   5  86   0   0   5|   0     0 | 417k   12M|   0     0 | 942  3728 |02-12 19:56:21
  3   5  89   0   0   4|   0     0 | 409k   12M|   0     0 | 954  3839 |02-12 19:56:22
  3   5  89   0   0   3|   0     0 | 406k   12M|   0     0 | 902  3418 |02-12 19:56:23
  4   4  86   0   0   7|   0     0 | 432k   12M|   0     0 | 984  3767 |02-12 19:56:24
  4   6  86   0   0   4|   0     0 | 411k   12M|   0     0 | 904  3605 |02-12 19:56:25
  3   5  89   0   0   4|   0     0 | 434k   13M|   0     0 | 959  3681 |02-12 19:56:26
  5   6  86   0   0   4|   0     0 | 424k   12M|   0     0 | 846  3393 |02-12 19:56:27
  4   5  88   0   0   4|   0     0 | 403k   12M|   0     0 | 828  3748 |02-12 19:56:28
  3   6  88   0   0   4|   0     0 | 424k   12M|   0     0 | 916  3785 |02-12 19:56:29
  4   5  86   0   0   5|   0     0 | 437k   13M|   0     0 | 906  3824 |02-12 19:56:30
  4   5  87   0   0   4|   0  4096B| 403k   12M|   0     0 | 901  3617 |02-12 19:56:31
  5   5  88   0   0   3|   0     0 | 440k   13M|   0     0 | 903  3905 |02-12 19:56:32
  4   7  84   0   0   6|   0     0 | 427k   12M|   0     0 | 928  3671 |02-12 19:56:33
  4   6  86   0   0   4|   0     0 | 423k   12M|   0     0 | 953  3774 |02-12 19:56:34
  3   5  88   0   0   4|   0     0 | 432k   13M|   0     0 | 918  3719 |02-12 19:56:35
  3   8  85   0   0   5|   0     0 | 438k   13M|   0     0 | 865  3577 |02-12 19:56:36
  5   5  87   0   0   4|   0     0 | 421k   12M|   0     0 | 992  3854 |02-12 19:56:37
  3   6  87   2   0   3|   0    40k| 416k   12M|   0     0 | 896  3692 |02-12 19:56:38
  4   6  85   0   0   5|   0     0 | 436k   13M|   0     0 | 997  3884 |02-12 19:56:39
  3   8  85   0   0   4|   0     0 | 435k   13M|   0     0 | 942  3689 |02-12 19:56:40
  4   6  85   0   0   5|   0    80k| 428k   12M|   0     0 | 979  3838 |02-12 19:56:41
  4   6  85   0   0   5|   0     0 | 429k   12M|   0     0 | 940  3813 |02-12 19:56:42
  4   6  86   0   0   4|   0     0 | 432k   13M|   0     0 | 961  3781 |02-12 19:56:43
  4   5  87   0   0   4|   0     0 | 405k   12M|   0     0 | 890  3503 |02-12 19:56:44
  4   8  84   0   0   4|   0     0 | 433k   13M|   0     0 |1009  4043 |02-12 19:56:45
  4   4  89   0   0   3|   0     0 | 421k   12M|   0     0 | 970  3801 |02-12 19:56:46
  3   6  88   0   0   3|   0     0 | 416k   12M|   0     0 | 935  3622 |02-12 19:56:47
  2   6  88   0   0   4|   0     0 | 420k   12M|   0     0 | 995  3785 |02-12 19:56:48
  3   5  89   0   0   3|   0     0 | 413k   12M|   0     0 | 912  3675 |02-12 19:56:49
  3   5  89   0   0   3|   0     0 | 410k   12M|   0     0 | 911  3626 |02-12 19:56:50
  3   5  89   0   0   4|   0     0 | 424k   12M|   0     0 | 926  3560 |02-12 19:56:51
  4   6  86   0   0   4|   0     0 | 434k   13M|   0     0 |1024  3930 |02-12 19:56:52
  4   6  86   0   0   5|   0     0 | 412k   12M|   0     0 | 941  3627 |02-12 19:56:53
  5   6  85   0   0   4|   0     0 | 424k   12M|   0     0 |1039  3867 |02-12 19:56:54
  4   5  88   0   0   4|   0     0 | 433k   13M|   0     0 | 984  3930 |02-12 19:56:55
  3   6  86   0   0   5|   0     0 | 420k   12M|   0     0 | 983  3898 |02-12 19:56:56
  2   7  86   0   0   5|   0     0 | 421k   12M|   0     0 | 912  3681 |02-12 19:56:57
  5   6  84   0   0   5|   0     0 | 432k   12M|   0     0 | 947  3721 |02-12 19:56:58
  2   4  90   0   0   4|   0     0 | 404k   12M|   0     0 | 881  3677 |02-12 19:56:59
  4   5  86   0   0   5|   0     0 | 421k   12M|   0     0 | 935  3560 |02-12 19:57:00
  3   7  87   0   0   3|   0     0 | 428k   12M|   0     0 | 965  3801 |02-12 19:57:01
  2   5  89   0   0   4|   0     0 | 426k   12M|   0     0 | 895  3778 |02-12 19:57:02
  3   5  88   0   0   4|   0     0 | 408k   12M|   0     0 | 916  3896 |02-12 19:57:03
  3   5  84   0   0   7|   0     0 | 432k   12M|   0     0 | 921  3673 |02-12 19:57:04
  4   6  87   0   0   4|   0     0 | 408k   12M|   0     0 | 923  3607 |02-12 19:57:05
  3   5  89   0   0   4|   0  8192B| 407k   12M|   0     0 | 949  3605 |02-12 19:57:06
  4   4  89   0   0   3|   0     0 | 366k   10M|   0     0 | 836  3317 |02-12 19:57:07
  1   1  96   3   0   0|   0    56k|4518B 4546B|   0     0 |  64   285 |02-12 19:57:08
  0   1 100   0   0   0|   0     0 |   0     0 |   0     0 |  22    45 |02-12 19:57:09
  0   0 100   0   0   0|   0     0 |5422B 2782B|   0     0 |  29    69 |02-12 19:57:10
  0   0 100   0   0   0|   0     0 |   0     0 |   0     0 |  25    39 |02-12 19:57:11
  0   0 100   0   0   0|   0    16k|   0     0 |   0     0 |  23    39 |02-12 19:57:12
  1   1  99   0   0   0|   0     0 |5422B 2782B|   0     0 |  35   101 |02-12 19:57:13
  0   0 100   0   0   0|   0     0 |   0     0 |   0     0 |  24    42 |02-12 19:57:14
  0   0 100   0   0   0|   0     0 |2112B 2112B|   0     0 |  23    35 |02-12 19:57:15
  1   0 100   0   0   0|   0     0 |5422B 2782B|   0     0 |  26    67 |02-12 19:57:16
  1   1  99   0   0   0|   0     0 |4265B 4205B|   0     0 |  32    97 |02-12 19:57:17
  8   4  88   0   0   0|   0     0 |1468B 1784B|   0     0 | 201   566 |02-12 19:57:18
  2   1  98   0   0   0|   0     0 |6812B 3426B|   0     0 |  58   269 |02-12 19:57:19
  0   1 100   0   0   0|   0     0 |   0     0 |   0     0 |  24    44 |02-12 19:57:20
  0   0 100   0   0   0|   0     0 |   0     0 |   0     0 |  25    44 |02-12 19:57:21
  1   0  99   0   0   0|   0     0 |5422B 2782B|   0     0 |  24    64 |02-12 19:57:22
  0   1 100   0   0   0|   0     0 |   0     0 |   0     0 |  36    75 |02-12 19:57:23
  1   0 100   0   0   0|   0     0 |   0     0 |   0     0 |  23    36 |02-12 19:57:24
  0   1 100   0   0   0|   0     0 |5422B 2782B|   0     0 |  25    83 |02-12 19:57:25
  0   0 100   0   0   0|   0     0 |   0     0 |   0     0 |  26    48 |02-12 19:57:26
  0   0 100   0   0   0|   0     0 |   0     0 |   0     0 |  26    56 |02-12 19:57:27
  1   1  99   0   0   0|   0     0 |5844B 3494B|   0     0 |  37   119 |02-12 19:57:28
  0   0 100   0   0   0|   0     0 |   0     0 |   0     0 |  24    47 |02-12 19:57:29
  0   0 100   0   0   0|   0     0 |   0     0 |   0     0 |  24    37 |02-12 19:57:30
  0   0  99   0   0   0|   0     0 |5422B 2782B|   0     0 |  25    84 |02-12 19:57:31
  0   0 100   0   0   0|   0     0 |   0     0 |   0     0 |  21    36 |02-12 19:57:32
  1   2  98   0   0   0|   0     0 |2678B 5566B|   0     0 |  61   165 |02-12 19:57:33
  1   0 100   0   0   0|   0     0 |5422B 2782B|   0     0 |  24    70 |02-12 19:57:34
  0   0 100   0   0   0|   0     0 |   0     0 |   0     0 |  25    43 |02-12 19:57:35
  0   0 100   0   0   0|   0     0 |   0     0 |   0     0 |  26    47 |02-12 19:57:36
  1   0 100   0   0   0|   0  8192B|5422B 2782B|   0     0 |  26    83 |02-12 19:57:37
  1   1  98   0   0   0|   0     0 |1895B 1851B|   0     0 |  52   124 |02-12 19:57:38
  9   3  87   1   0   0|   0    52k|1726B 1916B|   0     0 | 192   558 |02-12 19:57:39
  5   6  83   0   0   7|   0     0 | 476k   14M|   0     0 |1010  4073 |02-12 19:57:40
  5   5  86   0   0   5|   0     0 | 422k   12M|   0     0 |1068  4281 |02-12 19:57:41
  3   4  88   0   0   5|   0    56k| 406k   12M|   0     0 | 972  3762 |02-12 19:57:42
  4   4  88   0   0   4|   0     0 | 431k   12M|   0     0 | 990  3967 |02-12 19:57:43
  2   5  89   0   0   4|   0     0 | 418k   12M|   0     0 | 891  3562 |02-12 19:57:44
  6   5  85   0   0   4|   0     0 | 417k   12M|   0     0 | 976  3646 |02-12 19:57:45
  3   4  89   0   0   4|   0     0 | 420k   12M|   0     0 | 859  3613 |02-12 19:57:46
  4   5  86   0   0   6|   0     0 | 422k   12M|   0     0 | 829  3564 |02-12 19:57:47
  5   7  85   0   0   5|   0     0 | 421k   12M|   0     0 | 878  3700 |02-12 19:57:48
  3   5  87   0   0   5|   0     0 | 405k   12M|   0     0 | 761  3242 |02-12 19:57:49
  2   6  87   0   0   5|   0     0 | 419k   12M|   0     0 | 858  3492 |02-12 19:57:50
  4   5  87   0   0   5|   0     0 | 414k   12M|   0     0 | 838  3453 |02-12 19:57:51
  3   6  85   0   0   6|   0  4096B| 429k   12M|   0     0 |1017  4169 |02-12 19:57:52
  4   4  88   0   0   4|   0     0 | 420k   12M|   0     0 | 954  3887 |02-12 19:57:53
  2   4  91   0   0   3|   0     0 | 395k   12M|   0     0 | 858  3436 |02-12 19:57:54
  4   6  88   0   0   3|   0     0 | 422k   12M|   0     0 | 917  3575 |02-12 19:57:55
  4   6  86   0   0   5|   0     0 | 434k   13M|   0     0 | 953  3795 |02-12 19:57:56
  3   6  87   0   0   5|   0     0 | 414k   12M|   0     0 | 947  3704 |02-12 19:57:57
  5   5  86   0   0   4|   0     0 | 427k   12M|   0     0 | 915  3741 |02-12 19:57:58
  3   6  87   0   0   4|   0     0 | 420k   12M|   0     0 | 898  3539 |02-12 19:57:59
  3   6  85   0   0   5|   0     0 | 420k   12M|   0     0 | 959  3801 |02-12 19:58:00
  3   7  85   0   0   5|   0     0 | 419k   12M|   0     0 |1039  3933 |02-12 19:58:01
  3   6  86   0   0   5|   0     0 | 430k   12M|   0     0 | 973  3998 |02-12 19:58:02
  3   6  87   0   0   4|   0     0 | 402k   12M|   0     0 | 937  3897 |02-12 19:58:03
  4   5  86   0   0   5|   0     0 | 449k   13M|   0     0 | 932  3971 |02-12 19:58:04
  3   5  87   0   0   6|   0     0 | 445k   13M|   0     0 | 890  3742 |02-12 19:58:05
  4   4  88   0   0   5|   0     0 | 399k   12M|   0     0 | 818  3207 |02-12 19:58:06
  2   5  88   0   0   5|   0     0 | 398k   12M|   0     0 | 910  3752 |02-12 19:58:07
  4   7  84   0   0   4|   0  4096B| 420k   12M|   0     0 | 889  3522 |02-12 19:58:08
  4   5  88   0   0   3|   0     0 | 403k   12M|   0     0 | 921  3551 |02-12 19:58:09
  4   6  86   2   0   3|   0    36k| 423k   12M|   0     0 | 912  3732 |02-12 19:58:10
  4   7  83   0   0   5|   0     0 | 436k   13M|   0     0 | 987  3938 |02-12 19:58:11
  3   6  87   0   0   5|   0     0 | 430k   13M|   0     0 | 922  3619 |02-12 19:58:12
  3   4  86   0   0   7|   0    16k| 451k   13M|   0     0 | 978  4015 |02-12 19:58:13
  4   5  86   0   0   5|   0     0 | 419k   12M|   0     0 | 942  3757 |02-12 19:58:14
  4   5  87   0   0   4|   0     0 | 422k   12M|   0     0 | 932  3679 |02-12 19:58:15
  4   6  87   0   0   4|   0     0 | 409k   12M|   0     0 | 892  3719 |02-12 19:58:16
  4   6  88   0   0   3|   0     0 | 423k   12M|   0     0 | 905  3696 |02-12 19:58:17
  4   8  85   0   0   4|   0     0 | 402k   12M|   0     0 | 873  3544 |02-12 19:58:18
  3   5  88   0   0   5|   0     0 | 413k   12M|   0     0 | 913  3662 |02-12 19:58:19
  5   6  85   0   0   4|   0     0 | 430k   12M|   0     0 | 903  3603 |02-12 19:58:20
  4   5  87   0   0   5|   0     0 | 417k   12M|   0     0 | 871  3488 |02-12 19:58:21
  4   6  88   0   0   3|   0     0 | 416k   12M|   0     0 | 992  3964 |02-12 19:58:22
  5   6  84   0   0   5|   0     0 | 438k   13M|   0     0 | 948  3832 |02-12 19:58:23
  3   6  86   0   0   5|   0     0 | 408k   12M|   0     0 | 938  3767 |02-12 19:58:24
  3   5  88   0   0   4|   0     0 | 436k   13M|   0     0 | 968  3830 |02-12 19:58:25
  4   5  88   0   0   3|   0     0 | 425k   12M|   0     0 | 869  3639 |02-12 19:58:26
  3   5  88   0   0   4|   0     0 | 416k   12M|   0     0 | 896  3811 |02-12 19:58:27
  2   4  88   0   0   5|   0     0 | 434k   13M|   0     0 | 969  4005 |02-12 19:58:28
  4   6  85   0   0   6|   0     0 | 418k   12M|   0     0 | 939  3946 |02-12 19:58:29
  4   4  88   0   0   5|   0     0 | 408k   12M|   0     0 | 881  3672 |02-12 19:58:30
  4   5  88   0   0   4|   0     0 | 420k   12M|   0     0 | 941  3974 |02-12 19:58:31
  4   4  88   0   0   4|   0     0 | 418k   12M|   0     0 | 957  3990 |02-12 19:58:32
  3   5  88   0   0   5|   0     0 | 421k   12M|   0     0 | 923  3768 |02-12 19:58:33
  4   4  89   0   0   3|   0     0 | 397k   12M|   0     0 | 827  3524 |02-12 19:58:34
  4   4  87   0   0   5|   0     0 | 431k   12M|   0     0 | 918  3783 |02-12 19:58:35
  3   5  88   0   0   5|   0     0 | 414k   12M|   0     0 | 831  3523 |02-12 19:58:36
  4   6  86   0   0   4|   0     0 | 411k   12M|   0     0 | 966  3983 |02-12 19:58:37
  5   6  84   0   0   5|   0     0 | 420k   12M|   0     0 | 880  3688 |02-12 19:58:38
  4   5  89   0   0   3|   0  8192B| 478k   14M|   0     0 | 940  3827 |02-12 19:58:39
  1   2  97   1   0   0|   0    44k|  99k 2830k|   0     0 | 203   833 |02-12 19:58:40
  1   1  98   0   0   0|   0     0 |9940B 7328B|   0     0 |  49   314 |02-12 19:58:41
  0   0 100   0   0   0|   0     0 |   0     0 |   0     0 |  27    41 |02-12 19:58:42
  1   1  99   0   0   0|   0     0 |   0     0 |   0     0 |  34    77 |02-12 19:58:43
  0   1  99   0   0   0|   0    64k|5422B 2782B|   0     0 |  24    76 |02-12 19:58:44
  0   0 100   0   0   0|   0     0 | 168B  192B|   0     0 |  24    47 |02-12 19:58:45
  0   0 100   0   0   0|   0     0 |   0     0 |   0     0 |  18    31 |02-12 19:58:46
  0   0  99   0   0   0|   0     0 |5422B 2782B|   0     0 |  19    64 |02-12 19:58:47
  0   1  99   0   0   0|   0     0 |2112B 2112B|   0     0 |  33    72 |02-12 19:58:48
  0   0 100   0   0   0|   0     0 |   0     0 |   0     0 |  24    40 |02-12 19:58:49
  2   1  98   0   0   0|   0     0 |9689B 7097B|   0     0 |  53   149 |02-12 19:58:50
  8   5  86   0   0   1|   0     0 |2990B 2572B|   0     0 | 204   687 |02-12 19:58:51
  0   0 100   0   0   0|   0     0 |   0     0 |   0     0 |  23    47 |02-12 19:58:52
  1   1  99   0   0   0|   0     0 |5422B 2782B|   0     0 |  39   104 |02-12 19:58:53
  0   0 100   0   0   0|   0     0 |   0     0 |   0     0 |  21    44 |02-12 19:58:54
  0   0 100   0   0   0|   0     0 |   0     0 |   0     0 |  23    42 |02-12 19:58:55
  0   1 100   0   0   0|   0     0 |5422B 2782B|   0     0 |  32    83 |02-12 19:58:56
  1   0 100   0   0   0|   0     0 |   0     0 |   0     0 |  23    59 |02-12 19:58:57
  0   1 100   0   0   0|   0     0 |   0     0 |   0     0 |  34    76 |02-12 19:58:58
  1   0 100   0   0   0|   0     0 |5422B 2782B|   0     0 |  24    72 |02-12 19:58:59
  0   0 100   0   0   0|   0     0 |   0     0 |   0     0 |  23    37 |02-12 19:59:00
  0   0 100   0   0   0|   0     0 |   0     0 |   0     0 |  23    45 |02-12 19:59:01
  0   0 100   0   0   0|   0     0 |5422B 2782B|   0     0 |  25    68 |02-12 19:59:02
  0   0  99   0   0   0|   0     0 |   0     0 |   0     0 |  30    65 |02-12 19:59:03
  0   1 100   0   0   0|   0     0 |   0     0 |   0     0 |  22    46 |02-12 19:59:04
  0   0 100   0   0   0|   0     0 |5168B 2716B|   0     0 |  23    57 |02-12 19:59:05
  0   0 100   0   0   0|   0     0 | 254B   66B|   0     0 |  23    50 |02-12 19:59:06
  0   1  99   0   0   0|   0     0 |1715B 1289B|   0     0 |  32    71 |02-12 19:59:07
  8   4  87   0   0   1|   0     0 |  13k  292k|   0     0 | 203   604 |02-12 19:59:08
  4   4  88   0   0   4|   0     0 | 386k   11M|   0     0 | 929  3846 |02-12 19:59:09
  3   4  87   2   0   5|   0    40k| 406k   12M|   0     0 | 971  3958 |02-12 19:59:10
  4   6  87   0   0   4|   0     0 | 424k   12M|   0     0 | 941  3778 |02-12 19:59:11
  5   4  86   0   0   5|   0     0 | 441k   13M|   0     0 | 983  3836 |02-12 19:59:12
  3   5  86   0   0   6|   0     0 | 436k   13M|   0     0 | 960  3908 |02-12 19:59:13
  5   5  86   0   0   4|   0    12k| 411k   12M|   0     0 | 927  3598 |02-12 19:59:14
  4   5  87   0   0   4|   0     0 | 452k   13M|   0     0 |1040  4016 |02-12 19:59:15
  3   5  88   0   0   4|   0     0 | 413k   12M|   0     0 | 966  3808 |02-12 19:59:16
  3   3  89   0   0   5|   0     0 | 424k   12M|   0     0 | 972  3798 |02-12 19:59:17
  3   4  90   0   0   3|   0     0 | 425k   12M|   0     0 | 958  3863 |02-12 19:59:18
  3   7  86   0   0   4|   0     0 | 423k   12M|   0     0 | 949  3814 |02-12 19:59:19
  2   4  91   0   0   3|   0     0 | 418k   12M|   0     0 | 871  3681 |02-12 19:59:20
  4   4  88   0   0   5|   0     0 | 427k   12M|   0     0 | 865  3655 |02-12 19:59:21
  3   6  87   0   0   4|   0     0 | 418k   12M|   0     0 | 845  3674 |02-12 19:59:22
  4   6  87   0   0   4|   0     0 | 430k   13M|   0     0 | 896  3822 |02-12 19:59:23
  4   5  88   0   0   3|   0     0 | 415k   12M|   0     0 | 858  3457 |02-12 19:59:24
  4   3  90   0   0   3|   0  4096B| 446k   13M|   0     0 | 928  3656 |02-12 19:59:25
  5   5  85   0   0   5|   0     0 | 437k   13M|   0     0 | 966  3935 |02-12 19:59:26
  5   5  85   0   0   6|   0     0 | 434k   13M|   0     0 | 909  3793 |02-12 19:59:27
  4   7  84   0   0   4|   0     0 | 434k   13M|   0     0 | 915  3839 |02-12 19:59:28
  4   4  88   0   0   4|   0     0 | 412k   12M|   0     0 | 831  3556 |02-12 19:59:29
  4   6  87   0   0   4|   0     0 | 427k   12M|   0     0 | 934  3764 |02-12 19:59:30
  3   6  88   0   0   4|   0     0 | 420k   12M|   0     0 | 930  3858 |02-12 19:59:31
  5   7  85   0   0   4|   0     0 | 443k   13M|   0     0 | 999  4068 |02-12 19:59:32
  5   5  86   0   0   4|   0     0 | 462k   13M|   0     0 |1041  4018 |02-12 19:59:33
  3   6  87   0   0   5|   0     0 | 427k   12M|   0     0 | 954  3790 |02-12 19:59:34
  3   6  86   0   0   5|   0     0 | 432k   13M|   0     0 |1027  3907 |02-12 19:59:35
  3   6  86   0   0   5|   0     0 | 437k   13M|   0     0 | 953  3688 |02-12 19:59:36
  3   7  87   0   0   4|   0     0 | 431k   13M|   0     0 | 914  3902 |02-12 19:59:37
  5   6  84   0   0   6|   0     0 | 437k   13M|   0     0 | 984  3777 |02-12 19:59:38
  3   5  88   0   0   5|   0     0 | 435k   13M|   0     0 | 863  3616 |02-12 19:59:39
  4   4  87   2   0   3|   0    56k| 443k   13M|   0     0 | 963  3829 |02-12 19:59:40
  5   6  85   0   0   4|   0     0 | 444k   13M|   0     0 | 959  3820 |02-12 19:59:41
  3   5  88   0   0   4|   0     0 | 442k   13M|   0     0 | 889  3751 |02-12 19:59:42
  3   6  86   0   0   6|   0     0 | 453k   13M|   0     0 | 999  3824 |02-12 19:59:43
  4   5  87   0   0   5|   0     0 | 414k   12M|   0     0 | 992  3638 |02-12 19:59:44
  3   6  88   0   0   3|   0    52k| 448k   13M|   0     0 |1051  4079 |02-12 19:59:45
  3   5  88   0   0   4|   0     0 | 420k   12M|   0     0 | 915  3690 |02-12 19:59:46
  4   6  86   0   0   4|   0     0 | 422k   12M|   0     0 | 901  3675 |02-12 19:59:47
  4   5  88   0   0   4|   0     0 | 424k   12M|   0     0 | 947  3760 |02-12 19:59:48
  3   7  86   0   0   5|   0     0 | 429k   13M|   0     0 | 886  3537 |02-12 19:59:49
  4   4  88   0   0   4|   0     0 | 420k   12M|   0     0 | 864  3604 |02-12 19:59:50
  5   4  88   0   0   4|   0     0 | 420k   12M|   0     0 | 866  3714 |02-12 19:59:51
  4   5  86   0   0   5|   0     0 | 433k   13M|   0     0 | 924  3967 |02-12 19:59:52
  4   5  87   0   0   5|   0     0 | 421k   12M|   0     0 | 894  3666 |02-12 19:59:53
  4   6  87   0   0   4|   0     0 | 442k   13M|   0     0 | 936  3966 |02-12 19:59:54
  4   6  86   0   0   4|   0     0 | 426k   12M|   0     0 | 921  3664 |02-12 19:59:55
  4   4  88   0   0   4|   0     0 | 417k   12M|   0     0 | 875  3652 |02-12 19:59:56
  5   5  87   0   0   4|   0     0 | 435k   13M|   0     0 | 916  3751 |02-12 19:59:57
  4   5  88   0   0   3|   0     0 | 431k   13M|   0     0 | 924  3648 |02-12 19:59:58
  3   4  89   0   0   4|   0     0 | 403k   12M|   0     0 | 895  3580 |02-12 19:59:59
  5   4  87   0   0   4|   0     0 | 414k   12M|   0     0 | 922  3654 |02-12 20:00:00
  4   6  86   0   0   4|   0     0 | 433k   13M|   0     0 | 929  3613 |02-12 20:00:01
  4   4  88   0   0   5|   0     0 | 415k   12M|   0     0 | 999  3777 |02-12 20:00:02
  4   5  88   0   0   3|   0     0 | 432k   12M|   0     0 |1030  3697 |02-12 20:00:03
  3   6  88   0   0   4|   0     0 | 442k   13M|   0     0 |1003  3849 |02-12 20:00:04
  3   6  85   0   0   6|   0     0 | 433k   13M|   0     0 | 874  3817 |02-12 20:00:05
  3   5  88   0   0   5|   0     0 | 456k   13M|   0     0 | 901  3847 |02-12 20:00:06
  3   6  87   0   0   4|   0     0 | 445k   13M|   0     0 | 965  3846 |02-12 20:00:07
  2   4  92   0   0   3|   0     0 | 317k 9364k|   0     0 | 674  2806 |02-12 20:00:08
  1   1  99   0   0   0|   0     0 |9874B 7328B|   0     0 |  46   241 |02-12 20:00:09
  0   0 100   0   0   0|   0     0 |  66B    0 |   0     0 |  23    43 |02-12 20:00:10
  0   1  98   2   0   0|   0    32k|   0     0 |   0     0 |  20    52 |02-12 20:00:11
  0   0 100   0   0   0|   0     0 |5422B 2782B|   0     0 |  31    91 |02-12 20:00:12
  0   1 100   0   0   0|   0     0 |   0     0 |   0     0 |  35    91 |02-12 20:00:13
  0   0 100   0   0   0|   0     0 |   0     0 |   0     0 |  18    24 |02-12 20:00:14
  0   1 100   0   0   0|   0     0 |5422B 2782B|   0     0 |  21    55 |02-12 20:00:15
  0   0 100   0   0   0|   0  8192B|2112B 2112B|   0     0 |  23    45 |02-12 20:00:16
  0   0 100   0   0   0|   0     0 |   0     0 |   0     0 |  24    55 |02-12 20:00:17
  2   1  97   0   0   0|   0     0 |9687B 6987B|   0     0 |  46   155 |02-12 20:00:18
  7   4  90   0   0   0|   0     0 |1534B 1894B|   0     0 | 177   504 |02-12 20:00:19
  1   1  98   0   0   0|   0     0 |1324B  644B|   0     0 |  42   190 |02-12 20:00:20
  1   0  99   0   0   0|   0     0 |5422B 2782B|   0     0 |  24    75 |02-12 20:00:21
  0   0 100   0   0   0|   0     0 |   0     0 |   0     0 |  18    40 |02-12 20:00:22
  1   0  99   0   0   0|   0     0 |   0     0 |   0     0 |  33    72 |02-12 20:00:23
  0   0 100   0   0   0|   0     0 |   0     0 |   0     0 |  24    45 |02-12 20:00:24
  0   0  99   0   0   0|   0     0 |5422B 2782B|   0     0 |  24    86 |02-12 20:00:25
  0   0 100   0   0   0|   0     0 |   0     0 |   0     0 |  24    44 |02-12 20:00:26
  0   0 100   0   0   0|   0     0 |   0     0 |   0     0 |  24    56 |02-12 20:00:27
  0   1  99   0   0   0|   0     0 |5422B 2782B|   0     0 |  34   107 |02-12 20:00:28
  0   0 100   0   0   0|   0     0 |   0     0 |   0     0 |  18    30 |02-12 20:00:29
  0   1 100   0   0   0|   0     0 |   0     0 |   0     0 |  22    34 |02-12 20:00:30
  0   1 100   0   0   0|   0     0 |5844B 3494B|   0     0 |  21    65 |02-12 20:00:31
  0   0 100   0   0   0|   0     0 |   0     0 |   0     0 |  21    41 |02-12 20:00:32
  0   1 100   0   0   0|   0     0 |   0     0 |   0     0 |  34    78 |02-12 20:00:33
  2   1  98   0   0   0|   0     0 |8100B 8348B|   0     0 |  48   156 |02-12 20:00:34
  0   0 100   0   0   0|   0     0 |   0     0 |   0     0 |  23    41 |02-12 20:00:35
  0   0 100   0   0   0|   0     0 |   0     0 |   0     0 |  24    70 |02-12 20:00:36
  1   0  99   0   0   0|   0     0 |5422B 2782B|   0     0 |  28    79 |02-12 20:00:37
  0   1  99   0   0   0|   0     0 |   0     0 |   0     0 |  35    81 |02-12 20:00:38
  0   0 100   0   0   0|   0     0 |   0     0 |   0     0 |  21    36 |02-12 20:00:39
  0   1 100   0   0   0|   0     0 |5422B 2782B|   0     0 |  22    77 |02-12 20:00:40
  1   0  97   3   0   0|   0    76k|   0     0 |   0     0 |  28   149 |02-12 20:00:41
  0   0 100   0   0   0|   0     0 | 140B   74B|   0     0 |  20    37 |02-12 20:00:42
  1   1  97   0   0   1|   0     0 |7435B 4801B|   0     0 |  41   144 |02-12 20:00:43
  9   4  87   0   0   0|   0     0 |  12k  225k|   0     0 | 187   555 |02-12 20:00:44
  5   5  85   0   0   5|   0     0 | 540k   16M|   0     0 |1058  4460 |02-12 20:00:45
  4   6  85   0   0   6|   0     0 | 605k   18M|   0     0 |1006  4196 |02-12 20:00:46
  6   8  82   0   0   4|   0  8192B| 616k   18M|   0     0 |1056  4206 |02-12 20:00:47
  3   9  83   0   0   5|   0     0 | 595k   17M|   0     0 | 961  3745 |02-12 20:00:48
  5   7  81   0   0   7|   0     0 | 629k   18M|   0     0 |1051  3979 |02-12 20:00:49
  5   7  81   0   0   7|   0     0 | 582k   17M|   0     0 | 977  3955 |02-12 20:00:50
  5   7  82   0   0   7|   0     0 | 612k   18M|   0     0 | 983  3854 |02-12 20:00:51
  7   7  81   0   0   5|   0  4096B| 607k   18M|   0     0 |1024  4151 |02-12 20:00:52
  4  10  82   0   0   5|   0     0 | 603k   18M|   0     0 | 993  3899 |02-12 20:00:53
  5   8  82   0   0   5|   0     0 | 598k   18M|   0     0 |1071  4098 |02-12 20:00:54
  6   8  80   0   0   6|   0     0 | 606k   18M|   0     0 |1021  3975 |02-12 20:00:55
  5   8  81   0   0   6|   0     0 | 629k   18M|   0     0 |1051  4323 |02-12 20:00:56
  4   8  84   0   0   4|   0     0 | 603k   18M|   0     0 | 981  3747 |02-12 20:00:57
  5   9  80   0   0   6|   0     0 | 616k   18M|   0     0 | 983  3933 |02-12 20:00:58
  5   7  83   0   0   4|   0     0 | 615k   18M|   0     0 | 990  3938 |02-12 20:00:59
  5   7  81   0   0   7|   0     0 | 609k   18M|   0     0 | 994  3898 |02-12 20:01:00
  5   9  82   0   0   5|   0     0 | 619k   18M|   0     0 |1043  4063 |02-12 20:01:01
  3   9  81   0   0   8|   0     0 | 645k   19M|   0     0 |1076  4258 |02-12 20:01:02
  4  11  80   0   0   5|   0     0 | 604k   18M|   0     0 | 923  3765 |02-12 20:01:03
  5   8  83   0   0   5|   0     0 | 604k   18M|   0     0 | 905  3857 |02-12 20:01:04
  5   7  84   0   0   5|   0     0 | 603k   18M|   0     0 | 948  3935 |02-12 20:01:05
  5   7  83   0   0   5|   0     0 | 605k   18M|   0     0 | 968  3996 |02-12 20:01:06
  3   9  82   0   0   6|   0     0 | 612k   18M|   0     0 | 996  4287 |02-12 20:01:07
  5   9  82   0   0   4|   0     0 | 598k   17M|   0     0 | 880  3558 |02-12 20:01:08
  7   9  79   0   0   6|   0     0 | 612k   18M|   0     0 | 952  3936 |02-12 20:01:09
  5   8  82   0   0   5|   0     0 | 593k   17M|   0     0 | 940  3724 |02-12 20:01:10
  7   9  79   0   0   5|   0     0 | 631k   18M|   0     0 | 942  3964 |02-12 20:01:11
  3  10  81   3   0   4|   0   116k| 587k   17M|   0     0 | 910  3825 |02-12 20:01:12
  5   9  81   0   0   6|   0     0 | 628k   18M|   0     0 | 957  4043 |02-12 20:01:13
  6   9  78   0   0   7|   0     0 | 626k   18M|   0     0 |1026  4213 |02-12 20:01:14
  4   8  82   0   0   7|   0     0 | 600k   18M|   0     0 | 940  4010 |02-12 20:01:15
  8   6  81   0   0   5|   0     0 | 610k   18M|   0     0 | 964  3949 |02-12 20:01:16
  4   8  82   0   0   6|   0    20k| 621k   18M|   0     0 | 991  4078 |02-12 20:01:17
  5   7  85   0   0   3|   0     0 | 600k   17M|   0     0 | 986  4007 |02-12 20:01:18
  5   7  84   0   0   5|   0     0 | 609k   18M|   0     0 | 971  4126 |02-12 20:01:19
  5   8  82   0   0   5|   0     0 | 595k   17M|   0     0 | 949  3973 |02-12 20:01:20
  4   6  84   0   0   6|   0     0 | 605k   18M|   0     0 | 988  3933 |02-12 20:01:21
  6   9  80   0   0   6|   0  4096B| 606k   18M|   0     0 |1058  4070 |02-12 20:01:22
  4   7  82   0   0   7|   0     0 | 609k   18M|   0     0 | 983  3809 |02-12 20:01:23
  5   7  83   0   0   5|   0     0 | 607k   18M|   0     0 | 864  3529 |02-12 20:01:24
  7   9  78   0   0   5|   0     0 | 624k   18M|   0     0 | 929  3814 |02-12 20:01:25
  6   8  80   0   0   6|   0     0 | 624k   18M|   0     0 | 997  4062 |02-12 20:01:26
  3   7  83   0   0   7|   0     0 | 601k   18M|   0     0 | 954  3940 |02-12 20:01:27
  5   7  83   0   0   6|   0     0 | 596k   17M|   0     0 | 930  3918 |02-12 20:01:28
  6  10  79   0   0   6|   0     0 | 617k   18M|   0     0 | 965  3935 |02-12 20:01:29
  5   7  82   0   0   7|   0     0 | 613k   18M|   0     0 | 933  3870 |02-12 20:01:30
  4   9  82   0   0   5|   0     0 | 596k   17M|   0     0 | 947  3977 |02-12 20:01:31
  5   7  81   0   0   7|   0     0 | 632k   18M|   0     0 | 938  4026 |02-12 20:01:32
  4   8  83   0   0   5|   0     0 | 635k   19M|   0     0 |1043  4258 |02-12 20:01:33
  6  11  79   0   0   4|   0     0 | 609k   18M|   0     0 | 914  3698 |02-12 20:01:34
  4   9  81   0   0   5|   0     0 | 618k   18M|   0     0 | 957  3804 |02-12 20:01:35
  6   8  81   0   0   6|   0     0 | 621k   18M|   0     0 | 952  3962 |02-12 20:01:36
  4   9  81   0   0   6|   0     0 | 623k   18M|   0     0 |1030  4184 |02-12 20:01:37
  5   8  81   0   0   6|   0     0 | 624k   18M|   0     0 | 986  3880 |02-12 20:01:38
  4   7  84   0   0   5|   0     0 | 619k   18M|   0     0 | 992  4062 |02-12 20:01:39
  5   7  82   0   0   6|   0     0 | 599k   18M|   0     0 | 931  3861 |02-12 20:01:40
  6   8  82   0   0   5|   0     0 | 640k   19M|   0     0 |1002  4187 |02-12 20:01:41
  4   9  81   0   0   7|   0     0 | 633k   19M|   0     0 |1051  4186 |02-12 20:01:42
  5   8  42  41   0   4|   0    40k| 599k   18M|   0     0 | 991  4124 |02-12 20:01:43
  5  10  78   0   0   7|   0     0 | 745k   22M|   0     0 | 942  3829 |02-12 20:01:44
  0   0  99   0   0   0|   0     0 |7034B  141k|   0     0 |  54   200 |02-12 20:01:45
  0   1  99   0   0   0|   0     0 |2112B 2112B|   0     0 |  34   132 |02-12 20:01:46
  0   1  99   0   0   0|   0     0 |5422B 2782B|   0     0 |  22    67 |02-12 20:01:47
  0   0 100   0   0   0|   0    16k|   0     0 |   0     0 |  22    42 |02-12 20:01:48
  1   0 100   0   0   0|   0     0 |   0     0 |   0     0 |  34    77 |02-12 20:01:49
  1   1  99   0   0   0|   0     0 |5422B 2782B|   0     0 |  31    69 |02-12 20:01:50
  0   0 100   0   0   0|   0     0 |   0     0 |   0     0 |  23    44 |02-12 20:01:51
  0   1 100   0   0   0|   0     0 |2112B 2112B|   0     0 |  22    36 |02-12 20:01:52
  1   0 100   0   0   0|   0  8192B|5422B 2782B|   0     0 |  25    84 |02-12 20:01:53
  6   3  91   0   0   0|   0     0 |5601B 4873B|   0     0 | 153   414 |02-12 20:01:54
  3   2  96   0   0   0|   0     0 |1522B 1870B|   0     0 |  98   369 |02-12 20:01:55
  0   0  99   0   0   0|   0     0 |5422B 2782B|   0     0 |  24    69 |02-12 20:01:56
  0   0 100   0   0   0|   0     0 |   0     0 |   0     0 |  25    62 |02-12 20:01:57
  0   0 100   0   0   0|   0     0 |   0     0 |   0     0 |  22    45 |02-12 20:01:58
  1   1  99   0   0   0|   0     0 |5524B 2974B|   0     0 |  37   107 |02-12 20:01:59
  0   0 100   0   0   0|   0     0 |   0     0 |   0     0 |  24    51 |02-12 20:02:00
  0   0 100   0   0   0|   0     0 |   0     0 |   0     0 |  23    53 |02-12 20:02:01
  1   1  99   0   0   0|   0     0 |5422B 2782B|   0     0 |  25    84 |02-12 20:02:02
  0   0 100   0   0   0|   0     0 |   0     0 |   0     0 |  24    49 |02-12 20:02:03
  0   1 100   0   0   0|   0     0 |   0     0 |   0     0 |  33    82 |02-12 20:02:04
  0   1 100   0   0   0|   0     0 |5422B 2782B|   0     0 |  24    76 |02-12 20:02:05
  0   0 100   0   0   0|   0     0 |   0     0 |   0     0 |  23    35 |02-12 20:02:06
  0   0 100   0   0   0|   0     0 |   0     0 |   0     0 |  23    51 |02-12 20:02:07
  0   0 100   0   0   0|   0     0 |5422B 2782B|   0     0 |  24    69 |02-12 20:02:08
  0   0  99   0   0   0|   0     0 |   0     0 |   0     0 |  32    76 |02-12 20:02:09
  1   1  99   0   0   0|   0     0 |1829B 1851B|   0     0 |  38   103 |02-12 20:02:10
  3   2  95   0   0   0|   0     0 |7192B 3946B|   0     0 | 119   371 |02-12 20:02:11
  7   5  84   0   0   4|   0     0 | 339k   10M|   0     0 | 599  2448 |02-12 20:02:12
  4   8  82   1   0   5|   0    44k| 691k   20M|   0     0 |1124  4374 |02-12 20:02:13
  5   9  79   0   0   7|   0    52k| 602k   17M|   0     0 | 984  4335 |02-12 20:02:14
  6   6  82   0   0   6|   0     0 | 603k   18M|   0     0 |1006  4080 |02-12 20:02:15
  4   8  83   0   0   6|   0     0 | 568k   17M|   0     0 | 914  3731 |02-12 20:02:16
  6   9  79   0   0   7|   0     0 | 616k   18M|   0     0 | 874  3763 |02-12 20:02:17
  4   7  86   0   0   4|   0     0 | 608k   18M|   0     0 |1014  4055 |02-12 20:02:18
  5   6  83   0   0   6|   0  4096B| 629k   18M|   0     0 |1012  4154 |02-12 20:02:19
  6   7  81   0   0   7|   0     0 | 627k   18M|   0     0 | 933  3978 |02-12 20:02:20
  6   6  83   0   0   5|   0     0 | 580k   17M|   0     0 | 945  3859 |02-12 20:02:21
  4   8  84   0   0   4|   0     0 | 584k   17M|   0     0 | 978  4006 |02-12 20:02:22
  5   8  81   0   0   6|   0     0 | 590k   17M|   0     0 | 988  3940 |02-12 20:02:23
  5   8  83   0   0   4|   0  8192B| 619k   18M|   0     0 | 955  3967 |02-12 20:02:24
  3   6  86   0   0   5|   0     0 | 625k   18M|   0     0 | 960  3799 |02-12 20:02:25
  5   9  80   0   0   5|   0     0 | 559k   16M|   0     0 | 890  3713 |02-12 20:02:26
  6   6  84   0   0   4|   0     0 | 603k   18M|   0     0 | 966  3775 |02-12 20:02:27
  5   7  82   0   0   5|   0     0 | 609k   18M|   0     0 | 984  3941 |02-12 20:02:28
  4   9  81   0   0   7|   0  4096B| 591k   17M|   0     0 | 903  3736 |02-12 20:02:29
  5   9  81   0   0   5|   0     0 | 608k   18M|   0     0 |1014  4098 |02-12 20:02:30
  4   6  84   0   0   5|   0     0 | 579k   17M|   0     0 |1007  3944 |02-12 20:02:31
  5   5  83   0   0   7|   0     0 | 580k   17M|   0     0 | 899  3564 |02-12 20:02:32
  5   8  79   0   0   8|   0     0 | 632k   18M|   0     0 |1048  4104 |02-12 20:02:33
  5   7  83   0   0   4|   0     0 | 591k   17M|   0     0 | 954  3686 |02-12 20:02:34
  4   8  82   0   0   6|   0     0 | 610k   18M|   0     0 | 945  3748 |02-12 20:02:35
  4   7  84   0   0   5|   0     0 | 576k   17M|   0     0 | 896  3437 |02-12 20:02:36
  3   8  83   0   0   6|   0     0 | 608k   18M|   0     0 |1050  4096 |02-12 20:02:37
  5   8  82   0   0   5|   0     0 | 595k   17M|   0     0 | 913  3541 |02-12 20:02:38
  3   7  85   0   0   5|   0     0 | 591k   17M|   0     0 | 960  3708 |02-12 20:02:39
  5  10  80   0   0   6|   0     0 | 600k   18M|   0     0 | 969  3760 |02-12 20:02:40
  6   8  83   0   0   3|   0     0 | 576k   17M|   0     0 | 883  3719 |02-12 20:02:41
  5   8  81   0   0   7|   0     0 | 600k   18M|   0     0 |1006  3927 |02-12 20:02:42
  6   6  78   5   0   6|   0    44k| 602k   18M|   0     0 |1094  4234 |02-12 20:02:43
  4   7  84   0   0   6|   0    16k| 578k   17M|   0     0 | 973  3806 |02-12 20:02:44
  5   6  82   0   0   8|   0     0 | 573k   17M|   0     0 | 955  3941 |02-12 20:02:45
  3   8  84   0   0   5|   0     0 | 594k   17M|   0     0 | 962  3831 |02-12 20:02:46
  6   4  84   0   0   7|   0     0 | 554k   16M|   0     0 | 961  3784 |02-12 20:02:47
  5   8  81   0   0   6|   0     0 | 613k   18M|   0     0 |1002  3993 |02-12 20:02:48
  6   9  80   0   0   5|   0     0 | 636k   19M|   0     0 |1073  4148 |02-12 20:02:49
  5   8  83   0   0   4|   0     0 | 586k   17M|   0     0 | 962  3586 |02-12 20:02:50
  8   8  81   0   0   4|   0     0 | 589k   17M|   0     0 | 947  3637 |02-12 20:02:51
  3   8  83   0   0   6|   0     0 | 588k   17M|   0     0 |1037  4079 |02-12 20:02:52
  4   6  85   0   0   5|   0     0 | 555k   16M|   0     0 | 969  3701 |02-12 20:02:53
  4   9  81   0   0   6|   0     0 | 586k   17M|   0     0 |1013  3910 |02-12 20:02:54
  5   8  82   0   0   5|   0  4096B| 591k   17M|   0     0 | 906  3678 |02-12 20:02:55
  5   7  83   0   0   5|   0     0 | 581k   17M|   0     0 | 961  3700 |02-12 20:02:56
  5   8  81   0   0   6|   0     0 | 643k   19M|   0     0 | 949  3868 |02-12 20:02:57
  5   6  85   0   0   4|   0     0 | 597k   17M|   0     0 | 972  3974 |02-12 20:02:58
  4  10  81   0   0   7|   0     0 | 590k   17M|   0     0 | 918  3808 |02-12 20:02:59
  5  11  81   0   0   4|   0     0 | 599k   17M|   0     0 | 893  3563 |02-12 20:03:00
  4   9  83   0   0   4|   0     0 | 608k   18M|   0     0 | 930  3877 |02-12 20:03:01
  4   8  83   0   0   5|   0     0 | 586k   17M|   0     0 |1022  4147 |02-12 20:03:02
  6   8  82   0   0   5|   0     0 | 574k   17M|   0     0 | 963  3837 |02-12 20:03:03
  5   8  82   0   0   5|   0     0 | 574k   17M|   0     0 | 866  3697 |02-12 20:03:04
  6   9  80   0   0   5|   0     0 | 598k   17M|   0     0 | 937  3768 |02-12 20:03:05
  4   7  83   0   0   6|   0     0 | 563k   16M|   0     0 | 817  3391 |02-12 20:03:06
  4   8  82   0   0   6|   0     0 | 603k   18M|   0     0 |1014  4210 |02-12 20:03:07
  6   8  83   0   0   3|   0     0 | 615k   18M|   0     0 | 931  4000 |02-12 20:03:08
  7   9  79   0   0   5|   0     0 | 595k   17M|   0     0 | 990  3937 |02-12 20:03:09
  6   8  80   0   0   7|   0     0 | 604k   18M|   0     0 | 988  3968 |02-12 20:03:10
  4   6  85   0   0   5|   0     0 | 579k   17M|   0     0 | 926  3903 |02-12 20:03:11
  3   2  95   0   0   1|   0     0 | 230k 6597k|   0     0 | 354  1419 |02-12 20:03:12
  0   1  97   1   0   0|   0    20k|4518B 4546B|   0     0 |  47   221 |02-12 20:03:13
  1   0  99   0   0   0|   0     0 |   0     0 |   0     0 |  33    70 |02-12 20:03:14
  1   0  99   0   0   0|   0    52k|5422B 2782B|   0     0 |  27    76 |02-12 20:03:15
  0   0 100   0   0   0|   0     0 |   0     0 |   0     0 |  24    55 |02-12 20:03:16
  0   0 100   0   0   0|   0     0 |   0     0 |   0     0 |  23    53 |02-12 20:03:17
  1   1  99   0   0   0|   0     0 |5422B 2782B|   0     0 |  27    61 |02-12 20:03:18
  1   0 100   0   0   0|   0     0 |   0     0 |   0     0 |  34    78 |02-12 20:03:19
  0   0 100   0   0   0|   0     0 |   0     0 |   0     0 |  24    49 |02-12 20:03:20
  1   1  99   0   0   0|   0     0 |8140B 5376B|   0     0 |  43   108 |02-12 20:03:21
  1   1  99   0   0   0|   0     0 |2855B 2393B|   0     0 |  62   145 |02-12 20:03:22
  9   6  84   1   0   1|   0     0 |4588B 5006B|   0     0 | 295   842 |02-12 20:03:23
  2   3  96   0   0   0|   0     0 |7652B 4166B|   0     0 |  90   364 |02-12 20:03:24
  0   0  99   0   0   0|   0     0 | 534B 1882B|   0     0 |  39   103 |02-12 20:03:25
  0   1 100   0   0   0|   0     0 | 438B  306B|   0     0 |  36    63 |02-12 20:03:26
  1   0  99   0   0   0|   0     0 |6160B 3190B|   0     0 |  46   160 |02-12 20:03:27
  1   0  99   0   0   0|   0     0 | 840B  518B|   0     0 |  53   161 |02-12 20:03:28
  0   1  99   0   0   0|   0     0 | 336B  204B|   0     0 |  43   133 |02-12 20:03:29
  1   0  99   0   0   0|   0  8192B|6262B 3324B|   0     0 |  47   119 |02-12 20:03:30
  0   1 100   0   0   0|   0     0 | 774B  518B|   0     0 |  48   107 |02-12 20:03:31
  0   0 100   0   0   0|   0     0 |1206B 1278B|   0     0 |  48   125 |02-12 20:03:32
  1   0  99   0   0   0|   0     0 |6012B 3596B|   0     0 |  28    80 |02-12 20:03:33
  1   1  98   0   0   0|   0     0 |2678B 5566B|   0     0 |  56   164 |02-12 20:03:34
  1   0 100   0   0   0|   0     0 |   0     0 |   0     0 |  24    36 |02-12 20:03:35
  1   0 100   0   0   0|   0     0 |5422B 2782B|   0     0 |  27    71 |02-12 20:03:36
  0   0 100   0   0   0|   0     0 |   0     0 |   0     0 |  21    41 |02-12 20:03:37
  0   0 100   0   0   0|   0     0 |   0     0 |   0     0 |  22    49 |02-12 20:03:38
  9   4  87   0   0   0|   0     0 |8977B 6659B|   0     0 | 210   569 |02-12 20:03:39
  3   5  89   0   0   3|   0     0 | 386k   11M|   0     0 | 754  3174 |02-12 20:03:40
  4   8  82   0   0   6|   0     0 | 583k   17M|   0     0 |1159  4693 |02-12 20:03:41
  4   9  82   0   0   5|   0     0 | 584k   17M|   0     0 |1002  4019 |02-12 20:03:42
  6   9  77   2   0   5|   0   100k| 623k   18M|   0     0 |1088  4431 |02-12 20:03:43
  5   7  82   0   0   6|   0     0 | 600k   18M|   0     0 | 997  4004 |02-12 20:03:44
  4   7  82   0   0   7|   0     0 | 607k   18M|   0     0 |1027  4053 |02-12 20:03:45
  4   7  84   0   0   6|   0  4096B| 596k   17M|   0     0 | 989  3964 |02-12 20:03:46
  4   6  85   0   0   5|   0     0 | 588k   17M|   0     0 | 988  4072 |02-12 20:03:47
  4   7  83   0   0   6|   0     0 | 620k   18M|   0     0 | 987  4244 |02-12 20:03:48
  6   8  80   0   0   7|   0     0 | 624k   18M|   0     0 | 992  4041 |02-12 20:03:49
  3   7  85   0   0   4|   0     0 | 620k   18M|   0     0 |1012  4075 |02-12 20:03:50
  5   8  81   0   0   6|   0     0 | 610k   18M|   0     0 | 948  3635 |02-12 20:03:51
  4   7  85   0   0   4|   0     0 | 612k   18M|   0     0 |1050  4098 |02-12 20:03:52
  6   7  83   0   0   4|   0     0 | 621k   18M|   0     0 | 963  3778 |02-12 20:03:53
  5  10  78   0   0   7|   0     0 | 608k   18M|   0     0 | 871  3494 |02-12 20:03:54
  6   9  82   0   0   3|   0     0 | 609k   18M|   0     0 | 983  3782 |02-12 20:03:55
  5   7  84   0   0   5|   0  4096B| 611k   18M|   0     0 | 909  3726 |02-12 20:03:56
  5   7  80   0   0   8|   0     0 | 611k   18M|   0     0 |1000  3871 |02-12 20:03:57
  5   8  80   0   0   7|   0     0 | 594k   17M|   0     0 | 903  3551 |02-12 20:03:58
  6   9  82   0   0   4|   0     0 | 592k   17M|   0     0 | 973  3861 |02-12 20:03:59
  4   8  82   0   0   6|   0     0 | 614k   18M|   0     0 |1055  4094 |02-12 20:04:00
  4   8  82   0   0   6|   0  8192B| 604k   18M|   0     0 | 939  3674 |02-12 20:04:01
  5   6  84   0   0   5|   0     0 | 601k   18M|   0     0 | 910  3616 |02-12 20:04:02
  6   8  82   0   0   4|   0     0 | 617k   18M|   0     0 | 993  4030 |02-12 20:04:03
  4  10  79   0   0   7|   0     0 | 600k   17M|   0     0 | 889  3649 |02-12 20:04:04
  4   8  82   0   0   5|   0     0 | 623k   18M|   0     0 | 975  3991 |02-12 20:04:05
  6   7  83   0   0   5|   0     0 | 603k   18M|   0     0 | 901  3670 |02-12 20:04:06
  5   8  83   0   0   4|   0     0 | 584k   17M|   0     0 |1017  4068 |02-12 20:04:07
  6   6  81   0   0   7|   0     0 | 615k   18M|   0     0 | 994  3978 |02-12 20:04:08
  6   9  79   0   0   7|   0     0 | 629k   18M|   0     0 | 993  4005 |02-12 20:04:09
  5   6  82   0   0   6|   0     0 | 594k   17M|   0     0 | 957  3923 |02-12 20:04:10
  4   7  83   0   0   6|   0    16k| 623k   18M|   0     0 | 951  4020 |02-12 20:04:11
  4   6  84   0   0   6|   0     0 | 600k   18M|   0     0 | 927  3844 |02-12 20:04:12
  5   7  84   0   0   5|   0     0 | 605k   18M|   0     0 | 975  4068 |02-12 20:04:13
  3   9  82   1   0   5|   0    28k| 617k   18M|   0     0 | 953  3925 |02-12 20:04:14
  7   7  81   0   0   5|   0     0 | 616k   18M|   0     0 |1043  4204 |02-12 20:04:15
  4   7  83   1   0   6|   0    84k| 601k   17M|   0     0 | 993  4025 |02-12 20:04:16
  7   7  81   0   0   5|   0     0 | 589k   17M|   0     0 | 970  3947 |02-12 20:04:17
  5   7  82   0   0   7|   0     0 | 610k   18M|   0     0 | 988  3997 |02-12 20:04:18
  5   7  83   0   0   6|   0     0 | 599k   17M|   0     0 | 864  3756 |02-12 20:04:19
  3   9  82   0   0   7|   0     0 | 602k   18M|   0     0 | 912  3756 |02-12 20:04:20
  2   8  84   0   0   6|   0     0 | 578k   17M|   0     0 | 850  3430 |02-12 20:04:21
  4   6  85   0   0   5|   0     0 | 528k   15M|   0     0 | 871  3557 |02-12 20:04:22
  4   8  80   0   0   8|   0     0 | 608k   18M|   0     0 | 894  3635 |02-12 20:04:23
  5   8  82   0   0   6|   0     0 | 636k   19M|   0     0 | 974  3871 |02-12 20:04:24
  4   9  81   0   0   6|   0     0 | 596k   17M|   0     0 | 866  3519 |02-12 20:04:25
  5  10  79   0   0   7|   0     0 | 619k   18M|   0     0 | 956  3856 |02-12 20:04:26
  4  10  83   0   0   3|   0     0 | 602k   18M|   0     0 | 842  3390 |02-12 20:04:27
  5   6  84   0   0   5|   0     0 | 569k   16M|   0     0 | 898  3762 |02-12 20:04:28
  4   7  83   0   0   6|   0     0 | 611k   19M|   0     0 | 987  3870 |02-12 20:04:29
  4   8  83   0   0   5|   0     0 | 614k   18M|   0     0 | 926  3775 |02-12 20:04:30
  5   8  81   0   0   6|   0     0 | 595k   17M|   0     0 | 946  3778 |02-12 20:04:31
  5   8  81   0   0   6|   0  4096B| 585k   17M|   0     0 | 997  4040 |02-12 20:04:32
  4   6  86   0   0   4|   0     0 | 596k   17M|   0     0 |1057  4165 |02-12 20:04:33
  8  10  76   0   0   6|   0     0 | 602k   17M|   0     0 | 932  3885 |02-12 20:04:34
  4   7  84   0   0   5|   0     0 | 601k   18M|   0     0 | 967  3893 |02-12 20:04:35
  5   8  81   0   0   6|   0     0 | 626k   18M|   0     0 | 901  3722 |02-12 20:04:36
  5  10  80   0   0   6|   0     0 | 609k   18M|   0     0 | 927  3789 |02-12 20:04:37
  4   7  83   0   0   6|   0     0 | 600k   18M|   0     0 | 935  3788 |02-12 20:04:38
  6   8  80   0   0   5|   0     0 | 616k   18M|   0     0 | 994  3985 |02-12 20:04:39
  2   1  98   0   0   0|   0     0 |  57k 1408k|   0     0 | 114   454 |02-12 20:04:40
  0   1  99   0   0   0|   0     0 |4518B 4546B|   0     0 |  44   215 |02-12 20:04:41
  0   0 100   0   0   0|   0    16k|   0     0 |   0     0 |  22    40 |02-12 20:04:42
  1   0 100   0   0   0|   0     0 |5422B 2782B|   0     0 |  24    61 |02-12 20:04:43
  0   1  99   0   0   0|   0     0 |   0     0 |   0     0 |  33    70 |02-12 20:04:44
  0   0  94   6   0   0|   0    48k|   0     0 |   0     0 |  19    59 |02-12 20:04:45
  1   1  99   0   0   0|   0     0 |5422B 2782B|   0     0 |  21    62 |02-12 20:04:46
  0   0 100   0   0   0|   0     0 |2112B 2112B|   0     0 |  22    49 |02-12 20:04:47
  1   2  98   0   0   0|   0     0 |5423B 4807B|   0     0 | 100   257 |02-12 20:04:48
 10   2  88   0   0   0|   0     0 |6924B 4608B|   0     0 | 149   575 |02-12 20:04:49
  0   0 100   0   0   0|   0     0 |   0     0 |   0     0 |  17    26 |02-12 20:04:50
  0   0 100   0   0   0|   0     0 |   0     0 |   0     0 |  19    24 |02-12 20:04:51
  1   1  99   0   0   0|   0    44k|5422B 2782B|   0     0 |  24    75 |02-12 20:04:52
  0   0 100   0   0   0|   0     0 |   0     0 |   0     0 |  24    53 |02-12 20:04:53
  0   1  99   0   0   0|   0     0 |   0     0 |   0     0 |  34    71 |02-12 20:04:54
  1   0  99   0   0   0|   0     0 |5422B 2782B|   0     0 |  25    59 |02-12 20:04:55
  0   0 100   0   0   0|   0     0 | 644B  530B|   0     0 |  34    60 |02-12 20:04:56
  5   2  93   0   0   0|   0     0 |3751B 2891B|   0     0 | 130   415 |02-12 20:04:57
