[7l----total-cpu-usage---- -dsk/total- -net/total- ---paging-- ---system-- ----system----
usr sys idl wai hiq siq| read  writ| recv  send|  in   out | int   csw |     time     
 16   4  63  17   0   0| 598k 3418k|   0     0 |   0     0 | 191   667 |30-11 22:06:34
  3   5  90   0   0   2|   0     0 | 297k 8917k|   0     0 |1083  4731 |30-11 22:06:35
  4   6  87   0   0   3|   0     0 | 298k 8878k|   0     0 |1202  4815 |30-11 22:06:36
  3   6  88   0   0   3|   0     0 | 312k 9195k|   0     0 |1197  4918 |30-11 22:06:37
  5   4  88   0   0   3|   0     0 | 302k 9021k|   0     0 |1205  4825 |30-11 22:06:38
  4   4  89   0   0   4|   0     0 | 302k 9033k|   0     0 |1192  4806 |30-11 22:06:39
  1   4  92   0   0   3|   0     0 | 293k 8762k|   0     0 |1140  4659 |30-11 22:06:40
  3   4  91   0   0   2|   0     0 | 303k 8936k|   0     0 |1153  4741 |30-11 22:06:41
  3   4  91   0   0   2|   0     0 | 289k 8639k|   0     0 |1133  4596 |30-11 22:06:42
  3   2  92   0   0   3|   0     0 | 263k 7835k|   0     0 |1055  4358 |30-11 22:06:43
  3   4  90   0   0   3|   0     0 | 309k 9092k|   0     0 |1174  4812 |30-11 22:06:44
  3   3  92   0   0   2|   0     0 | 285k 8520k|   0     0 |1133  4575 |30-11 22:06:45
  4   4  87   1   0   4|   0   116k| 287k 8586k|   0     0 |1136  4651 |30-11 22:06:46
  3   4  91   0   0   3|   0     0 | 301k 8862k|   0     0 |1121  4703 |30-11 22:06:47
  3   4  90   0   0   3|   0     0 | 279k 8344k|   0     0 |1112  4516 |30-11 22:06:48
  4   6  87   0   0   3|   0     0 | 287k 8594k|   0     0 |1117  4603 |30-11 22:06:49
  4   5  89   0   0   3|   0     0 | 293k 8625k|   0     0 |1124  4559 |30-11 22:06:50
  3   4  89   0   0   4|   0     0 | 301k 9024k|   0     0 |1174  4797 |30-11 22:06:51
  2   4  92   0   0   2|   0     0 | 280k 8381k|   0     0 |1075  4431 |30-11 22:06:52
  3   6  87   0   0   4|   0     0 | 275k 8004k|   0     0 |1069  4344 |30-11 22:06:53
  2   5  93   0   0   1|   0  4096B| 173k 5182k|   0     0 | 714  2976 |30-11 22:06:54
  0   0 100   0   0   0|   0     0 |   0     0 |   0     0 |  25    39 |30-11 22:06:55
  0   1 100   0   0   0|   0     0 |5860B 3118B|   0     0 |  42   103 |30-11 22:06:56
  0   0 100   0   0   0|   0     0 |1242B  770B|   0     0 |  52   110 |30-11 22:06:57
  0   1 100   0   0   0|   0     0 | 504B  322B|   0     0 |  51   124 |30-11 22:06:58
  2   1  97   0   0   0|   0     0 |9455B 6305B|   0     0 | 136   390 |30-11 22:06:59
 12   7  71   6   0   4|  12k    0 | 191k 5670k|   0     0 | 784  3337 |30-11 22:07:00
  3   4  90   0   0   3|   0     0 | 289k 8641k|   0     0 |1145  4581 |30-11 22:07:01
  5   3  90   0   0   3|   0     0 | 311k 9166k|   0     0 |1214  4843 |30-11 22:07:02
  3   6  89   0   0   3|   0     0 | 284k 8514k|   0     0 |1124  4533 |30-11 22:07:03
  3   3  91   0   0   3|   0    12k| 307k 9204k|   0     0 |1204  4880 |30-11 22:07:04
  3   5  90   0   0   2|   0     0 | 308k 9067k|   0     0 |1177  4796 |30-11 22:07:05
  2   4  92   0   0   3|   0     0 | 316k 9450k|   0     0 |1255  4991 |30-11 22:07:06
  4   4  89   0   0   3|   0     0 | 306k 9143k|   0     0 |1200  4837 |30-11 22:07:07
  3   4  91   0   0   3|   0     0 | 302k 8883k|   0     0 |1099  4758 |30-11 22:07:08
  1   3  94   0   0   3|   0     0 | 309k 9245k|   0     0 |1143  4926 |30-11 22:07:09
  5   4  89   0   0   3|   0     0 | 319k 9524k|   0     0 |1211  5074 |30-11 22:07:10
  3   5  91   0   0   2|   0     0 | 307k 9018k|   0     0 |1134  4801 |30-11 22:07:11
  3   3  92   0   0   3|   0     0 | 314k 9405k|   0     0 |1157  4987 |30-11 22:07:12
  3   4  93   0   0   1|   0     0 | 322k 9642k|   0     0 |1227  5062 |30-11 22:07:13
  3   6  90   0   0   2|   0     0 | 328k 9657k|   0     0 |1277  5080 |30-11 22:07:14
  1   3  93   0   0   3|   0     0 | 302k 9052k|   0     0 |1196  4753 |30-11 22:07:15
  3   3  92   0   0   2|   0     0 | 302k 9065k|   0     0 |1186  4761 |30-11 22:07:16
  3   5  87   1   0   3|   0    88k| 311k 9149k|   0     0 |1208  4844 |30-11 22:07:17
  2   4  92   0   0   3|   0     0 | 305k 9134k|   0     0 |1223  4835 |30-11 22:07:18
  2   3  92   0   0   3|   0     0 | 305k 9147k|   0     0 |1186  4839 |30-11 22:07:19
  3   1  96   0   0   1|   0   148k|  94k 2653k|   0     0 | 384  1477 |30-11 22:07:20
  1   0  99   0   0   0|   0  4096B| 492B  638B|   0     0 |  50   200 |30-11 22:07:21
  0   0 100   0   0   0|   0     0 |   0     0 |   0     0 |  23    37 |30-11 22:07:22
  1   1  99   0   0   0|   0     0 |5422B 2788B|   0     0 |  32    91 |30-11 22:07:23
  0   0 100   0   0   0|   0     0 |   0     0 |   0     0 |  27    64 |30-11 22:07:24
  0   0 100   0   0   0|   0     0 |   0     0 |   0     0 |  20    30 |30-11 22:07:25
  1   1  98   0   0   0|   0     0 |8735B 4651B|   0     0 |  42   112 |30-11 22:07:26
  8   5  86   0   0   2|   0     0 | 106k 2933k|   0     0 | 388  2223 |30-11 22:07:27
  1   4  95   0   0   1|   0     0 | 111k 3490k|   0     0 | 534  1860 |30-11 22:07:28
  3   5  88   0   0   5|   0     0 | 313k 9235k|   0     0 |1218  4876 |30-11 22:07:29
  1   4  90   0   0   5|   0     0 | 297k 8880k|   0     0 |1180  4719 |30-11 22:07:30
  2   4  93   0   0   2|   0     0 | 323k 9679k|   0     0 |1236  5060 |30-11 22:07:31
  4   5  88   0   0   4|   0     0 | 325k 9588k|   0     0 |1271  5071 |30-11 22:07:32
  4   4  88   0   0   5|   0     0 | 288k 8637k|   0     0 |1120  4586 |30-11 22:07:33
  2   3  92   0   0   4|   0     0 | 297k 8909k|   0     0 |1172  4714 |30-11 22:07:34
  4   4  88   0   0   4|   0  8192B| 306k 9012k|   0     0 |1187  4784 |30-11 22:07:35
  3   3  91   0   0   3|   0     0 | 307k 9177k|   0     0 |1189  4864 |30-11 22:07:36
  2   4  92   0   0   2|   0     0 | 273k 8184k|   0     0 |1080  4333 |30-11 22:07:37
  3   4  90   0   0   3|   0     0 | 274k 8226k|   0     0 |1109  4367 |30-11 22:07:38
  3   6  89   0   0   2|   0     0 | 285k 8396k|   0     0 |1118  4468 |30-11 22:07:39
  3   4  90   0   0   3|   0    24k| 308k 9241k|   0     0 |1217  4872 |30-11 22:07:40
  2   4  92   0   0   2|   0     0 | 289k 8667k|   0     0 |1117  4582 |30-11 22:07:41
  2   3  92   0   0   3|   0     0 | 311k 9145k|   0     0 |1197  4852 |30-11 22:07:42
  3   3  93   0   0   2|   0     0 | 276k 8274k|   0     0 |1087  4411 |30-11 22:07:43
  3   3  92   0   0   3|   0     0 | 274k 8195k|   0     0 |1084  4390 |30-11 22:07:44
  2   5  91   0   0   3|   0     0 | 295k 8686k|   0     0 |1141  4592 |30-11 22:07:45
  4   4  90   0   0   2|   0     0 | 287k 8614k|   0     0 |1157  4551 |30-11 22:07:46
  1   2  91   4   0   2|   0    48k| 208k 6222k|   0     0 | 996  3353 |30-11 22:07:47
  1   1  98   0   0   0|   0  4096B|5914B 3426B|   0     0 |  63   255 |30-11 22:07:48
  0   0 100   0   0   0|   0     0 |   0     0 |   0     0 |  18    28 |30-11 22:07:49
  0   0 100   0   0   0|   0     0 |   0     0 |   0     0 |  20    32 |30-11 22:07:50
  1   0  99   0   0   0|   0     0 |5422B 2788B|   0     0 |  24    63 |30-11 22:07:51
  0   0 100   0   0   0|   0     0 |   0     0 |   0     0 |  19    35 |30-11 22:07:52
  4   5  91   0   0   0|   0     0 |6300B 8325B|   0     0 | 163   493 |30-11 22:07:53
  7   6  84   0   0   4|   0     0 | 467k   13M|   0     0 | 873  2679 |30-11 22:07:54
  3   5  89   0   0   4|   0     0 | 562k   16M|   0     0 | 492  3410 |30-11 22:07:55
  4   9  85   0   0   3|   0  4096B| 543k   16M|   0     0 | 691  3067 |30-11 22:07:56
  4   5  88   0   0   4|   0     0 | 561k   16M|   0     0 |1240  3242 |30-11 22:07:57
  3   5  90   0   0   2|   0     0 | 530k   15M|   0     0 |1136  3091 |30-11 22:07:58
  5   4  87   0   0   4|   0     0 | 551k   16M|   0     0 |1083  3168 |30-11 22:07:59
  4   5  86   0   0   5|   0     0 | 554k   16M|   0     0 |1005  3013 |30-11 22:08:00
  3   6  87   0   0   4|   0  4096B| 607k   18M|   0     0 |1310  3570 |30-11 22:08:01
  4   7  81   0   0   7|   0     0 | 589k   17M|   0     0 |1035  3412 |30-11 22:08:02
  5   8  85   0   0   3|   0     0 | 531k   15M|   0     0 |1138  3059 |30-11 22:08:03
  4   6  87   0   0   3|   0     0 | 571k   17M|   0     0 | 590  3262 |30-11 22:08:04
  4   7  86   0   0   3|   0     0 | 569k   17M|   0     0 | 486  3305 |30-11 22:08:05
  3   6  87   0   0   4|   0  4096B| 579k   17M|   0     0 | 675  3062 |30-11 22:08:06
  4   7  87   0   0   3|   0     0 | 574k   17M|   0     0 | 826  3089 |30-11 22:08:07
  3   5  88   0   0   4|   0     0 | 545k   16M|   0     0 | 891  3241 |30-11 22:08:08
  4   5  87   0   0   4|   0     0 | 547k   16M|   0     0 | 841  3137 |30-11 22:08:09
  4   6  87   0   0   3|   0     0 | 576k   17M|   0     0 | 589  3365 |30-11 22:08:10
  4   6  86   0   0   5|   0     0 | 576k   17M|   0     0 | 922  3445 |30-11 22:08:11
  4   5  86   0   0   5|   0     0 | 574k   17M|   0     0 |1142  3347 |30-11 22:08:12
  2   4  89   0   0   4|   0     0 | 548k   16M|   0     0 |1215  3281 |30-11 22:08:13
  0   2  97   0   0   1|   0     0 | 109k 3200k|   0     0 | 228   615 |30-11 22:08:14
  1   0  99   0   0   0|   0  4096B|6904B 5274B|   0     0 |  47   227 |30-11 22:08:15
  0   0 100   0   0   0|   0     0 |   0     0 |   0     0 |  24    61 |30-11 22:08:16
  0   0 100   0   0   0|   0     0 |   0     0 |   0     0 |  19    36 |30-11 22:08:17
  1   1  98   2   0   0|   0    64k|5422B 2788B|   0     0 |  28    78 |30-11 22:08:18
  1   0 100   0   0   0|   0     0 |   0     0 |   0     0 |  30    65 |30-11 22:08:19
  8   4  88   0   0   0|   0     0 |  31k  790k|   0     0 | 224   703 |30-11 22:08:20
  4   6  86   0   0   4|   0    60k| 552k   16M|   0     0 | 658  3177 |30-11 22:08:21
  4   5  87   0   0   5|   0     0 | 566k   17M|   0     0 | 885  3431 |30-11 22:08:22
  3   4  90   0   0   3|   0     0 | 562k   16M|   0     0 | 943  3259 |30-11 22:08:23
  4   5  86   0   0   6|   0     0 | 558k   16M|   0     0 | 897  3309 |30-11 22:08:24
  3   9  84   0   0   5|   0     0 | 581k   17M|   0     0 | 938  3453 |30-11 22:08:25
  2   7  85   0   0   6|   0     0 | 573k   17M|   0     0 | 953  3412 |30-11 22:08:26
  4   5  87   0   0   4|   0     0 | 572k   17M|   0     0 | 889  3357 |30-11 22:08:27
  3   6  88   0   0   3|   0     0 | 576k   17M|   0     0 | 797  3465 |30-11 22:08:28
  5   6  87   0   0   2|   0     0 | 582k   17M|   0     0 | 816  3339 |30-11 22:08:29
  3   6  87   0   0   4|   0     0 | 541k   16M|   0     0 | 721  3046 |30-11 22:08:30
  3   4  88   0   0   5|   0     0 | 576k   17M|   0     0 | 924  3372 |30-11 22:08:31
  3   7  85   0   0   5|   0     0 | 594k   17M|   0     0 |1030  3482 |30-11 22:08:32
  2   6  88   0   0   5|   0     0 | 550k   16M|   0     0 | 821  3181 |30-11 22:08:33
  4   6  86   0   0   4|   0     0 | 564k   17M|   0     0 | 909  3282 |30-11 22:08:34
  3   7  86   0   0   5|   0     0 | 566k   17M|   0     0 | 860  3242 |30-11 22:08:35
  3   6  86   0   0   6|   0     0 | 554k   16M|   0     0 | 867  3208 |30-11 22:08:36
  5   8  83   0   0   5|   0     0 | 569k   16M|   0     0 | 861  3269 |30-11 22:08:37
  4   7  86   0   0   4|   0     0 | 577k   17M|   0     0 | 973  3361 |30-11 22:08:38
  4   6  87   0   0   4|   0     0 | 562k   16M|   0     0 | 819  3098 |30-11 22:08:39
  4   6  86   0   0   5|   0     0 | 556k   16M|   0     0 | 820  3374 |30-11 22:08:40
  0   1  99   0   0   0|   0     0 |1350B 2552B|   0     0 |  46   172 |30-11 22:08:41
  0   0 100   0   0   0|   0     0 |  66B    0 |   0     0 |  26    62 |30-11 22:08:42
  1   0  99   0   0   0|   0     0 |5422B 2788B|   0     0 |  24    59 |30-11 22:08:43
  0   0 100   0   0   0|   0     0 |   0     0 |   0     0 |  33    78 |30-11 22:08:44
  0   0 100   0   0   0|   0     0 |   0     0 |   0     0 |  24    39 |30-11 22:08:45
  0   0  99   0   0   0|   0     0 |5422B 2788B|   0     0 |  19    56 |30-11 22:08:46
  9   7  82   0   0   2|   0     0 | 195k 5672k|   0     0 | 443  1626 |30-11 22:08:47
  3   6  87   0   0   4|   0     0 | 562k   17M|   0     0 | 891  3319 |30-11 22:08:48
  5   7  84   1   0   3|   0    48k| 554k   16M|   0     0 | 964  3260 |30-11 22:08:49
  4   5  86   0   0   5|   0     0 | 585k   17M|   0     0 | 890  3252 |30-11 22:08:50
  3   6  87   0   0   4|   0     0 | 568k   17M|   0     0 | 823  3372 |30-11 22:08:51
  5   5  85   0   0   6|   0  8192B| 541k   16M|   0     0 | 838  3104 |30-11 22:08:52
  3   8  85   0   0   4|   0     0 | 557k   16M|   0     0 | 813  3363 |30-11 22:08:53
  4   7  86   0   0   3|   0     0 | 555k   16M|   0     0 | 694  3210 |30-11 22:08:54
  3   8  85   0   0   5|   0     0 | 573k   17M|   0     0 | 884  3202 |30-11 22:08:55
  4   6  87   0   0   3|   0     0 | 541k   16M|   0     0 | 783  3185 |30-11 22:08:56
  5   7  86   0   0   2|   0     0 | 574k   17M|   0     0 | 816  3350 |30-11 22:08:57
  5   5  86   0   0   4|   0     0 | 577k   17M|   0     0 | 806  3288 |30-11 22:08:58
  4   6  85   0   0   5|   0     0 | 583k   17M|   0     0 | 705  3241 |30-11 22:08:59
  5   6  84   0   0   4|   0     0 | 570k   17M|   0     0 | 884  3128 |30-11 22:09:00
  4   5  88   0   0   4|   0     0 | 574k   17M|   0     0 | 932  3263 |30-11 22:09:01
  4   7  84   0   0   5|   0     0 | 584k   17M|   0     0 |1009  3429 |30-11 22:09:02
  4   6  87   0   0   3|   0     0 | 560k   16M|   0     0 | 850  3240 |30-11 22:09:03
  4   6  86   0   0   4|   0     0 | 552k   16M|   0     0 | 903  3294 |30-11 22:09:04
  4   7  85   0   0   5|   0     0 | 552k   16M|   0     0 | 697  2928 |30-11 22:09:05
  3   6  87   0   0   4|   0     0 | 549k   16M|   0     0 | 913  3117 |30-11 22:09:06
  4   4  88   0   0   4|   0     0 | 398k   11M|   0     0 | 521  2331 |30-11 22:09:07
  0   1  99   0   0   0|   0  4096B|1416B 2486B|   0     0 |  48   199 |30-11 22:09:08
  0   0  99   0   0   0|   0     0 |   0     0 |   0     0 |  33    75 |30-11 22:09:09
  1   0  99   0   0   0|   0     0 |5422B 2788B|   0     0 |  28    66 |30-11 22:09:10
  0   0 100   0   0   0|   0     0 |   0     0 |   0     0 |  22    38 |30-11 22:09:11
  0   0 100   0   0   0|   0     0 |   0     0 |   0     0 |  24    47 |30-11 22:09:12
  1   0  99   0   0   1|   0  4096B|7333B 4705B|   0     0 |  41   109 |30-11 22:09:13
 11  11  76   0   0   2|   0     0 | 507k   15M|   0     0 | 482  1902 |30-11 22:09:14
  4   8  82   0   0   6|   0     0 | 719k   21M|   0     0 | 817  3051 |30-11 22:09:15
  6   8  82   0   0   5|   0     0 | 652k   19M|   0     0 | 709  3170 |30-11 22:09:16
  3   8  84   0   0   6|   0     0 | 678k   20M|   0     0 | 830  3145 |30-11 22:09:17
  4   8  84   0   0   4|   0  4096B| 686k   20M|   0     0 | 815  3446 |30-11 22:09:18
  5   9  81   1   0   5|   0    52k| 651k   19M|   0     0 | 788  3242 |30-11 22:09:19
  4   9  82   2   0   5|   0  4096B| 666k   20M|   0     0 | 763  3022 |30-11 22:09:20
  5   8  84   0   0   4|   0     0 | 673k   20M|   0     0 | 789  3182 |30-11 22:09:21
  4   9  84   0   0   4|   0     0 | 657k   19M|   0     0 | 863  2982 |30-11 22:09:22
  5   8  83   0   0   4|   0    60k| 663k   20M|   0     0 | 940  3339 |30-11 22:09:23
  6   7  83   0   0   4|   0     0 | 666k   20M|   0     0 | 742  2956 |30-11 22:09:24
  5   9  82   0   0   4|   0     0 | 692k   20M|   0     0 | 793  3042 |30-11 22:09:25
  6   5  84   0   0   5|   0     0 | 640k   19M|   0     0 | 728  2982 |30-11 22:09:26
  4  10  81   0   0   5|   0     0 | 671k   20M|   0     0 | 920  3454 |30-11 22:09:27
  5   8  84   0   0   4|   0     0 | 671k   20M|   0     0 | 719  2875 |30-11 22:09:28
  4   7  86   0   0   4|   0     0 | 629k   18M|   0     0 | 822  3124 |30-11 22:09:29
  5   7  84   0   0   4|   0     0 | 659k   19M|   0     0 | 781  2826 |30-11 22:09:30
  6   5  87   0   0   2|   0     0 | 686k   20M|   0     0 | 740  2911 |30-11 22:09:31
  4   7  84   0   0   5|   0     0 | 612k   18M|   0     0 | 881  2995 |30-11 22:09:32
  5   7  85   0   0   3|   0     0 | 640k   19M|   0     0 | 768  3205 |30-11 22:09:33
  1   5  93   0   0   2|   0     0 | 282k 8243k|   0     0 | 278  1341 |30-11 22:09:34
  4   1  96   0   0   0|   0  4096B|2640B 4700B|   0     0 |  54   220 |30-11 22:09:35
  2   1  98   0   0   0|   0     0 | 946B 5778B|   0     0 |  49   120 |30-11 22:09:36
  1   0  99   0   0   0|   0     0 |5168B 2722B|   0     0 |  25    57 |30-11 22:09:37
  0   0 100   0   0   0|   0    12k| 254B   66B|   0     0 |  25    45 |30-11 22:09:38
  0   0 100   0   0   0|   0     0 | 168B  142B|   0     0 |  41    89 |30-11 22:09:39
  6   3  92   0   0   0|   0     0 |4155B 3487B|   0     0 | 155   432 |30-11 22:09:40
  6   8  83   0   0   4|   0     0 | 500k   15M|   0     0 | 657  2409 |30-11 22:09:41
  5   8  84   0   0   4|   0     0 | 670k   20M|   0     0 | 876  3322 |30-11 22:09:42
  3  10  83   0   0   5|   0     0 | 653k   19M|   0     0 | 796  3256 |30-11 22:09:43
  5   8  82   0   0   5|   0     0 | 650k   19M|   0     0 | 910  3184 |30-11 22:09:44
  2   7  85   0   0   6|   0     0 | 656k   19M|   0     0 | 825  3120 |30-11 22:09:45
  5   8  80   0   0   6|   0     0 | 694k   20M|   0     0 | 835  3328 |30-11 22:09:46
  4   6  85   0   0   5|   0     0 | 653k   19M|   0     0 | 786  2972 |30-11 22:09:47
  5   7  84   0   0   4|   0     0 | 663k   20M|   0     0 | 846  3187 |30-11 22:09:48
  4   7  84   0   0   5|   0     0 | 671k   20M|   0     0 | 884  3393 |30-11 22:09:49
  6   6  77   8   0   4|   0    80k| 673k   20M|   0     0 | 704  2919 |30-11 22:09:50
  5  10  82   0   0   5|   0     0 | 695k   20M|   0     0 | 944  3200 |30-11 22:09:51
  4   6  86   0   0   4|   0     0 | 678k   20M|   0     0 | 883  3401 |30-11 22:09:52
  5  10  80   0   0   5|   0     0 | 640k   19M|   0     0 | 840  3168 |30-11 22:09:53
  4   7  84   0   0   5|   0     0 | 649k   19M|   0     0 | 835  3082 |30-11 22:09:54
  5  10  83   0   0   3|   0     0 | 652k   19M|   0     0 | 958  3187 |30-11 22:09:55
  4   6  85   0   0   5|   0     0 | 605k   18M|   0     0 | 830  2919 |30-11 22:09:56
  3   8  86   0   0   3|   0     0 | 674k   20M|   0     0 | 961  3451 |30-11 22:09:57
  3   8  83   0   0   6|   0     0 | 611k   18M|   0     0 | 761  2932 |30-11 22:09:58
  4   9  82   0   0   5|   0     0 | 663k   19M|   0     0 | 779  2986 |30-11 22:09:59
  3   6  87   0   0   4|   0     0 | 659k   19M|   0     0 | 843  3061 |30-11 22:10:00
  1   2  96   0   0   1|   0     0 | 155k 4538k|   0     0 | 232   801 |30-11 22:10:01
  1   1  98   0   0   1|   0  4096B|8316B 8098B|   0     0 |  53   246 |30-11 22:10:02
  0   0 100   0   0   0|   0     0 |   0     0 |   0     0 |  22    47 |30-11 22:10:03
  0   1 100   0   0   0|   0     0 |   0     0 |   0     0 |  32    84 |30-11 22:10:04
  1   0 100   0   0   0|   0     0 |5422B 2788B|   0     0 |  24    60 |30-11 22:10:05
  0   0 100   0   0   0|   0     0 |   0     0 |   0     0 |  23    44 |30-11 22:10:06
  8   6  87   0   0   0|   0     0 |  35k  907k|   0     0 | 210   614 |30-11 22:10:07
  4   7  85   0   0   5|   0     0 | 704k   20M|   0     0 | 812  3263 |30-11 22:10:08
  4   9  83   0   0   4|   0  8192B| 646k   19M|   0     0 | 760  2860 |30-11 22:10:09
  4   7  86   0   0   3|   0     0 | 663k   19M|   0     0 | 749  3249 |30-11 22:10:10
  5   8  83   0   0   4|   0     0 | 686k   20M|   0     0 | 639  2971 |30-11 22:10:11
  4   9  85   0   0   3|   0     0 | 663k   19M|   0     0 | 792  3119 |30-11 22:10:12
  3   8  84   0   0   5|   0     0 | 671k   20M|   0     0 | 859  3121 |30-11 22:10:13
  3  10  83   0   0   3|   0    32k| 630k   18M|   0     0 | 910  3173 |30-11 22:10:14
  2   9  84   0   0   5|   0     0 | 634k   19M|   0     0 | 821  2902 |30-11 22:10:15
  4   8  85   0   0   4|   0     0 | 637k   19M|   0     0 | 897  3159 |30-11 22:10:16
  6   9  82   0   0   4|   0     0 | 681k   20M|   0     0 |1014  3361 |30-11 22:10:17
  5   5  85   0   0   5|   0     0 | 638k   19M|   0     0 | 792  3197 |30-11 22:10:18
  4   9  83   0   0   4|   0     0 | 646k   19M|   0     0 | 843  3244 |30-11 22:10:19
  4   7  80   4   0   5|   0    60k| 671k   20M|   0     0 | 791  3048 |30-11 22:10:20
  4   8  85   0   0   3|   0     0 | 649k   19M|   0     0 | 881  3182 |30-11 22:10:21
  3   7  84   0   0   6|   0     0 | 648k   19M|   0     0 | 913  3155 |30-11 22:10:22
  4  10  82   0   0   5|   0     0 | 676k   20M|   0     0 | 761  3363 |30-11 22:10:23
  5   7  85   0   0   3|   0     0 | 620k   18M|   0     0 | 643  2929 |30-11 22:10:24
  5   7  84   0   0   4|   0    72k| 677k   20M|   0     0 | 883  3226 |30-11 22:10:25
  3   7  85   0   0   5|   0     0 | 646k   19M|   0     0 | 808  2938 |30-11 22:10:26
  4   7  85   0   0   4|   0     0 | 639k   19M|   0     0 | 944  3185 |30-11 22:10:27
  0   0 100   0   0   0|   0  4096B|2112B 6578B|   0     0 |  29    69 |30-11 22:10:28
  1   0  99   0   0   0|   0     0 | 360B  132B|   0     0 |  52   217 |30-11 22:10:29
  0   0  99   0   0   0|   0     0 |5422B 2788B|   0     0 |  30    77 |30-11 22:10:30
  0   0 100   0   0   0|   0     0 |   0     0 |   0     0 |  22    40 |30-11 22:10:31
  0   0 100   0   0   0|   0     0 |   0     0 |   0     0 |  23    47 |30-11 22:10:32
  1   0 100   0   0   0|   0     0 |5422B 2788B|   0     0 |  25    66 |30-11 22:10:33
  9   6  84   0   0   1|   0     0 | 164k 4910k|   0     0 | 322  1190 |30-11 22:10:34
  4   7  85   0   0   4|   0     0 | 676k   20M|   0     0 | 664  2910 |30-11 22:10:35
  6   9  81   0   0   5|   0     0 | 681k   20M|   0     0 | 748  3060 |30-11 22:10:36
  4   9  83   0   0   5|   0     0 | 667k   20M|   0     0 | 724  3107 |30-11 22:10:37
  5   9  82   0   0   4|   0     0 | 680k   20M|   0     0 | 718  2979 |30-11 22:10:38
  6   7  83   0   0   4|   0     0 | 628k   18M|   0     0 | 560  2434 |30-11 22:10:39
  6   8  82   0   0   4|   0  8192B| 696k   21M|   0     0 | 718  2937 |30-11 22:10:40
  4   8  83   0   0   5|   0     0 | 683k   20M|   0     0 | 769  3103 |30-11 22:10:41
  5   9  82   0   0   5|   0     0 | 678k   20M|   0     0 | 770  3270 |30-11 22:10:42
  5   8  83   0   0   4|   0     0 | 654k   19M|   0     0 | 690  2808 |30-11 22:10:43
  5  10  81   0   0   4|   0     0 | 637k   19M|   0     0 | 679  2732 |30-11 22:10:44
  5   8  83   0   0   4|   0     0 | 663k   19M|   0     0 | 635  2799 |30-11 22:10:45
  4   8  85   0   0   3|   0     0 | 592k   18M|   0     0 | 639  2734 |30-11 22:10:46
  3   8  85   0   0   4|   0     0 | 599k   18M|   0     0 | 693  2935 |30-11 22:10:47
  3   6  88   0   0   4|   0     0 | 495k   14M|   0     0 | 612  2527 |30-11 22:10:48
  1   3  94   0   0   2|   0     0 | 231k 7356k|   0     0 | 359  1581 |30-11 22:10:49
  3   5  89   0   0   3|   0     0 | 361k   11M|   0     0 | 404  1849 |30-11 22:10:50
  3   5  90   1   0   2|   0    48k| 297k 8085k|   0     0 | 400  1918 |30-11 22:10:51
  3   5  91   0   0   2|   0     0 | 334k   11M|   0     0 | 421  1765 |30-11 22:10:52
  4   7  86   0   0   4|   0     0 | 511k   15M|   0     0 | 593  2571 |30-11 22:10:53
  4   6  88   0   0   3|   0     0 | 463k   14M|   0     0 | 522  2255 |30-11 22:10:54
  3   3  94   0   0   1|4096B 4096B|3264B 6182B|   0     0 |  71   500 |30-11 22:10:55
  0   0 100   0   0   0|   0     0 |   0     0 |   0     0 |  24    59 |30-11 22:10:56
  0   0 100   0   0   0|   0     0 |5422B 2788B|   0     0 |  26    81 |30-11 22:10:57
  0   0 100   0   0   0|   0     0 |   0     0 |   0     0 |  23    51 |30-11 22:10:58
  0   1 100   0   0   0|   0     0 |   0     0 |   0     0 |  36    82 |30-11 22:10:59
  1   1  99   0   0   0|   0  8192B|7063B 4573B|   0     0 |  36    98 |30-11 22:11:00
  9   7  82   0   0   2|   0     0 | 359k   11M|   0     0 | 572  2059 |30-11 22:11:01
  5   8  83   0   0   5|   0     0 | 703k   21M|   0     0 | 679  2799 |30-11 22:11:02
  5   9  82   0   0   5|   0     0 | 703k   21M|   0     0 | 799  3308 |30-11 22:11:03
  7  10  80   0   0   4|   0     0 | 621k   18M|   0     0 | 708  2914 |30-11 22:11:04
  3   8  85   0   0   3|   0  4096B| 639k   19M|   0     0 | 650  2714 |30-11 22:11:05
  3   7  85   0   0   4|   0     0 | 592k   18M|   0     0 | 500  2428 |30-11 22:11:06
  3   4  90   0   0   3|   0     0 | 362k 9771k|   0     0 | 499  2211 |30-11 22:11:07
  4   6  87   0   0   3|   0     0 | 479k   14M|   0     0 | 606  2400 |30-11 22:11:08
  3   6  88   0   0   4|   0     0 | 477k   15M|   0     0 | 532  2229 |30-11 22:11:09
  4   5  88   0   0   4|   0     0 | 418k   11M|   0     0 | 624  2368 |30-11 22:11:10
  2   4  90   0   0   4|   0  4096B| 352k   11M|   0     0 | 505  1874 |30-11 22:11:11
  3   4  91   0   0   2|   0     0 | 359k 9786k|   0     0 | 526  2108 |30-11 22:11:12
  5   6  87   0   0   3|   0     0 | 512k   16M|   0     0 | 626  2416 |30-11 22:11:13
  5  10  81   0   0   4|   0     0 | 679k   20M|   0     0 | 806  3064 |30-11 22:11:14
  4   8  86   0   0   2|   0     0 | 639k   19M|   0     0 | 745  2909 |30-11 22:11:15
  3   8  86   0   0   3|   0     0 | 627k   19M|   0     0 | 738  3164 |30-11 22:11:16
  5   7  83   0   0   5|   0     0 | 696k   20M|   0     0 | 963  3556 |30-11 22:11:17
  3   9  84   0   0   5|   0     0 | 658k   20M|   0     0 | 851  3239 |30-11 22:11:18
  3   7  86   0   0   4|   0     0 | 573k   17M|   0     0 | 656  2800 |30-11 22:11:19
  4   9  82   0   0   5|   0     0 | 613k   18M|   0     0 | 719  2873 |30-11 22:11:20
  2   4  93   0   0   2|   0  8192B| 329k 9864k|   0     0 | 333  1366 |30-11 22:11:21
  1   0  99   0   0   0|   0   220k|3264B 6182B|   0     0 |  46   220 |30-11 22:11:22
  1   0  99   0   0   0|   0     0 |5422B 2788B|   0     0 |  30    63 |30-11 22:11:23
  1   0  99   0   0   0|   0     0 |   0     0 |   0     0 |  31    77 |30-11 22:11:24
  0   0 100   0   0   0|   0     0 |   0     0 |   0     0 |  24    35 |30-11 22:11:25
  0   0 100   0   0   0|   0   200k|5422B 2788B|   0     0 |  27    85 |30-11 22:11:26
  4   2  94   0   0   0|   0     0 |3489B 2761B|   0     0 | 129   366 |30-11 22:11:27
  8   8  80   0   0   4|   0     0 | 479k   14M|   0     0 | 576  2376 |30-11 22:11:28
  6  10  80   0   0   4|   0     0 | 658k   19M|   0     0 | 752  3095 |30-11 22:11:29
  5   9  82   0   0   5|   0     0 | 640k   19M|   0     0 | 819  2991 |30-11 22:11:30
  3   8  85   0   0   4|   0     0 | 646k   19M|   0     0 | 833  3222 |30-11 22:11:31
  6   8  81   0   0   5|   0     0 | 664k   20M|   0     0 | 844  3328 |30-11 22:11:32
  5   8  83   0   0   4|   0     0 | 655k   19M|   0     0 | 775  3163 |30-11 22:11:33
  4  11  80   0   0   5|   0     0 | 636k   19M|   0     0 | 668  3185 |30-11 22:11:34
  5   9  82   0   0   4|   0     0 | 641k   19M|   0     0 | 813  3195 |30-11 22:11:35
  5   7  83   0   0   5|   0     0 | 673k   20M|   0     0 | 639  3019 |30-11 22:11:36
  2  10  84   0   0   4|   0     0 | 643k   19M|   0     0 | 756  3021 |30-11 22:11:37
  5   9  82   0   0   4|   0     0 | 650k   19M|   0     0 | 813  3193 |30-11 22:11:38
  5  10  81   0   0   5|   0     0 | 671k   20M|   0     0 | 689  3108 |30-11 22:11:39
  4   8  84   0   0   4|   0     0 | 652k   19M|   0     0 | 686  3165 |30-11 22:11:40
  5   9  84   0   0   3|   0     0 | 619k   18M|   0     0 | 623  2536 |30-11 22:11:41
  4   9  82   0   0   5|   0     0 | 682k   20M|   0     0 | 848  3257 |30-11 22:11:42
  5   9  83   0   0   3|   0     0 | 661k   20M|   0     0 | 883  3171 |30-11 22:11:43
  5   9  82   0   0   4|   0     0 | 663k   20M|   0     0 | 748  3015 |30-11 22:11:44
  5   8  84   0   0   4|   0     0 | 638k   19M|   0     0 | 618  2707 |30-11 22:11:45
  4  10  81   0   0   5|   0     0 | 694k   21M|   0     0 | 748  2923 |30-11 22:11:46
  4   9  85   0   0   2|   0     0 | 695k   21M|   0     0 | 751  3111 |30-11 22:11:47
  2   1  96   0   0   1|   0     0 | 177k 5216k|   0     0 | 212   991 |30-11 22:11:48
  0   1  99   0   0   0|   0  4096B|3330B 6182B|   0     0 |  56   223 |30-11 22:11:49
  1   0 100   0   0   0|   0     0 |5422B 2788B|   0     0 |  28    63 |30-11 22:11:50
  0   0 100   0   0   0|   0     0 |   0     0 |   0     0 |  24    62 |30-11 22:11:51
  0   0 100   0   0   0|   0     0 |   0     0 |   0     0 |  21    36 |30-11 22:11:52
  0   0  99   1   0   0|   0    44k|5422B 2788B|   0     0 |  27    71 |30-11 22:11:53
  9   4  87   0   0   0|   0     0 |7490B 9507B|   0     0 | 230   668 |30-11 22:11:54
  6   7  83   0   0   4|   0     0 | 646k   19M|   0     0 | 647  2754 |30-11 22:11:55
  5   7  82   0   0   6|   0     0 | 641k   19M|   0     0 | 621  2780 |30-11 22:11:56
  4   8  82   0   0   6|   0  4096B| 697k   21M|   0     0 | 841  3268 |30-11 22:11:57
  4   9  82   0   0   4|   0     0 | 702k   21M|   0     0 | 904  3603 |30-11 22:11:58
  4  10  82   0   0   4|   0     0 | 667k   20M|   0     0 | 679  3088 |30-11 22:11:59
  7   9  81   0   0   4|   0     0 | 695k   21M|   0     0 | 670  2643 |30-11 22:12:00
  4   7  85   0   0   4|   0     0 | 667k   20M|   0     0 | 674  3101 |30-11 22:12:01
  4   8  82   0   0   5|   0    12k| 672k   20M|   0     0 | 799  3035 |30-11 22:12:02
  3   8  86   0   0   3|   0     0 | 601k   18M|   0     0 | 657  2542 |30-11 22:12:03
  3   9  84   0   0   4|   0     0 | 670k   20M|   0     0 | 804  3021 |30-11 22:12:04
  4   9  82   0   0   5|   0     0 | 667k   20M|   0     0 | 736  2829 |30-11 22:12:05
  4  11  80   0   0   5|   0     0 | 681k   20M|   0     0 | 809  3083 |30-11 22:12:06
  3   9  83   0   0   5|   0     0 | 696k   21M|   0     0 | 982  3442 |30-11 22:12:07
  4  11  81   0   0   4|   0     0 | 697k   21M|   0     0 | 952  3573 |30-11 22:12:08
  6   9  82   0   0   4|   0     0 | 666k   20M|   0     0 | 657  2684 |30-11 22:12:09
  5   6  83   0   0   7|   0     0 | 658k   20M|   0     0 | 755  2799 |30-11 22:12:10
  4  10  83   0   0   3|   0     0 | 667k   20M|   0     0 | 723  2779 |30-11 22:12:11
  3   8  84   0   0   5|   0     0 | 636k   19M|   0     0 | 858  3273 |30-11 22:12:12
  4   9  83   0   0   5|   0     0 | 663k   20M|   0     0 | 907  3298 |30-11 22:12:13
  6   6  84   0   0   4|   0     0 | 660k   20M|   0     0 | 881  3326 |30-11 22:12:14
  0   1  99   0   0   1|   0     0 |  28k  528k|   0     0 |  37   128 |30-11 22:12:15
  1   0  99   0   0   0|   0  4096B|4056B 7766B|   0     0 |  45   203 |30-11 22:12:16
  0   0 100   0   0   0|   0     0 |   0     0 |   0     0 |  18    33 |30-11 22:12:17
  1   0 100   0   0   0|   0     0 |5422B 2788B|   0     0 |  30    62 |30-11 22:12:18
  0   1 100   0   0   0|   0     0 |   0     0 |   0     0 |  29    69 |30-11 22:12:19
  0   0 100   0   0   0|   0     0 |   0     0 |   0     0 |  21    38 |30-11 22:12:20
  9   6  84   1   0   1|   0     0 | 174k 5120k|   0     0 | 340  1071 |30-11 22:12:21
  4  10  81   0   0   5|   0     0 | 712k   21M|   0     0 | 798  3131 |30-11 22:12:22
  4   7  83   0   0   6|   0  8192B| 667k   20M|   0     0 | 895  3515 |30-11 22:12:23
  6   9  80   1   0   4|   0    64k| 681k   20M|   0     0 | 814  3163 |30-11 22:12:24
  3   9  83   0   0   5|   0     0 | 678k   20M|   0     0 | 707  2967 |30-11 22:12:25
  5   8  81   0   0   7|   0     0 | 709k   21M|   0     0 | 771  3152 |30-11 22:12:26
  6   9  82   0   0   3|   0     0 | 675k   20M|   0     0 | 795  3090 |30-11 22:12:27
  5  12  77   0   0   6|   0  8192B| 703k   21M|   0     0 | 952  3464 |30-11 22:12:28
  5   9  81   0   0   6|   0     0 | 684k   20M|   0     0 | 757  2809 |30-11 22:12:29
  7   6  85   0   0   3|   0     0 | 648k   19M|   0     0 | 712  2664 |30-11 22:12:30
  4   7  85   0   0   4|   0     0 | 672k   20M|   0     0 | 849  3197 |30-11 22:12:31
  4  10  81   0   0   6|   0     0 | 689k   20M|   0     0 | 826  3322 |30-11 22:12:32
  4  10  81   0   0   6|   0     0 | 635k   19M|   0     0 | 714  2955 |30-11 22:12:33
  5  11  81   0   0   3|   0     0 | 626k   19M|   0     0 | 813  3097 |30-11 22:12:34
  5   8  83   0   0   4|   0     0 | 651k   19M|   0     0 | 772  2831 |30-11 22:12:35
  5   9  82   0   0   4|   0     0 | 682k   20M|   0     0 | 843  3260 |30-11 22:12:36
  5   9  82   0   0   5|   0     0 | 686k   20M|   0     0 | 790  3084 |30-11 22:12:37
  4   9  83   0   0   4|   0     0 | 658k   20M|   0     0 | 708  2807 |30-11 22:12:38
  4   8  84   0   0   4|   0     0 | 659k   19M|   0     0 | 768  2899 |30-11 22:12:39
  4   8  84   0   0   5|   0     0 | 671k   20M|   0     0 | 816  3132 |30-11 22:12:40
  3   8  85   0   0   4|   0     0 | 537k   16M|   0     0 | 606  2383 |30-11 22:12:41
  2   1  98   0   0   0|   0  4096B|9544B   10k|   0     0 |  50   251 |30-11 22:12:42
  0   0 100   0   0   0|   0     0 |   0     0 |   0     0 |  22    44 |30-11 22:12:43
  0   0 100   0   0   0|   0     0 |   0     0 |   0     0 |  21    43 |30-11 22:12:44
  1   0  99   0   0   0|   0     0 |5422B 2788B|   0     0 |  36   108 |30-11 22:12:45
  0   0 100   0   0   0|   0     0 |   0     0 |   0     0 |  23    39 |30-11 22:12:46
  0   0  99   0   0   0|   0     0 |1715B 1355B|   0     0 |  31    75 |30-11 22:12:47
 10   8  80   0   0   1|   0  4096B| 305k 9155k|   0     0 | 424  1642 |30-11 22:12:48
  5   9  83   0   0   4|   0     0 | 593k   18M|   0     0 | 649  2795 |30-11 22:12:49
  6   9  80   0   0   5|   0     0 | 633k   19M|   0     0 | 703  2862 |30-11 22:12:50
  4  11  81   0   0   4|   0     0 | 701k   21M|   0     0 | 908  3277 |30-11 22:12:51
  3   7  85   0   0   5|   0     0 | 628k   19M|   0     0 | 834  2936 |30-11 22:12:52
  5   8  82   0   0   6|   0     0 | 680k   20M|   0     0 | 778  3177 |30-11 22:12:53
  6  10  79   0   0   5|   0  4096B| 655k   19M|   0     0 | 723  2986 |30-11 22:12:54
  5   9  65  16   0   5|   0    64k| 656k   20M|   0     0 | 688  2868 |30-11 22:12:55
  4   9  82   0   0   5|   0     0 | 668k   20M|   0     0 | 797  3144 |30-11 22:12:56
  5   8  83   0   0   4|   0     0 | 666k   20M|   0     0 | 683  3086 |30-11 22:12:57
  6   7  83   0   0   5|   0     0 | 663k   20M|   0     0 | 817  3209 |30-11 22:12:58
  6   8  81   0   0   6|   0    64k| 703k   21M|   0     0 | 891  3649 |30-11 22:12:59
  5  10  81   0   0   4|   0     0 | 701k   21M|   0     0 | 703  3071 |30-11 22:13:00
  4   9  84   0   0   3|   0     0 | 542k   16M|   0     0 | 773  2853 |30-11 22:13:01
  4  11  80   0   0   6|   0     0 | 774k   23M|   0     0 | 862  2940 |30-11 22:13:02
  5   7  83   0   0   5|   0     0 | 628k   19M|   0     0 | 842  2830 |30-11 22:13:03
  5   7  83   0   0   5|   0     0 | 675k   20M|   0     0 | 727  2827 |30-11 22:13:04
  5  10  81   0   0   4|   0     0 | 681k   20M|   0     0 | 763  2926 |30-11 22:13:05
  4   9  83   0   0   4|   0     0 | 670k   20M|   0     0 | 722  2832 |30-11 22:13:06
  5   9  81   0   0   5|   0     0 | 692k   20M|   0     0 | 809  2987 |30-11 22:13:07
  3   4  92   0   0   2|   0     0 | 396k   12M|   0     0 | 406  1705 |30-11 22:13:08
  1   1  99   0   0   0|   0  4096B|4056B 7766B|   0     0 |  42   184 |30-11 22:13:09
  0   1  99   0   0   0|   0     0 |5422B 2788B|   0     0 |  40    97 |30-11 22:13:10
  0   0 100   0   0   0|   0     0 |   0     0 |   0     0 |  22    38 |30-11 22:13:11
  0   0 100   0   0   0|   0     0 |   0     0 |   0     0 |  24    51 |30-11 22:13:12
  0   0 100   0   0   0|   0     0 |5422B 2788B|   0     0 |  22    69 |30-11 22:13:13
  1   2  98   0   0   0|   0     0 |3443B 2695B|   0     0 | 106   297 |30-11 22:13:14
  8   9  79   0   0   3|   0     0 | 441k   13M|   0     0 | 455  1976 |30-11 22:13:15
  4   9  84   0   0   2|   0     0 | 632k   19M|   0     0 | 661  2882 |30-11 22:13:16
  4   8  84   0   0   4|   0     0 | 665k   20M|   0     0 | 780  3163 |30-11 22:13:17
  5  10  80   0   0   4|   0     0 | 702k   21M|   0     0 | 871  3620 |30-11 22:13:18
  6   8  81   0   0   6|   0     0 | 654k   19M|   0     0 | 815  2912 |30-11 22:13:19
  6   7  83   0   0   5|   0     0 | 662k   20M|   0     0 | 791  3176 |30-11 22:13:20
  4   8  84   0   0   4|   0     0 | 674k   20M|   0     0 | 804  3088 |30-11 22:13:21
  5   8  83   0   0   4|   0     0 | 645k   19M|   0     0 | 690  2779 |30-11 22:13:22
  4   9  84   0   0   3|   0     0 | 678k   20M|   0     0 | 807  3102 |30-11 22:13:23
  3   7  87   0   0   4|   0  4096B| 647k   19M|   0     0 | 727  2796 |30-11 22:13:24
  6   9  82   1   0   3|   0    44k| 645k   19M|   0     0 | 643  2642 |30-11 22:13:25
  3   6  87   0   0   4|   0     0 | 576k   17M|   0     0 | 687  2866 |30-11 22:13:26
  4   6  86   0   0   4|   0     0 | 527k   16M|   0     0 | 660  2984 |30-11 22:13:27
  1   1  96   0   0   2|   0     0 | 129k 3413k|   0     0 | 174   789 |30-11 22:13:28
  2   4  91   0   0   3|   0     0 | 331k 9380k|   0     0 | 372  1591 |30-11 22:13:29
  3   8  84   0   0   5|   0     0 | 585k   18M|   0     0 | 718  2810 |30-11 22:13:30
  5   8  84   0   0   3|   0     0 | 612k   18M|   0     0 | 714  2836 |30-11 22:13:31
  4   9  82   0   0   5|   0     0 | 619k   18M|   0     0 | 763  2940 |30-11 22:13:32
  5   6  86   0   0   4|   0     0 | 605k   18M|   0     0 | 877  3462 |30-11 22:13:33
  3   9  84   0   0   4|   0  4096B| 592k   18M|   0     0 | 757  2983 |30-11 22:13:34
  1   3  95   0   0   1|   0     0 | 216k 6222k|   0     0 | 249   960 |30-11 22:13:35
  1   1  99   0   0   0|   0  4096B|4584B 8822B|   0     0 |  44   216 |30-11 22:13:36
  0   0 100   0   0   0|   0     0 |   0     0 |   0     0 |  23    57 |30-11 22:13:37
  1   0  99   0   0   0|   0     0 |5422B 2788B|   0     0 |  30    62 |30-11 22:13:38
  0   0 100   0   0   0|   0     0 |   0     0 |   0     0 |  21    27 |30-11 22:13:39
  1   1  99   0   0   0|   0  8192B| 102B  192B|   0     0 |  35    82 |30-11 22:13:40
  9   2  89   0   0   0|   0     0 |9043B 6555B|   0     0 | 206   569 |30-11 22:13:41
  3   8  85   0   0   4|   0     0 | 600k   18M|   0     0 | 778  2776 |30-11 22:13:42
  4  13  80   0   0   4|   0     0 | 704k   21M|   0     0 |1088  3415 |30-11 22:13:43
  4   8  85   0   0   4|   0     0 | 680k   20M|   0     0 | 687  2728 |30-11 22:13:44
  4  10  82   0   0   3|   0  4096B| 702k   21M|   0     0 | 906  3309 |30-11 22:13:45
  4   8  85   0   0   4|   0     0 | 599k   18M|   0     0 | 637  3133 |30-11 22:13:46
  3   6  85   0   0   6|   0     0 | 670k   20M|   0     0 | 918  3427 |30-11 22:13:47
  5   8  83   0   0   5|   0     0 | 687k   20M|   0     0 | 893  3303 |30-11 22:13:48
  4   7  84   0   0   5|   0     0 | 663k   20M|   0     0 | 842  3414 |30-11 22:13:49
  4   7  83   0   0   6|   0     0 | 607k   18M|   0     0 | 820  3001 |30-11 22:13:50
  5  12  80   0   0   4|   0     0 | 684k   20M|   0     0 | 858  3264 |30-11 22:13:51
  5   9  81   0   0   6|   0     0 | 656k   19M|   0     0 |1021  3464 |30-11 22:13:52
  6  10  80   0   0   4|   0     0 | 655k   19M|   0     0 | 821  3202 |30-11 22:13:53
  5   8  82   0   0   6|   0     0 | 618k   18M|   0     0 | 598  2761 |30-11 22:13:54
  5  11  79   0   0   5|   0  4096B| 667k   20M|   0     0 | 655  3046 |30-11 22:13:55
  4   9  79   3   0   5|   0    64k| 624k   18M|   0     0 | 718  3045 |30-11 22:13:56
  3  10  84   0   0   4|   0     0 | 657k   19M|   0     0 | 542  2711 |30-11 22:13:57
  4   9  82   0   0   5|   0     0 | 633k   19M|   0     0 | 645  2739 |30-11 22:13:58
  5   9  81   0   0   5|   0     0 | 681k   20M|   0     0 | 562  2479 |30-11 22:13:59
  6   7  82   0   0   5|   0     0 | 610k   18M|   0     0 | 725  2866 |30-11 22:14:00
  2   9  86   0   0   3|   0     0 | 664k   20M|   0     0 | 781  3036 |30-11 22:14:01
  1   1  97   0   0   1|   0     0 |  95k 2495k|   0     0 | 105   407 |30-11 22:14:02
  1   1  99   0   0   0|   0  4096B|4584B 8822B|   0     0 |  48   198 |30-11 22:14:03
  0   0 100   0   0   0|   0     0 |   0     0 |   0     0 |  26    57 |30-11 22:14:04
  1   1  99   0   0   0|   0  8192B|5422B 2788B|   0     0 |  45   116 |30-11 22:14:05
  0   0 100   0   0   0|   0     0 |   0     0 |   0     0 |  23    37 |30-11 22:14:06
  0   0 100   0   0   0|   0     0 |   0     0 |   0     0 |  23    47 |30-11 22:14:07
  9   2  89   0   0   0|   0     0 |9333B 6261B|   0     0 | 177   490 |30-11 22:14:08
  6   8  81   0   0   5|   0     0 | 600k   18M|   0     0 | 680  2370 |30-11 22:14:09
  5   9  82   0   0   5|   0     0 | 655k   20M|   0     0 | 666  2784 |30-11 22:14:10
  5   8  83   0   0   4|   0     0 | 676k   20M|   0     0 | 710  2962 |30-11 22:14:11
  5  11  80   0   0   5|   0     0 | 689k   20M|   0     0 |1034  3250 |30-11 22:14:12
  4  10  81   0   0   5|   0     0 | 687k   20M|   0     0 | 764  3413 |30-11 22:14:13
  4   5  87   0   0   4|   0     0 | 640k   19M|   0     0 | 771  3257 |30-11 22:14:14
  4   9  84   0   0   3|   0  4096B| 650k   19M|   0     0 | 714  3062 |30-11 22:14:15
  5  11  81   0   0   4|   0     0 | 680k   20M|   0     0 | 793  3314 |30-11 22:14:16
  5   8  82   0   0   6|   0     0 | 691k   20M|   0     0 | 742  3051 |30-11 22:14:17
  5  10  81   0   0   4| 296k    0 | 673k   20M|   0     0 | 898  3247 |30-11 22:14:18
  5  10  80   0   0   6|   0     0 | 675k   20M|   0     0 | 890  3159 |30-11 22:14:19
  7   8  81   0   0   4|   0     0 | 631k   19M|   0     0 | 723  2902 |30-11 22:14:20
  3   9  83   0   0   4|   0     0 | 672k   20M|   0     0 | 712  2691 |30-11 22:14:21
  5   9  83   0   0   3|   0     0 | 666k   20M|   0     0 | 874  3128 |30-11 22:14:22
  5   9  82   0   0   4|   0     0 | 723k   21M|   0     0 | 777  2934 |30-11 22:14:23
  4  10  81   0   0   5|   0     0 | 645k   19M|   0     0 | 747  2919 |30-11 22:14:24
  5   9  81   0   0   4|   0     0 | 696k   21M|   0     0 | 885  3042 |30-11 22:14:25
  6   9  78   2   0   5|   0    76k| 653k   19M|   0     0 | 878  3113 |30-11 22:14:26
  5  12  79   0   0   5|   0     0 | 668k   20M|   0     0 | 811  3122 |30-11 22:14:27
  4  11  81   0   0   4|   0     0 | 665k   20M|   0     0 | 664  2700 |30-11 22:14:28
  1   1  97   0   0   1|   0     0 | 104k 2732k|   0     0 |  91   364 |30-11 22:14:29
  1   1  99   0   0   0|   0  4096B|4584B 8822B|   0     0 |  62   224 |30-11 22:14:30
  0   0 100   0   0   0|   0     0 |   0     0 |   0     0 |  18    27 |30-11 22:14:31
  0   1  99   0   0   0|   0     0 |5422B 2788B|   0     0 |  26    79 |30-11 22:14:32
  0   0 100   0   0   0|   0     0 |   0     0 |   0     0 |  24    38 |30-11 22:14:33
  0   0 100   0   0   0|   0     0 | 102B  192B|   0     0 |  24    39 |30-11 22:14:34
 10   4  85   0   0   1|   0     0 |  71k 1891k|   0     0 | 257   796 |30-11 22:14:35
  5   8  81   0   0   6|   0  8192B| 608k   18M|   0     0 | 705  2851 |30-11 22:14:36
  5   9  82   0   0   4|   0     0 | 634k   19M|   0     0 | 701  2647 |30-11 22:14:37
  4   7  84   0   0   5|   0     0 | 633k   19M|   0     0 | 811  3051 |30-11 22:14:38
  3   8  85   0   0   5|   0     0 | 605k   18M|   0     0 | 759  3061 |30-11 22:14:39
  4   9  83   0   0   3|   0     0 | 636k   19M|   0     0 | 774  2865 |30-11 22:14:40
  5  11  80   0   0   4|   0  4096B| 656k   19M|   0     0 | 743  2976 |30-11 22:14:41
  3   7  83   0   0   7|   0     0 | 646k   19M|   0     0 | 871  3205 |30-11 22:14:42
  5   8  83   0   0   5|   0     0 | 677k   20M|   0     0 | 877  3153 |30-11 22:14:43
  3   8  84   0   0   5|   0     0 | 695k   21M|   0     0 | 733  2837 |30-11 22:14:44
  5  10  81   0   0   5|   0     0 | 638k   19M|   0     0 | 665  2465 |30-11 22:14:45
  5   9  83   0   0   3|   0     0 | 640k   19M|   0     0 | 884  3191 |30-11 22:14:46
  3   7  86   0   0   3|   0     0 | 628k   19M|   0     0 | 627  2731 |30-11 22:14:47
  3   8  85   0   0   4|   0     0 | 654k   19M|   0     0 | 821  3420 |30-11 22:14:48
  5   7  85   0   0   3|   0     0 | 671k   20M|   0     0 | 796  3075 |30-11 22:14:49
  6   9  81   0   0   4|   0     0 | 643k   19M|   0     0 | 684  2856 |30-11 22:14:50
  3   9  81   0   0   7|   0     0 | 681k   20M|   0     0 | 750  2835 |30-11 22:14:51
  3   9  82   0   0   6|   0     0 | 658k   20M|   0     0 | 766  3045 |30-11 22:14:52
  4   7  85   0   0   4|   0     0 | 648k   19M|   0     0 | 782  3063 |30-11 22:14:53
  4   9  84   0   0   3|   0     0 | 655k   19M|   0     0 | 627  2629 |30-11 22:14:54
  3   8  85   0   0   3|   0     0 | 571k   17M|   0     0 | 659  2510 |30-11 22:14:55
  1   1  99   0   0   0|   0  8192B|5640B   11k|   0     0 |  47   197 |30-11 22:14:56
  0   0  98   2   0   0|   0    64k|5422B 2788B|   0     0 |  30    90 |30-11 22:14:57
  0   0 100   0   0   0|   0     0 |   0     0 |   0     0 |  20    35 |30-11 22:14:58
  0   0 100   0   0   0|   0     0 |   0     0 |   0     0 |  18    25 |30-11 22:14:59
  1   0  99   0   0   0|   0     0 |5422B 2788B|   0     0 |  36   113 |30-11 22:15:00
  0   0  99   0   0   0|   0     0 | 247B  140B|   0     0 |  31    65 |30-11 22:15:01
  9   5  84   0   0   2|   0  4096B| 168k 5133k|   0     0 | 320  1187 |30-11 22:15:02
  4   8  82   0   0   6|   0     0 | 642k   19M|   0     0 | 651  2691 |30-11 22:15:03
  5   8  82   0   0   6|   0     0 | 654k   19M|   0     0 | 775  3033 |30-11 22:15:04
  5   9  82   0   0   3|   0     0 | 715k   21M|   0     0 | 655  2721 |30-11 22:15:05
  4   8  85   0   0   4|   0     0 | 614k   18M|   0     0 | 737  2548 |30-11 22:15:06
  4   8  84   0   0   5|   0  4096B| 614k   18M|   0     0 | 601  2251 |30-11 22:15:07
  5   7  82   0   0   6|   0     0 | 679k   20M|   0     0 | 853  3138 |30-11 22:15:08
  5   9  82   0   0   4|   0     0 | 636k   19M|   0     0 | 810  2998 |30-11 22:15:09
  4  10  81   0   0   5|   0     0 | 655k   19M|   0     0 | 856  3050 |30-11 22:15:10
  4   9  81   0   0   6|   0     0 | 694k   21M|   0     0 | 723  2808 |30-11 22:15:11
  5   9  82   0   0   5|   0     0 | 649k   19M|   0     0 | 632  2605 |30-11 22:15:12
  5   9  83   0   0   4|   0     0 | 629k   19M|   0     0 | 786  3021 |30-11 22:15:13
  4   7  85   0   0   4|   0     0 | 611k   18M|   0     0 | 736  2878 |30-11 22:15:14
  6   7  82   0   0   5|   0     0 | 656k   19M|   0     0 | 786  2954 |30-11 22:15:15
  5  10  82   0   0   4|   0     0 | 662k   20M|   0     0 | 732  2967 |30-11 22:15:16
  5   9  81   0   0   4|   0     0 | 643k   19M|   0     0 | 665  2856 |30-11 22:15:17
  6   8  81   0   0   5|   0     0 | 642k   19M|   0     0 | 781  3057 |30-11 22:15:18
  3   8  83   0   0   5|   0     0 | 634k   19M|   0     0 | 802  3146 |30-11 22:15:19
  5   8  82   0   0   5|   0     0 | 644k   19M|   0     0 | 791  3041 |30-11 22:15:20
  6   8  83   0   0   4|   0     0 | 657k   19M|   0     0 | 612  2478 |30-11 22:15:21
  3   6  87   0   0   4|   0     0 | 437k   13M|   0     0 | 469  1941 |30-11 22:15:22
  1   0  99   0   0   0|   0  4096B|5706B   11k|   0     0 |  53   204 |30-11 22:15:23
  0   0 100   0   0   0|   0     0 |5422B 2788B|   0     0 |  26    80 |30-11 22:15:24
  0   1 100   0   0   0|   0     0 |   0     0 |   0     0 |  31    70 |30-11 22:15:25
  0   0 100   0   0   0|   0     0 |   0     0 |   0     0 |  24    35 |30-11 22:15:26
  1   0 100   0   0   0|   0    24k|5422B 2788B|   0     0 |  26    80 |30-11 22:15:27
  1   1  97   2   0   0|   0    40k|2725B 2601B|   0     0 |  49   148 |30-11 22:15:28
 10   8  79   0   0   4|   0     0 | 330k   10M|   0     0 | 447  1952 |30-11 22:15:29
  4   8  82   0   0   6|   0     0 | 645k   19M|   0     0 | 647  2719 |30-11 22:15:30
  3  10  82   0   0   6|   0     0 | 637k   19M|   0     0 | 836  3421 |30-11 22:15:31
  3   8  85   0   0   5|   0  8192B| 620k   18M|   0     0 | 638  2620 |30-11 22:15:32
  4  11  82   0   0   3|   0     0 | 674k   20M|   0     0 | 719  2910 |30-11 22:15:33
  4   7  85   0   0   4|   0     0 | 617k   18M|   0     0 | 649  2751 |30-11 22:15:34
  7   7  82   0   0   4|   0     0 | 624k   19M|   0     0 | 773  3050 |30-11 22:15:35
  3   9  83   0   0   5|   0     0 | 643k   19M|   0     0 | 618  2630 |30-11 22:15:36
  4   7  84   0   0   5|   0     0 | 669k   20M|   0     0 | 735  2969 |30-11 22:15:37
  5   8  83   0   0   3|   0     0 | 626k   19M|   0     0 | 712  2829 |30-11 22:15:38
  5   8  83   0   0   4|   0     0 | 662k   20M|   0     0 | 737  3024 |30-11 22:15:39
  6   9  81   0   0   4|   0     0 | 716k   21M|   0     0 | 763  2979 |30-11 22:15:40
  7   8  81   0   0   4|   0     0 | 655k   19M|   0     0 | 720  2944 |30-11 22:15:41
  5   7  83   0   0   4|   0  8192B| 645k   19M|   0     0 | 705  2944 |30-11 22:15:42
  5  10  83   0   0   3|   0     0 | 640k   19M|   0     0 | 696  3103 |30-11 22:15:43
  5   8  84   0   0   3|   0     0 | 631k   19M|   0     0 | 745  3055 |30-11 22:15:44
  5  11  79   0   0   5|   0     0 | 636k   19M|   0     0 | 650  2892 |30-11 22:15:45
  4  10  82   0   0   4|   0     0 | 631k   19M|   0     0 | 707  3247 |30-11 22:15:46
  4   8  83   0   0   5|   0     0 | 625k   19M|   0     0 | 745  3051 |30-11 22:15:47
  5   7  83   0   0   4|   0     0 | 637k   19M|   0     0 | 851  3300 |30-11 22:15:48
  3   3  92   0   0   2|   0     0 | 271k 7755k|   0     0 | 303  1251 |30-11 22:15:49
  1   1  98   0   0   0|   0  4096B|5706B   11k|   0     0 |  71   269 |30-11 22:15:50
  0   0 100   0   0   0|   0     0 |   0     0 |   0     0 |  27   125 |30-11 22:15:51
  0   0  99   0   0   0|   0     0 |5422B 2788B|   0     0 |  32    72 |30-11 22:15:52
  0   0 100   0   0   0|   0     0 |   0     0 |   0     0 |  23    43 |30-11 22:15:53
  2   0  98   0   0   0|   0     0 |2679B 5564B|   0     0 |  47   122 |30-11 22:15:54
  7   4  90   0   0   0|   0     0 |9043B 5549B|   0     0 | 155   462 |30-11 22:15:55
  6   8  83   0   0   3|   0     0 | 546k   16M|   0     0 | 502  2034 |30-11 22:15:56
  5   7  84   0   0   4|   0     0 | 625k   19M|   0     0 | 711  2748 |30-11 22:15:57
  6   8  83   0   0   3|   0     0 | 618k   18M|   0     0 | 744  3212 |30-11 22:15:58
  4   8  81   3   0   5|   0    88k| 631k   19M|   0     0 | 745  3040 |30-11 22:15:59
  4   9  84   0   0   4|   0     0 | 612k   18M|   0     0 | 613  2606 |30-11 22:16:00
  4   9  84   0   0   3|   0     0 | 634k   19M|   0     0 | 727  2977 |30-11 22:16:01
  2   8  87   0   0   4|   0     0 | 578k   17M|   0     0 | 798  3137 |30-11 22:16:02
  2   9  86   0   0   3|   0     0 | 628k   19M|   0     0 | 643  2448 |30-11 22:16:03
  4   7  83   0   0   5|   0     0 | 662k   19M|   0     0 | 839  3180 |30-11 22:16:04
  5  12  75   0   0   7|   0     0 | 713k   21M|   0     0 | 761  2707 |30-11 22:16:05
  5  11  81   0   0   4|   0     0 | 698k   21M|   0     0 | 773  2868 |30-11 22:16:06
  5   8  81   0   0   6|   0     0 | 639k   19M|   0     0 | 765  2815 |30-11 22:16:07
  4  10  79   0   0   7|   0     0 | 676k   20M|   0     0 | 804  3002 |30-11 22:16:08
  4   9  83   0   0   4|   0     0 | 686k   20M|   0     0 | 778  2879 |30-11 22:16:09
  5   9  82   0   0   5|   0     0 | 656k   19M|   0     0 | 834  3111 |30-11 22:16:10
  4   9  83   0   0   4|   0     0 | 694k   21M|   0     0 | 876  3165 |30-11 22:16:11
  6   9  82   0   0   3|   0     0 | 650k   19M|   0     0 | 739  2793 |30-11 22:16:12
  6  10  80   0   0   4|   0  8192B| 646k   19M|   0     0 | 768  2977 |30-11 22:16:13
  6   8  82   0   0   4|   0     0 | 628k   19M|   0     0 | 790  3089 |30-11 22:16:14
  3   8  85   0   0   4|   0     0 | 606k   18M|   0     0 | 807  3016 |30-11 22:16:15
  2   2  95   0   0   2|   0     0 | 147k 3924k|   0     0 | 193   690 |30-11 22:16:16
  1   1  99   0   0   0|   0  4096B|6960B   13k|   0     0 |  53   217 |30-11 22:16:17
  0   0 100   0   0   0|   0     0 |   0     0 |   0     0 |  20    31 |30-11 22:16:18
  0   0  99   0   0   0|   0     0 |5512B 2878B|   0     0 |  51    89 |30-11 22:16:19
  0   1 100   0   0   0|   0     0 |   0     0 |   0     0 |  36    79 |30-11 22:16:20
  0   0 100   0   0   0|   0     0 |   0     0 |   0     0 |  24    46 |30-11 22:16:21
  9   5  86   0   0   1|   0     0 |  36k  799k|   0     0 | 201   664 |30-11 22:16:22
  2   6  88   0   0   4|   0  8192B| 564k   17M|   0     0 | 625  2466 |30-11 22:16:23
  5   8  84   0   0   3|   0     0 | 663k   20M|   0     0 | 812  3140 |30-11 22:16:24
  4   9  82   0   0   5|   0     0 | 662k   20M|   0     0 | 706  2732 |30-11 22:16:25
  5   8  81   0   0   6|   0     0 | 669k   20M|   0     0 | 904  3420 |30-11 22:16:26
  3   8  85   0   0   4|   0     0 | 615k   18M|   0     0 | 693  2835 |30-11 22:16:27
  5  11  79   0   0   5|   0     0 | 701k   21M|   0     0 | 804  3414 |30-11 22:16:28
  3   6  86   1   0   4|   0    60k| 647k   19M|   0     0 | 713  2931 |30-11 22:16:29
  4   9  82   0   0   5|   0     0 | 655k   19M|   0     0 | 715  2862 |30-11 22:16:30
  4  10  79   0   0   6|   0     0 | 684k   20M|   0     0 | 780  2969 |30-11 22:16:31
  5   9  82   0   0   5|   0     0 | 628k   19M|   0     0 | 639  2583 |30-11 22:16:32
  3   9  82   0   0   6|   0     0 | 647k   19M|   0     0 | 703  2616 |30-11 22:16:33
  5   8  80   0   0   7|   0    84k| 686k   20M|   0     0 | 773  3163 |30-11 22:16:34
  3   3  92   0   0   3|   0     0 | 335k 9206k|   0     0 | 408  1642 |30-11 22:16:35
  1   3  93   0   0   3|   0     0 | 299k 9278k|   0     0 | 296  1130 |30-11 22:16:36
  4  10  83   0   0   3|   0     0 | 641k   19M|   0     0 | 721  2762 |30-11 22:16:37
  3   7  85   0   0   5|   0     0 | 669k   20M|   0     0 | 685  2854 |30-11 22:16:38
  6   9  82   0   0   4|   0     0 | 646k   19M|   0     0 | 724  3071 |30-11 22:16:39
  5  11  79   0   0   5|   0     0 | 672k   20M|   0     0 | 900  3496 |30-11 22:16:40
  4   7  85   0   0   4|   0     0 | 649k   19M|   0     0 | 681  2751 |30-11 22:16:41
  5   8  84   0   0   4|   0     0 | 637k   19M|   0     0 | 771  3052 |30-11 22:16:42
  1   1  98   0   0   0|   0  4096B|  12k   16k|   0     0 |  43   211 |30-11 22:16:43
  0   0 100   0   0   0|   0  4096B|   0     0 |   0     0 |  24    76 |30-11 22:16:44
  1   0 100   0   0   0|   0     0 |   0     0 |   0     0 |  34    79 |30-11 22:16:45
  1   0  99   0   0   0|   0     0 |5422B 2788B|   0     0 |  29    83 |30-11 22:16:46
  0   0 100   0   0   0|   0     0 |   0     0 |   0     0 |  18    30 |30-11 22:16:47
  0   0 100   0   0   0|   0     0 |   0     0 |   0     0 |  23    41 |30-11 22:16:48
 10   8  81   0   0   1|   0     0 | 273k 8008k|   0     0 | 261   960 |30-11 22:16:49
  5  11  80   0   0   4|   0     0 | 651k   20M|   0     0 | 696  3035 |30-11 22:16:50
  3   9  83   0   0   5|   0     0 | 670k   20M|   0     0 | 705  3133 |30-11 22:16:51
  4   6  85   0   0   5|   0     0 | 597k   18M|   0     0 | 645  2649 |30-11 22:16:52
  2   2  93   0   0   3|   0     0 | 231k 6135k|   0     0 | 325  1471 |30-11 22:16:53
  2   4  93   0   0   2|   0     0 | 266k 7715k|   0     0 | 343  1360 |30-11 22:16:54
  3   6  89   0   0   2|   0     0 | 442k   13M|   0     0 | 388  1677 |30-11 22:16:55
  3   3  92   0   0   3|   0     0 | 264k 6908k|   0     0 | 236  1084 |30-11 22:16:56
  4   7  82   0   0   6|   0     0 | 523k   16M|   0     0 | 602  2579 |30-11 22:16:57
  3   7  86   0   0   4|   0     0 | 566k   17M|   0     0 | 565  2451 |30-11 22:16:58
  6   8  82   0   0   4|   0     0 | 733k   22M|   0     0 | 674  2842 |30-11 22:16:59
  5   9  75   8   0   3|   0    56k| 643k   19M|   0     0 | 715  2985 |30-11 22:17:00
  5  11  82   0   0   3|8192B    0 | 649k   19M|   0     0 | 752  2994 |30-11 22:17:01
  7   9  80   0   0   5|   0     0 | 666k   20M|   0     0 | 590  2419 |30-11 22:17:02
  3   9  84   0   0   4|   0     0 | 693k   21M|   0     0 | 746  2772 |30-11 22:17:03
  3   8  84   0   0   4|   0     0 | 663k   20M|   0     0 | 763  2998 |30-11 22:17:04
  4  10  82   0   0   4|   0     0 | 695k   20M|   0     0 | 593  2501 |30-11 22:17:05
  5  10  79   0   0   6|   0     0 | 707k   21M|   0     0 | 788  2983 |30-11 22:17:06
  6   8  82   0   0   5|   0     0 | 631k   19M|   0     0 | 663  2869 |30-11 22:17:07
  4   8  85   0   0   3|   0     0 | 640k   19M|   0     0 | 741  2800 |30-11 22:17:08
  4   6  88   0   0   2|   0     0 | 496k   14M|   0     0 | 577  2109 |30-11 22:17:09
  1   0  99   0   0   1|   0  4096B|7026B   13k|   0     0 |  68   225 |30-11 22:17:10
  0   0  99   0   0   0|   0     0 |   0     0 |   0     0 |  36    84 |30-11 22:17:11
  0   0 100   0   0   0|   0     0 |5844B 3500B|   0     0 |  22    68 |30-11 22:17:12
  0   0 100   0   0   0|   0     0 |   0     0 |   0     0 |  19    22 |30-11 22:17:13
  0   0 100   0   0   0|   0     0 |   0     0 |   0     0 |  18    25 |30-11 22:17:14
  1   1  98   0   0   0|   0  8192B|7383B 4639B|   0     0 |  40   117 |30-11 22:17:15
  7   7  84   0   0   2|   0     0 | 209k 6382k|   0     0 | 333  1131 |30-11 22:17:16
  4   7  85   0   0   5|   0     0 | 531k   15M|   0     0 | 542  1973 |30-11 22:17:17
  4   5  88   0   0   3|   0     0 | 512k   15M|   0     0 | 382  1523 |30-11 22:17:18
  3   4  91   0   0   3|   0     0 | 389k   12M|   0     0 | 356  1392 |30-11 22:17:19
  3   8  83   0   0   6|   0  4096B| 629k   19M|   0     0 | 613  2375 |30-11 22:17:20
  6   7  83   0   0   4|   0     0 | 647k   19M|   0     0 | 711  2712 |30-11 22:17:21
  4   7  84   0   0   5|   0     0 | 578k   17M|   0     0 | 600  2458 |30-11 22:17:22
  3   8  86   0   0   3|   0     0 | 573k   17M|   0     0 | 605  2591 |30-11 22:17:23
  5   8  83   0   0   4|   0     0 | 651k   19M|   0     0 | 731  3040 |30-11 22:17:24
  5   9  84   0   0   3|   0     0 | 648k   19M|   0     0 | 603  2596 |30-11 22:17:25
  6   7  83   0   0   4|   0     0 | 626k   19M|   0     0 | 691  2846 |30-11 22:17:26
  4   7  86   0   0   2|   0     0 | 604k   18M|   0     0 | 682  2772 |30-11 22:17:27
  3   7  87   0   0   3|   0     0 | 608k   18M|   0     0 | 747  2869 |30-11 22:17:28
  3   7  87   0   0   3|   0     0 | 553k   16M|   0     0 | 530  2408 |30-11 22:17:29
  4   8  83   0   0   5|   0     0 | 618k   18M|   0     0 | 726  2956 |30-11 22:17:30
  5   6  83   2   0   4|   0    76k| 567k   17M|   0     0 | 796  3012 |30-11 22:17:31
  3   9  84   0   0   3|   0     0 | 630k   19M|   0     0 | 756  3208 |30-11 22:17:32
  3   8  86   0   0   4|   0     0 | 581k   17M|   0     0 | 550  2448 |30-11 22:17:33
  3   7  85   0   0   5|   0     0 | 614k   18M|   0     0 | 583  2461 |30-11 22:17:34
  5   6  83   0   0   6|   0    80k| 657k   20M|   0     0 | 705  2889 |30-11 22:17:35
  2   4  90   0   0   4|   0     0 | 382k   11M|   0     0 | 353  1527 |30-11 22:17:36
  1   0  99   0   0   0|   0  4096B|8280B   16k|   0     0 |  52   222 |30-11 22:17:37
  0   0 100   0   0   0|   0     0 |   0     0 |   0     0 |  22    47 |30-11 22:17:38
  0   0 100   0   0   0|   0     0 |5422B 2788B|   0     0 |  26    86 |30-11 22:17:39
  0   0 100   0   0   0|   0     0 |   0     0 |   0     0 |  24    43 |30-11 22:17:40
  0   1  99   0   0   0|   0     0 | 306B  348B|   0     0 |  34    76 |30-11 22:17:41
  2   2  96   0   0   0|   0     0 |9043B 5483B|   0     0 | 124   357 |30-11 22:17:42
  8   6  84   0   0   2|   0     0 | 205k 6334k|   0     0 | 279  1248 |30-11 22:17:43
  4   5  87   0   0   4|   0     0 | 594k   18M|   0     0 | 758  2941 |30-11 22:17:44
  4  11  80   0   0   5|   0     0 | 677k   20M|   0     0 | 673  2716 |30-11 22:17:45
  4   7  86   0   0   3|   0     0 | 609k   18M|   0     0 | 577  2406 |30-11 22:17:46
  4   9  82   0   0   5|   0     0 | 650k   19M|   0     0 | 758  2930 |30-11 22:17:47
  4   8  85   0   0   3|   0     0 | 660k   19M|   0     0 | 794  3092 |30-11 22:17:48
  5  11  81   0   0   4|   0     0 | 663k   20M|   0     0 | 684  2653 |30-11 22:17:49
  4   6  85   0   0   6|   0    12k| 621k   18M|   0     0 | 727  2729 |30-11 22:17:50
  5   8  83   0   0   4|   0     0 | 623k   18M|   0     0 | 729  2760 |30-11 22:17:51
  3   8  85   0   0   4|   0     0 | 595k   18M|   0     0 | 636  2447 |30-11 22:17:52
  3   9  84   0   0   4|   0     0 | 594k   18M|   0     0 | 632  2461 |30-11 22:17:53
  5   8  84   0   0   3|   0     0 | 602k   18M|   0     0 | 720  2687 |30-11 22:17:54
  5   8  84   0   0   4|   0     0 | 611k   18M|   0     0 | 659  2596 |30-11 22:17:55
  4   9  83   0   0   5|   0     0 | 600k   18M|   0     0 | 639  2529 |30-11 22:17:56
  5   8  83   0   0   5|   0     0 | 645k   19M|   0     0 | 779  3053 |30-11 22:17:57
  4   7  86   0   0   3|   0     0 | 556k   17M|   0     0 | 649  2364 |30-11 22:17:58
  4   7  85   0   0   4|   0     0 | 659k   20M|   0     0 | 636  2549 |30-11 22:17:59
  6  10  81   0   0   3|   0     0 | 715k   21M|   0     0 | 628  2485 |30-11 22:18:00
  5   6  83   1   0   5|   0    60k| 716k   21M|   0     0 | 542  2364 |30-11 22:18:01
  6   7  83   0   0   4|   0     0 | 675k   20M|   0     0 | 686  2471 |30-11 22:18:02
  4   6  87   0   0   4|   0     0 | 705k   20M|   0     0 | 655  2352 |30-11 22:18:03
  1   2  96   0   0   1|   0     0 | 207k 6157k|   0     0 | 227   760 |30-11 22:18:04
  1   0  99   0   0   0|   0  8192B|8280B   16k|   0     0 |  38   193 |30-11 22:18:05
  0   1 100   0   0   0|   0     0 |   0     0 |   0     0 |  33    75 |30-11 22:18:06
  1   0  99   0   0   0|   0     0 |5422B 2788B|   0     0 |  27    72 |30-11 22:18:07
  0   0 100   0   0   0|   0     0 |   0     0 |   0     0 |  24    53 |30-11 22:18:08
  0   0 100   0   0   0|   0     0 |   0     0 |   0     0 |  18    25 |30-11 22:18:09
  8   3  89   0   0   0|   0     0 |9109B 6665B|   0     0 | 208   592 |30-11 22:18:10
  5  10  81   0   0   5|   0     0 | 687k   21M|   0     0 | 527  2368 |30-11 22:18:11
  4   8  83   0   0   5|   0     0 | 668k   20M|   0     0 | 812  3186 |30-11 22:18:12
  5   9  82   0   0   3|   0     0 | 646k   19M|   0     0 | 741  3065 |30-11 22:18:13
  3   7  86   0   0   4|   0     0 | 655k   19M|   0     0 | 703  3070 |30-11 22:18:14
  5   9  82   0   0   4|   0     0 | 668k   20M|   0     0 | 701  2975 |30-11 22:18:15
  4  12  80   0   0   4|   0  4096B| 685k   20M|   0     0 | 801  3153 |30-11 22:18:16
  5   8  83   0   0   4|   0     0 | 690k   21M|   0     0 | 753  3079 |30-11 22:18:17
  4   7  85   0   0   4|   0     0 | 632k   19M|   0     0 | 758  3026 |30-11 22:18:18
  5   9  81   0   0   5|   0     0 | 618k   18M|   0     0 | 626  2723 |30-11 22:18:19
  4   7  85   0   0   4|   0     0 | 633k   19M|   0     0 | 620  2305 |30-11 22:18:20
  4   8  84   0   0   4|   0  8192B| 660k   20M|   0     0 | 683  2615 |30-11 22:18:21
  4  10  82   0   0   4|   0     0 | 672k   20M|   0     0 | 725  2667 |30-11 22:18:22
  4   6  85   0   0   5|   0     0 | 585k   17M|   0     0 | 767  2931 |30-11 22:18:23
  5   7  81   0   0   7|   0     0 | 642k   19M|   0     0 | 876  3356 |30-11 22:18:24
  4   6  86   0   0   4|   0     0 | 654k   19M|   0     0 | 878  3145 |30-11 22:18:25
  5  10  83   0   0   2|   0     0 | 608k   18M|   0     0 | 818  2884 |30-11 22:18:26
  4   7  85   0   0   4|   0     0 | 623k   19M|   0     0 | 810  3034 |30-11 22:18:27
  5  10  81   0   0   4|   0     0 | 693k   20M|   0     0 | 814  3071 |30-11 22:18:28
  5   8  82   0   0   5|   0     0 | 641k   19M|   0     0 | 816  3101 |30-11 22:18:29
  5   9  81   0   0   6|   0     0 | 667k   20M|   0     0 | 715  2882 |30-11 22:18:30
  1   1  98   0   0   1|   0    16k|  49k  834k|   0     0 |  83   294 |30-11 22:18:31
  1   1  98   1   0   0|   0    48k|8346B   16k|   0     0 |  50   214 |30-11 22:18:32
  0   0 100   0   0   0|   0     0 |   0     0 |   0     0 |  24    48 |30-11 22:18:33
  0   0 100   0   0   0|   0     0 |5524B 2980B|   0     0 |  24    71 |30-11 22:18:34
  0   0 100   0   0   0|   0     0 |   0     0 |   0     0 |  22    31 |30-11 22:18:35
  0   0  99   0   0   0|   0     0 |   0     0 |   0     0 |  37    90 |30-11 22:18:36
  9   6  86   0   0   0|   0  8192B|  38k  989k|   0     0 | 208   652 |30-11 22:18:37
  3   3  94   0   0   1|   0     0 | 326k   10M|   0     0 | 154   741 |30-11 22:18:38
  3   5  90   0   0   2|   0     0 | 397k   12M|   0     0 | 343  1252 |30-11 22:18:39
  3   6  88   0   0   3|   0     0 | 509k   15M|   0     0 | 599  2381 |30-11 22:18:40
  4  11  83   0   0   3|   0     0 | 538k   16M|   0     0 | 650  2349 |30-11 22:18:41
  6   6  86   0   0   2|   0     0 | 520k   15M|   0     0 | 623  2406 |30-11 22:18:42
  3   7  88   0   0   3|   0     0 | 524k   15M|   0     0 | 573  2219 |30-11 22:18:43
  3   6  88   0   0   4|   0     0 | 524k   16M|   0     0 | 642  2330 |30-11 22:18:44
  5   8  84   0   0   4|   0     0 | 537k   16M|   0     0 | 631  2315 |30-11 22:18:45
  4   9  84   0   0   3|   0     0 | 560k   16M|   0     0 | 717  2730 |30-11 22:18:46
  3   6  87   0   0   4|   0     0 | 563k   17M|   0     0 | 632  2492 |30-11 22:18:47
  4   7  87   0   0   3|   0     0 | 525k   16M|   0     0 | 602  2511 |30-11 22:18:48
  5   6  85   0   0   4|   0     0 | 550k   16M|   0     0 | 581  2457 |30-11 22:18:49
  4   6  86   0   0   4|   0     0 | 573k   17M|   0     0 | 554  2301 |30-11 22:18:50
  4   7  87   0   0   3|   0     0 | 576k   17M|   0     0 | 532  2374 |30-11 22:18:51
  4   7  86   0   0   3|   0  4096B| 566k   17M|   0     0 | 588  2492 |30-11 22:18:52
  5   8  83   0   0   5|   0     0 | 532k   16M|   0     0 | 553  2284 |30-11 22:18:53
  4   6  86   0   0   4|   0     0 | 519k   15M|   0     0 | 504  2196 |30-11 22:18:54
  4   7  87   0   0   3|   0     0 | 488k   14M|   0     0 | 505  2128 |30-11 22:18:55
  2   5  91   0   0   2|   0     0 | 253k 6408k|   0     0 | 190   936 |30-11 22:18:56
  2   4  91   0   0   3|   0     0 | 321k 9402k|   0     0 | 216  1050 |30-11 22:18:57
  1   1  98   0   0   0|   0  8192B|  42k  839k|   0     0 |  50   303 |30-11 22:18:58
  0   0 100   0   0   0|   0     0 |5090B 6456B|   0     0 |  22    67 |30-11 22:18:59
  0   0 100   0   0   0|   0     0 |   0     0 |   0     0 |  24    53 |30-11 22:19:00
  0   0 100   0   0   0|   0     0 |   0     0 |   0     0 |  33    73 |30-11 22:19:01
  1   0  99   0   0   0|   0  8192B|5422B 2788B|   0     0 |  23    72 |30-11 22:19:02
  0   1  97   2   0   0|   0    64k| 247B  247B|   0     0 |  32    87 |30-11 22:19:03
 13   8  76   0   0   3|   0     0 | 361k   10M|   0     0 | 295  1024 |30-11 22:19:04
  4   9  83   0   0   3|   0     0 | 799k   24M|   0     0 | 276  1288 |30-11 22:19:05
  5   7  83   0   0   5|   0     0 | 776k   23M|   0     0 | 394  1638 |30-11 22:19:06
  5  11  78   0   0   5|   0  8192B| 783k   23M|   0     0 | 438  1695 |30-11 22:19:07
  6   8  81   0   0   5|   0     0 | 764k   23M|   0     0 | 550  2381 |30-11 22:19:08
  5   7  84   0   0   4|   0     0 | 657k   20M|   0     0 | 501  2256 |30-11 22:19:09
  3   7  84   0   0   6|   0     0 | 676k   20M|   0     0 | 545  2450 |30-11 22:19:10
  5  10  80   0   0   5|   0     0 | 694k   20M|   0     0 | 587  2554 |30-11 22:19:11
  4   8  82   0   0   6|   0     0 | 692k   21M|   0     0 | 593  2344 |30-11 22:19:12
  5   8  82   0   0   5|   0     0 | 695k   21M|   0     0 | 563  2378 |30-11 22:19:13
  5  10  81   0   0   4|   0     0 | 669k   20M|   0     0 | 585  2455 |30-11 22:19:14
  5   9  82   0   0   5|   0     0 | 669k   20M|   0     0 | 588  2611 |30-11 22:19:15
  6  10  80   0   0   4|   0     0 | 725k   21M|   0     0 | 677  2817 |30-11 22:19:16
  6   9  81   0   0   4|   0     0 | 749k   22M|   0     0 | 651  2688 |30-11 22:19:17
  4  11  81   0   0   4|   0     0 | 730k   22M|   0     0 | 592  2456 |30-11 22:19:18
  4   8  84   0   0   4|   0     0 | 686k   20M|   0     0 | 612  2491 |30-11 22:19:19
  6   9  81   0   0   4|   0     0 | 766k   23M|   0     0 | 633  2564 |30-11 22:19:20
  4  10  82   0   0   4|   0     0 | 712k   21M|   0     0 | 640  2604 |30-11 22:19:21
  4   7  85   0   0   4|   0     0 | 677k   20M|   0     0 | 541  2349 |30-11 22:19:22
  5   9  82   0   0   4|   0  8192B| 714k   21M|   0     0 | 574  2410 |30-11 22:19:23
  3   6  90   0   0   2|   0     0 | 440k   12M|   0     0 | 410  1703 |30-11 22:19:24
  1   0  98   0   0   1|   0  4096B|  13k   26k|   0     0 |  43   187 |30-11 22:19:25
  0   1  99   0   0   0|   0     0 |5422B 2788B|   0     0 |  37   110 |30-11 22:19:26
  0   0 100   0   0   0|   0     0 |   0     0 |   0     0 |  22    42 |30-11 22:19:27
  0   0 100   0   0   0|   0     0 |   0     0 |   0     0 |  21    38 |30-11 22:19:28
  1   0  99   0   0   0|   0     0 |5422B 2788B|   0     0 |  22    67 |30-11 22:19:29
  1   0  99   0   0   0|   0     0 |2153B 2093B|   0     0 |  37    91 |30-11 22:19:30
  9   8  81   0   0   2|   0     0 | 363k   11M|   0     0 | 262   989 |30-11 22:19:31
  2  10  86   0   0   2|   0     0 | 613k   18M|   0     0 | 184   897 |30-11 22:19:32
  4   6  87   0   0   4|   0    24k| 564k   17M|   0     0 | 316  1568 |30-11 22:19:33
  4   6  85   2   0   3|   0    48k| 574k   17M|   0     0 | 486  2111 |30-11 22:19:34
  4   8  85   0   0   3|   0     0 | 602k   18M|   0     0 | 500  2136 |30-11 22:19:35
  2   9  84   0   0   5|   0     0 | 649k   19M|   0     0 | 576  2420 |30-11 22:19:36
  4   8  84   0   0   4|   0     0 | 626k   19M|   0     0 | 485  2225 |30-11 22:19:37
  3   7  86   0   0   3|   0     0 | 643k   19M|   0     0 | 532  2258 |30-11 22:19:38
  5   7  84   0   0   4|   0     0 | 643k   19M|   0     0 | 471  2062 |30-11 22:19:39
  4   8  84   0   0   5|   0     0 | 632k   19M|   0     0 | 542  2256 |30-11 22:19:40
  4   7  85   0   0   4|   0     0 | 649k   19M|   0     0 | 515  2223 |30-11 22:19:41
  4   9  82   0   0   5|   0     0 | 674k   20M|   0     0 | 597  2323 |30-11 22:19:42
  6   9  80   0   0   5|   0     0 | 650k   19M|   0     0 | 570  2278 |30-11 22:19:43
  4   9  82   0   0   5|   0     0 | 629k   19M|   0     0 | 511  2118 |30-11 22:19:44
  3  12  81   0   0   4|   0     0 | 657k   20M|   0     0 | 587  2237 |30-11 22:19:45
  6   9  81   0   0   5|   0     0 | 673k   20M|   0     0 | 604  2397 |30-11 22:19:46
  6   7  83   0   0   4|   0     0 | 690k   20M|   0     0 | 650  2565 |30-11 22:19:47
  6   7  82   0   0   5|   0     0 | 659k   20M|   0     0 | 651  2444 |30-11 22:19:48
  5   7  83   0   0   5|   0     0 | 648k   19M|   0     0 | 642  2537 |30-11 22:19:49
  6  10  80   0   0   4|   0     0 | 649k   19M|   0     0 | 684  2528 |30-11 22:19:50
  2   5  92   0   0   1|   0     0 | 310k 8617k|   0     0 | 394  1414 |30-11 22:19:51
  1   1  98   0   0   0|   0  4096B|  13k   26k|   0     0 |  51   207 |30-11 22:19:52
  0   0 100   0   0   0|   0     0 |   0     0 |   0     0 |  26    51 |30-11 22:19:53
  0   1 100   0   0   0|   0     0 |5422B 2788B|   0     0 |  29    66 |30-11 22:19:54
  0   0 100   0   0   0|   0     0 |   0     0 |   0     0 |  23    35 |30-11 22:19:55
  1   1  98   0   0   0|   0     0 |2679B 5564B|   0     0 |  62   163 |30-11 22:19:56
  1   0  99   0   0   0|   0     0 |5422B 2788B|   0     0 |  26    83 |30-11 22:19:57
  0   0 100   0   0   0|   0    12k|   0     0 |   0     0 |  24    44 |30-11 22:19:58
