[7l----total-cpu-usage---- -dsk/total- -net/total- ---paging-- ---system-- ----system----
usr sys idl wai hiq siq| read  writ| recv  send|  in   out | int   csw |     time     
 15   3  66  15   0   0| 595k 3400k|   0     0 |   0     0 | 180   677 |30-11 22:06:34
  3   3  92   0   0   3|   0     0 | 342k   10M|   0     0 |1295  5368 |30-11 22:06:35
  4   3  91   0   0   3|   0     0 | 335k   10M|   0     0 |1301  5288 |30-11 22:06:36
  4   4  89   0   0   3|   0     0 | 347k   10M|   0     0 |1320  5411 |30-11 22:06:37
  3   6  88   0   0   3|   0     0 | 345k   10M|   0     0 |1373  5482 |30-11 22:06:38
  3   7  86   0   0   4|   0    16k| 343k   10M|   0     0 |1332  5462 |30-11 22:06:39
  5   4  87   2   0   3|   0   104k| 327k 9633k|   0     0 |1261  5106 |30-11 22:06:40
  4   3  91   0   0   3|   0     0 | 335k   10M|   0     0 |1276  5261 |30-11 22:06:41
  4   3  90   0   0   4|   0     0 | 298k 8935k|   0     0 |1159  4766 |30-11 22:06:42
  5   7  86   0   0   2|   0     0 | 280k 8282k|   0     0 |1135  4553 |30-11 22:06:43
  2   5  90   0   0   3|   0    12k| 326k 9604k|   0     0 |1239  5099 |30-11 22:06:44
  3   5  89   0   0   3|   0     0 | 318k 9524k|   0     0 |1233  5149 |30-11 22:06:45
  3   6  87   0   0   3|   0     0 | 317k 9491k|   0     0 |1249  5108 |30-11 22:06:46
  3   3  92   0   0   3|   0     0 | 322k 9481k|   0     0 |1222  4998 |30-11 22:06:47
  4   3  88   0   0   4|   0     0 | 290k 8676k|   0     0 |1145  4679 |30-11 22:06:48
  4   5  88   0   0   3|   0     0 | 322k 9630k|   0     0 |1234  5103 |30-11 22:06:49
  3   5  89   0   0   4|   0     0 | 343k   10M|   0     0 |1308  5308 |30-11 22:06:50
  4   4  89   0   0   4|   0     0 | 341k   10M|   0     0 |1318  5336 |30-11 22:06:51
  3   4  91   0   0   3|   0     0 | 329k 9839k|   0     0 |1272  5183 |30-11 22:06:52
  3   4  88   0   0   4|   0     0 | 319k 9411k|   0     0 |1247  4940 |30-11 22:06:53
  3   6  87   0   0   3|   0  4096B| 295k 8807k|   0     0 |1169  4816 |30-11 22:06:54
  0   0 100   0   0   0|   0     0 |   0     0 |   0     0 |  23    46 |30-11 22:06:55
  1   0 100   0   0   0|   0     0 |5590B 2894B|   0     0 |  32    73 |30-11 22:06:56
  0   0 100   0   0   0|   0     0 |1344B  880B|   0     0 |  55   130 |30-11 22:06:57
  0   0 100   0   0   0|   0     0 | 504B  330B|   0     0 |  35    69 |30-11 22:06:58
  2   1  97   0   0   0|   0     0 |7801B 4847B|   0     0 |  88   236 |30-11 22:06:59
 14   6  79   0   0   2|   0     0 | 165k 4849k|   0     0 | 847  3092 |30-11 22:07:00
  3   4  86   5   0   2|  12k    0 | 319k 9540k|   0     0 |1248  5086 |30-11 22:07:01
  2   2  94   0   0   2|   0     0 | 326k 9590k|   0     0 |1279  5046 |30-11 22:07:02
  3   3  92   0   0   2|   0     0 | 315k 9459k|   0     0 |1258  4958 |30-11 22:07:03
  2   4  91   0   0   3|   0     0 | 344k   10M|   0     0 |1358  5415 |30-11 22:07:04
  3   2  91   0   0   4|   0  4096B| 351k   10M|   0     0 |1331  5433 |30-11 22:07:05
  1   3  93   0   0   3|   0     0 | 361k   11M|   0     0 |1441  5639 |30-11 22:07:06
  3   4  92   0   0   1|   0     0 | 344k   10M|   0     0 |1389  5431 |30-11 22:07:07
  4   4  89   0   0   4|   0     0 | 341k   10M|   0     0 |1327  5302 |30-11 22:07:08
  4   3  90   0   0   3|   0     0 | 360k   10M|   0     0 |1419  5667 |30-11 22:07:09
  2   5  91   0   0   2|   0     0 | 366k   11M|   0     0 |1439  5736 |30-11 22:07:10
  3   3  86   6   0   3|   0    80k| 348k   10M|   0     0 |1344  5410 |30-11 22:07:11
  2   4  93   0   0   2|   0     0 | 343k   10M|   0     0 |1366  5391 |30-11 22:07:12
  1   2  95   0   0   2|   0     0 | 358k   10M|   0     0 |1420  5592 |30-11 22:07:13
  3   4  90   0   0   4|   0     0 | 357k   10M|   0     0 |1413  5612 |30-11 22:07:14
  1   4  92   0   0   3|   0   132k| 358k   10M|   0     0 |1401  5625 |30-11 22:07:15
  2   3  94   0   0   1|   0     0 | 329k 9880k|   0     0 |1305  5175 |30-11 22:07:16
  2   3  93   0   0   2|   0     0 | 327k 9637k|   0     0 |1290  5085 |30-11 22:07:17
  3   4  92   0   0   1|   0     0 | 334k 9999k|   0     0 |1334  5239 |30-11 22:07:18
  4   3  90   0   0   4|   0     0 | 359k   10M|   0     0 |1409  5634 |30-11 22:07:19
  2   2  95   0   0   2|   0  4096B| 154k 4435k|   0     0 | 618  2536 |30-11 22:07:20
  0   0 100   0   0   0|   0     0 |   0     0 |   0     0 |  20    31 |30-11 22:07:21
  0   0 100   0   0   0|   0     0 |   0     0 |   0     0 |  23    33 |30-11 22:07:22
  1   0 100   0   0   0|   0     0 |5422B 2784B|   0     0 |  24    62 |30-11 22:07:23
  0   1 100   0   0   0|   0     0 |   0     0 |   0     0 |  35    75 |30-11 22:07:24
  0   0 100   0   0   0|   0  4096B|   0     0 |   0     0 |  22    44 |30-11 22:07:25
  4   2  94   0   0   0|   0     0 |9043B 5545B|   0     0 | 144   395 |30-11 22:07:26
  7   6  83   0   0   3|   0     0 | 290k 8661k|   0     0 |1208  4742 |30-11 22:07:27
  4   4  86   0   0   6|   0     0 | 354k   10M|   0     0 |1407  5586 |30-11 22:07:28
  3   4  90   0   0   3|   0     0 | 354k   10M|   0     0 |1371  5509 |30-11 22:07:29
  3   5  89   0   0   4|   0  4096B| 350k   10M|   0     0 |1374  5527 |30-11 22:07:30
  2   6  88   0   0   3|   0     0 | 352k   10M|   0     0 |1392  5535 |30-11 22:07:31
  2   3  91   0   0   4|   0     0 | 366k   11M|   0     0 |1401  5643 |30-11 22:07:32
  3   4  89   0   0   4|   0     0 | 338k   10M|   0     0 |1290  5326 |30-11 22:07:33
  3   4  90   0   0   3|   0     0 | 333k 9978k|   0     0 |1316  5242 |30-11 22:07:34
  4   5  89   0   0   3|   0     0 | 336k 9899k|   0     0 |1237  5202 |30-11 22:07:35
  2   3  92   0   0   4|   0     0 | 354k   10M|   0     0 |1313  5557 |30-11 22:07:36
  2   4  91   0   0   3|   0     0 | 322k 9630k|   0     0 |1198  5071 |30-11 22:07:37
  2   4  91   0   0   3|   0     0 | 314k 9243k|   0     0 |1221  4877 |30-11 22:07:38
  3   4  91   0   0   3|   0     0 | 320k 9597k|   0     0 |1276  5070 |30-11 22:07:39
  2   5  91   0   0   3|   0    32k| 354k   10M|   0     0 |1362  5568 |30-11 22:07:40
  4   4  90   0   0   3|   0     0 | 328k 9669k|   0     0 |1293  5075 |30-11 22:07:41
  3   5  87   3   0   4|   0    44k| 346k   10M|   0     0 |1361  5446 |30-11 22:07:42
  2   7  89   0   0   3|   0     0 | 315k 9357k|   0     0 |1234  4957 |30-11 22:07:43
  2   5  90   0   0   4|   0     0 | 328k 9657k|   0     0 |1263  5137 |30-11 22:07:44
  2   4  90   0   0   4|   0     0 | 310k 9278k|   0     0 |1214  4902 |30-11 22:07:45
  2   6  89   0   0   3|   0     0 | 327k 9810k|   0     0 |1293  5164 |30-11 22:07:46
  1   2  97   0   0   1|   0  4096B|  82k 2277k|   0     0 | 345  1434 |30-11 22:07:47
  0   0 100   0   0   0|   0     0 |   0     0 |   0     0 |  21    45 |30-11 22:07:48
  0   0 100   0   0   0|   0     0 |   0     0 |   0     0 |  35    98 |30-11 22:07:49
  1   0 100   0   0   0|   0     0 |5844B 3496B|   0     0 |  35    76 |30-11 22:07:50
  0   0 100   0   0   0|   0     0 |   0     0 |   0     0 |  24    44 |30-11 22:07:51
  0   0 100   0   0   0|   0     0 |   0     0 |   0     0 |  21    36 |30-11 22:07:52
  2   1  98   0   0   0|   0     0 |7709B 4987B|   0     0 |  47   138 |30-11 22:07:53
 10   7  80   0   0   2|   0     0 | 348k   10M|   0     0 | 716  2357 |30-11 22:07:54
  4   5  88   0   0   4|   0     0 | 596k   17M|   0     0 | 799  3726 |30-11 22:07:55
  4   8  84   0   0   4|   0     0 | 595k   17M|   0     0 | 862  3537 |30-11 22:07:56
  4   6  85   0   0   5|   0     0 | 576k   17M|   0     0 | 912  3509 |30-11 22:07:57
  4   7  85   0   0   4|   0     0 | 568k   17M|   0     0 |1205  3324 |30-11 22:07:58
  4   5  88   0   0   3|   0     0 | 595k   17M|   0     0 | 457  3651 |30-11 22:07:59
  3   5  87   0   0   6|   0     0 | 582k   17M|   0     0 |1258  3231 |30-11 22:08:00
  4   7  86   0   0   3|   0  4096B| 613k   18M|   0     0 |1064  3645 |30-11 22:08:01
  4   7  85   0   0   4|   0     0 | 637k   19M|   0     0 | 867  3700 |30-11 22:08:02
  5   6  87   0   0   3|   0     0 | 565k   16M|   0     0 | 467  3432 |30-11 22:08:03
  3   7  86   0   0   4|   0     0 | 607k   18M|   0     0 |1106  3615 |30-11 22:08:04
  2   4  89   0   0   5|   0     0 | 585k   17M|   0     0 |1279  3466 |30-11 22:08:05
  4   8  85   0   0   4|   0     0 | 591k   17M|   0     0 | 812  3427 |30-11 22:08:06
  3   8  86   0   0   4|   0     0 | 612k   18M|   0     0 | 886  3563 |30-11 22:08:07
  5   4  87   0   0   4|   0     0 | 577k   17M|   0     0 | 777  3461 |30-11 22:08:08
  4   8  85   0   0   4|   0     0 | 617k   18M|   0     0 | 749  3547 |30-11 22:08:09
  4   6  87   0   0   4|   0     0 | 605k   18M|   0     0 |1005  3668 |30-11 22:08:10
  4   4  89   0   0   3|   0  8192B| 617k   18M|   0     0 |1054  3675 |30-11 22:08:11
  3   7  85   1   0   5|   0    60k| 602k   17M|   0     0 | 912  3467 |30-11 22:08:12
  4   6  87   0   0   4|   0     0 | 554k   16M|   0     0 |1182  3486 |30-11 22:08:13
  2   2  94   0   0   2|   0     0 | 232k 6883k|   0     0 | 485  1379 |30-11 22:08:14
  1   0  99   0   0   0|   0  4096B|6838B 5270B|   0     0 |  51   252 |30-11 22:08:15
  0   0 100   0   0   0|   0    36k|   0     0 |   0     0 |  20    48 |30-11 22:08:16
  0   0 100   0   0   0|   0     0 |   0     0 |   0     0 |  22    53 |30-11 22:08:17
  0   0  99   0   0   0|   0     0 |5422B 2784B|   0     0 |  28    66 |30-11 22:08:18
  0   0 100   0   0   0|   0     0 |   0     0 |   0     0 |  35    67 |30-11 22:08:19
  9   3  88   0   0   0|   0     0 |3621B 2761B|   0     0 | 181   518 |30-11 22:08:20
  4   7  86   0   0   4|   0     0 | 549k   16M|   0     0 | 535  3190 |30-11 22:08:21
  3   6  89   0   0   3|   0     0 | 615k   18M|   0     0 | 746  3886 |30-11 22:08:22
  3   6  88   0   0   3|   0     0 | 579k   17M|   0     0 |1051  3467 |30-11 22:08:23
  4   5  87   0   0   4|   0     0 | 590k   17M|   0     0 | 969  3536 |30-11 22:08:24
  2   5  89   0   0   3|   0     0 | 576k   17M|   0     0 |1058  3419 |30-11 22:08:25
  5   7  82   0   0   5|   0     0 | 599k   18M|   0     0 |1092  3509 |30-11 22:08:26
  5   6  85   0   0   5|   0  4096B| 608k   18M|   0     0 | 945  3714 |30-11 22:08:27
  4   7  86   0   0   4|   0     0 | 631k   18M|   0     0 | 887  3884 |30-11 22:08:28
  3   6  86   0   0   5|   0     0 | 609k   18M|   0     0 | 758  3544 |30-11 22:08:29
  4   7  84   0   0   6|   0     0 | 603k   17M|   0     0 | 884  3460 |30-11 22:08:30
  4   5  89   0   0   2|   0     0 | 599k   18M|   0     0 |1126  3540 |30-11 22:08:31
  3   5  88   0   0   4|   0     0 | 610k   18M|   0     0 | 947  3537 |30-11 22:08:32
  4   6  86   0   0   4|   0     0 | 577k   17M|   0     0 | 905  3528 |30-11 22:08:33
  3   7  85   0   0   5|   0     0 | 583k   17M|   0     0 | 806  3604 |30-11 22:08:34
  3   7  87   0   0   4|   0     0 | 582k   17M|   0     0 | 873  3474 |30-11 22:08:35
  5   6  85   0   0   5|   0     0 | 620k   18M|   0     0 | 857  3644 |30-11 22:08:36
  3   4  87   0   0   6|   0     0 | 604k   18M|   0     0 | 861  3466 |30-11 22:08:37
  3   5  88   0   0   4|   0     0 | 595k   17M|   0     0 |1108  3499 |30-11 22:08:38
  4   7  85   0   0   5|   0     0 | 595k   17M|   0     0 | 836  3479 |30-11 22:08:39
  4   5  87   0   0   4|   0     0 | 590k   17M|   0     0 | 608  3619 |30-11 22:08:40
  0   0 100   0   0   0|   0     0 |  65k 1902k|   0     0 |  85   463 |30-11 22:08:41
  1   1  98   0   0   0|   0  8192B|6904B 5426B|   0     0 |  56   309 |30-11 22:08:42
  1   1  98   1   0   0|   0    32k|2680B 5564B|   0     0 |  48   133 |30-11 22:08:43
  0   0 100   0   0   0|   0     0 |   0     0 |   0     0 |  24    40 |30-11 22:08:44
  1   1  99   0   0   0|   0     0 |5422B 2784B|   0     0 |  37    98 |30-11 22:08:45
  0   0 100   0   0   0|   0     0 |   0     0 |   0     0 |  23    51 |30-11 22:08:46
  8   6  85   0   0   1|   0  8192B|  99k 2846k|   0     0 | 241  1103 |30-11 22:08:47
  4   6  86   0   0   5|   0     0 | 576k   17M|   0     0 |1212  3215 |30-11 22:08:48
  3   6  86   0   0   5|   0     0 | 552k   16M|   0     0 | 909  3040 |30-11 22:08:49
  5   6  85   0   0   4|   0     0 | 595k   17M|   0     0 | 918  3364 |30-11 22:08:50
  7   7  85   0   0   3|   0     0 | 610k   18M|   0     0 | 626  3430 |30-11 22:08:51
  4   6  85   0   0   5|   0     0 | 576k   17M|   0     0 | 671  3296 |30-11 22:08:52
  2   7  87   0   0   4|   0     0 | 578k   17M|   0     0 |1123  3352 |30-11 22:08:53
  4   4  88   0   0   5|   0     0 | 601k   17M|   0     0 | 422  3460 |30-11 22:08:54
  4   6  87   0   0   4|   0     0 | 579k   17M|   0     0 | 809  3233 |30-11 22:08:55
  3   5  89   0   0   3|   0     0 | 555k   16M|   0     0 |1179  3191 |30-11 22:08:56
  4   5  87   0   0   5|   0     0 | 591k   17M|   0     0 |1044  3549 |30-11 22:08:57
  4   6  85   0   0   5|   0     0 | 591k   17M|   0     0 |1335  3453 |30-11 22:08:58
  4   6  88   0   0   3|   0     0 | 588k   17M|   0     0 | 897  3280 |30-11 22:08:59
  5   6  85   0   0   4|   0     0 | 621k   18M|   0     0 | 983  3514 |30-11 22:09:00
  4   4  89   0   0   3|   0     0 | 593k   17M|   0     0 | 983  3387 |30-11 22:09:01
  4   8  85   0   0   5|   0     0 | 601k   18M|   0     0 | 722  3422 |30-11 22:09:02
  4   7  84   0   0   5|   0     0 | 596k   17M|   0     0 | 750  3361 |30-11 22:09:03
  4   7  85   0   0   3|   0     0 | 562k   16M|   0     0 | 949  3244 |30-11 22:09:04
  4   7  85   0   0   5|   0     0 | 581k   17M|   0     0 |1032  3345 |30-11 22:09:05
  4   7  85   0   0   5|   0     0 | 575k   17M|   0     0 |1165  3263 |30-11 22:09:06
  3   5  90   0   0   3|   0     0 | 519k   15M|   0     0 | 708  3185 |30-11 22:09:07
  1   0  99   0   0   1|   0  4096B|1482B 2486B|   0     0 |  42   189 |30-11 22:09:08
  0   0 100   0   0   0|   0     0 |   0     0 |   0     0 |  18    39 |30-11 22:09:09
  0   1  99   0   0   0|   0     0 |5422B 2784B|   0     0 |  38    99 |30-11 22:09:10
  0   0 100   0   0   0|   0     0 |   0     0 |   0     0 |  20    32 |30-11 22:09:11
  0   0 100   0   0   0|   0     0 |   0     0 |   0     0 |  18    29 |30-11 22:09:12
  1   1  99   0   0   0|   0    12k|7137B 4073B|   0     0 |  33    93 |30-11 22:09:13
 11   9  77   2   0   2|   0    56k| 401k   12M|   0     0 | 404  1645 |30-11 22:09:14
  4   8  84   0   0   4|   0     0 | 753k   22M|   0     0 | 724  2866 |30-11 22:09:15
  6   8  82   0   0   5|   0     0 | 691k   20M|   0     0 | 930  3746 |30-11 22:09:16
  5   9  82   0   0   5|   0     0 | 694k   20M|   0     0 | 897  3310 |30-11 22:09:17
  4   9  82   0   0   5|   0  8192B| 695k   20M|   0     0 | 893  3558 |30-11 22:09:18
  5   7  81   0   0   7|   0     0 | 705k   21M|   0     0 | 942  3552 |30-11 22:09:19
  4   8  84   0   0   4|   0     0 | 668k   20M|   0     0 | 880  3443 |30-11 22:09:20
  3  10  84   0   0   4|   0     0 | 717k   21M|   0     0 | 982  3659 |30-11 22:09:21
  5   6  87   0   0   2|   0     0 | 709k   21M|   0     0 | 998  3652 |30-11 22:09:22
  4   9  83   0   0   5|   0     0 | 651k   19M|   0     0 | 826  3051 |30-11 22:09:23
  4   6  86   0   0   4|   0     0 | 710k   21M|   0     0 | 867  3180 |30-11 22:09:24
  5   9  82   0   0   4|   0     0 | 715k   21M|   0     0 | 823  3312 |30-11 22:09:25
  5   8  85   0   0   3|   0     0 | 656k   19M|   0     0 | 889  3144 |30-11 22:09:26
  4  10  80   0   0   5|   0     0 | 687k   20M|   0     0 | 859  3360 |30-11 22:09:27
  6   8  84   0   0   3|   0     0 | 688k   20M|   0     0 | 772  2995 |30-11 22:09:28
  5   7  85   0   0   3|   0     0 | 667k   20M|   0     0 | 828  3286 |30-11 22:09:29
  4   6  84   0   0   6|   0     0 | 706k   21M|   0     0 | 837  3397 |30-11 22:09:30
  5   8  83   0   0   5|   0     0 | 710k   21M|   0     0 | 813  3316 |30-11 22:09:31
  5   9  80   0   0   6|   0     0 | 656k   19M|   0     0 | 824  3245 |30-11 22:09:32
  5   6  85   0   0   4|   0     0 | 681k   20M|   0     0 | 920  3720 |30-11 22:09:33
  4   5  89   0   0   2|   0     0 | 390k   11M|   0     0 | 484  1897 |30-11 22:09:34
  1   0  99   0   0   0|   0  4096B|2472B 4598B|   0     0 |  57   232 |30-11 22:09:35
  4   1  95   0   0   0|   0     0 |1004B 4948B|   0     0 |  50   138 |30-11 22:09:36
  1   0 100   0   0   0|   0     0 |5598B 3566B|   0     0 |  35    87 |30-11 22:09:37
  0   0 100   0   0   0|   0     0 |   0     0 |   0     0 |  24    42 |30-11 22:09:38
  0   0 100   0   0   0|   0     0 | 168B  142B|   0     0 |  27    51 |30-11 22:09:39
  2   1  98   0   0   0|   0     0 |8681B 6111B|   0     0 |  92   236 |30-11 22:09:40
 10   7  81   0   0   2|   0     0 | 399k   12M|   0     0 | 629  2363 |30-11 22:09:41
  5   8  84   0   0   4|   0     0 | 682k   20M|   0     0 | 900  3525 |30-11 22:09:42
  5   9  82   0   0   5|   0     0 | 672k   19M|   0     0 | 983  3302 |30-11 22:09:43
  6   6  82   2   0   5|   0    72k| 682k   20M|   0     0 | 926  3438 |30-11 22:09:44
  3  10  82   0   0   5|   0     0 | 699k   21M|   0     0 |1045  3636 |30-11 22:09:45
  4   8  82   0   0   6|   0     0 | 725k   21M|   0     0 |1035  3743 |30-11 22:09:46
  7   8  82   0   0   4|   0     0 | 681k   20M|   0     0 | 887  3603 |30-11 22:09:47
  5   7  85   0   0   4|   0    64k| 680k   20M|   0     0 | 851  3384 |30-11 22:09:48
  6   8  82   0   0   4|   0     0 | 687k   20M|   0     0 | 916  3376 |30-11 22:09:49
  5  11  81   0   0   4|   0     0 | 680k   20M|   0     0 | 850  3196 |30-11 22:09:50
  3   8  84   0   0   6|   0     0 | 720k   21M|   0     0 |1016  3575 |30-11 22:09:51
  5  11  80   0   0   5|   0     0 | 700k   20M|   0     0 | 871  3368 |30-11 22:09:52
  5   8  85   0   0   3|   0     0 | 661k   19M|   0     0 | 948  3484 |30-11 22:09:53
  4   8  84   0   0   4|   0     0 | 682k   20M|   0     0 | 887  3332 |30-11 22:09:54
  5  11  80   0   0   5|   0     0 | 686k   20M|   0     0 | 959  3349 |30-11 22:09:55
  4   8  83   0   0   5|   0     0 | 634k   19M|   0     0 | 860  3097 |30-11 22:09:56
  4   7  84   0   0   5|   0     0 | 691k   20M|   0     0 | 880  3505 |30-11 22:09:57
  3   9  85   0   0   3|   0     0 | 670k   20M|   0     0 | 903  3428 |30-11 22:09:58
  4   6  84   0   0   6|   0     0 | 715k   21M|   0     0 |1000  3646 |30-11 22:09:59
  5  10  81   0   0   4|   0     0 | 661k   19M|   0     0 | 854  3313 |30-11 22:10:00
  2   5  93   0   0   1|   0     0 | 287k 8344k|   0     0 | 468  1482 |30-11 22:10:01
  1   0  99   0   0   0|   0  4096B|2472B 4598B|   0     0 |  47   198 |30-11 22:10:02
  0   0 100   0   0   0|   0     0 |   0     0 |   0     0 |  20    27 |30-11 22:10:03
  0   0 100   0   0   0|   0     0 |  74B  404B|   0     0 |  20    37 |30-11 22:10:04
  1   1  99   0   0   0|   0     0 |5348B 2380B|   0     0 |  36    96 |30-11 22:10:05
  0   0 100   0   0   0|   0     0 |   0     0 |   0     0 |  18    23 |30-11 22:10:06
  7   3  91   0   0   0|   0     0 |3621B 2761B|   0     0 | 154   426 |30-11 22:10:07
  4   8  84   0   0   5|   0     0 | 626k   18M|   0     0 | 750  2875 |30-11 22:10:08
  4   9  84   0   0   4|   0  4096B| 696k   20M|   0     0 | 971  3423 |30-11 22:10:09
  4   8  82   0   0   7|   0     0 | 683k   20M|   0     0 | 866  3227 |30-11 22:10:10
  4  10  82   0   0   4|   0     0 | 703k   21M|   0     0 | 867  3242 |30-11 22:10:11
  5   7  83   0   0   6|   0     0 | 690k   20M|   0     0 | 896  3299 |30-11 22:10:12
  6   6  85   0   0   4|   0     0 | 704k   21M|   0     0 | 971  3618 |30-11 22:10:13
  5   6  83   0   0   6|   0    28k| 666k   19M|   0     0 | 954  3438 |30-11 22:10:14
  5   8  82   2   0   4|   0    40k| 679k   20M|   0     0 | 959  3590 |30-11 22:10:15
  5   7  84   0   0   4|   0     0 | 659k   19M|   0     0 | 948  3500 |30-11 22:10:16
  5   6  84   0   0   5|   0     0 | 692k   20M|   0     0 | 860  3294 |30-11 22:10:17
  3   8  85   0   0   4|   0     0 | 655k   19M|   0     0 | 909  3557 |30-11 22:10:18
  3   7  84   0   0   6|   0  4096B| 670k   20M|   0     0 | 932  3519 |30-11 22:10:19
  5   8  83   0   0   4|   0     0 | 703k   21M|   0     0 | 914  3651 |30-11 22:10:20
  4   9  82   0   0   6|   0     0 | 679k   20M|   0     0 | 830  3411 |30-11 22:10:21
  5   8  84   0   0   4|   0     0 | 696k   20M|   0     0 | 938  3623 |30-11 22:10:22
  4   7  85   0   0   4|   0     0 | 667k   19M|   0     0 | 743  2975 |30-11 22:10:23
  3   7  85   0   0   5|   0     0 | 667k   20M|   0     0 | 830  3284 |30-11 22:10:24
  5   5  85   0   0   5|   0     0 | 679k   20M|   0     0 | 768  3173 |30-11 22:10:25
  6   8  83   0   0   4|   0     0 | 692k   20M|   0     0 | 835  3335 |30-11 22:10:26
  7   7  81   0   0   5|   0     0 | 668k   20M|   0     0 | 864  3182 |30-11 22:10:27
  1   1  97   0   0   1|   0     0 | 103k 2968k|   0     0 | 154   582 |30-11 22:10:28
  1   1  98   0   0   0|   0  4096B|7894B 7382B|   0     0 |  47   239 |30-11 22:10:29
  0   1  99   0   0   0|   0     0 |   0     0 |   0     0 |  36    71 |30-11 22:10:30
  0   0 100   0   0   0|   0     0 |   0     0 |   0     0 |  22    36 |30-11 22:10:31
  1   0 100   0   0   0|   0     0 |5422B 2784B|   0     0 |  28    69 |30-11 22:10:32
  0   0 100   0   0   0|   0     0 |   0     0 |   0     0 |  23    43 |30-11 22:10:33
  8   4  88   0   0   0|   0     0 |  50k 1447k|   0     0 | 220   695 |30-11 22:10:34
  7  10  79   0   0   5|   0     0 | 707k   21M|   0     0 | 799  3325 |30-11 22:10:35
  4   9  82   0   0   5|   0     0 | 683k   20M|   0     0 | 629  2792 |30-11 22:10:36
  5   7  82   0   0   6|   0     0 | 698k   21M|   0     0 | 844  3525 |30-11 22:10:37
  6   9  80   0   0   5|   0     0 | 738k   22M|   0     0 | 790  3227 |30-11 22:10:38
  3   7  86   0   0   4|   0     0 | 712k   21M|   0     0 | 774  2985 |30-11 22:10:39
  4  10  80   0   0   6|   0     0 | 700k   21M|   0     0 | 734  3130 |30-11 22:10:40
  4   7  84   0   0   5|   0     0 | 717k   21M|   0     0 | 873  3429 |30-11 22:10:41
  4  10  82   0   0   4|   0     0 | 710k   21M|   0     0 | 790  3096 |30-11 22:10:42
  6   8  79   0   0   6|   0     0 | 712k   21M|   0     0 | 779  3343 |30-11 22:10:43
  3   8  85   0   0   5|   0     0 | 685k   20M|   0     0 | 804  3194 |30-11 22:10:44
  6  10  79   1   0   4|   0    56k| 697k   21M|   0     0 | 827  3013 |30-11 22:10:45
  4   8  83   0   0   5|   0     0 | 722k   21M|   0     0 | 831  3179 |30-11 22:10:46
  8   7  81   0   0   4|   0     0 | 715k   21M|   0     0 | 708  3333 |30-11 22:10:47
  4   8  84   0   0   4|   0     0 | 693k   21M|   0     0 | 764  3234 |30-11 22:10:48
  4  11  81   0   0   5|   0     0 | 847k   25M|   0     0 | 607  2710 |30-11 22:10:49
  4  12  78   0   0   6|   0  8192B| 773k   23M|   0     0 | 744  2982 |30-11 22:10:50
  6   9  81   0   0   4|   0     0 | 806k   24M|   0     0 | 628  2543 |30-11 22:10:51
  4   8  85   0   0   3|   0     0 | 773k   23M|   0     0 | 574  2411 |30-11 22:10:52
  5   8  83   0   0   4|   0     0 | 657k   19M|   0     0 | 805  3295 |30-11 22:10:53
  5   8  84   0   0   3|   0     0 | 609k   18M|   0     0 | 838  3277 |30-11 22:10:54
  2   4  95   0   0   0|4096B 4096B|3330B 6182B|   0     0 |  55   342 |30-11 22:10:55
  1   1  98   0   0   0|   0     0 |5422B 2784B|   0     0 |  67   269 |30-11 22:10:56
  0   0 100   0   0   0|   0     0 |   0     0 |   0     0 |  23    50 |30-11 22:10:57
  0   0 100   0   0   0|   0     0 |   0     0 |   0     0 |  22    36 |30-11 22:10:58
  1   0  99   0   0   0|   0     0 |5422B 2784B|   0     0 |  24    85 |30-11 22:10:59
  0   1 100   0   0   0|   0  4096B|   0     0 |   0     0 |  36    87 |30-11 22:11:00
  9   7  83   0   0   1|   0     0 | 227k 6773k|   0     0 | 350  1367 |30-11 22:11:01
  7  10  81   0   0   3|   0     0 | 723k   21M|   0     0 | 771  2972 |30-11 22:11:02
  5  10  81   0   0   5|   0     0 | 685k   20M|   0     0 | 825  3239 |30-11 22:11:03
  2   9  84   0   0   5|   0     0 | 678k   20M|   0     0 | 788  3411 |30-11 22:11:04
  4  10  82   0   0   4|   0  4096B| 645k   19M|   0     0 | 745  3070 |30-11 22:11:05
  3  11  82   0   0   4|   0     0 | 749k   22M|   0     0 | 751  3155 |30-11 22:11:06
  4  11  82   0   0   3|   0     0 | 830k   25M|   0     0 | 838  3180 |30-11 22:11:07
  6   9  81   0   0   4|   0     0 | 783k   23M|   0     0 | 704  2843 |30-11 22:11:08
  6  11  80   0   0   4|   0     0 | 829k   24M|   0     0 | 713  2794 |30-11 22:11:09
  6  10  79   0   0   5|   0     0 | 768k   23M|   0     0 | 721  3038 |30-11 22:11:10
  4   7  86   0   0   3|   0     0 | 797k   24M|   0     0 | 531  2208 |30-11 22:11:11
  5  11  80   0   0   4|   0     0 | 832k   24M|   0     0 | 817  2945 |30-11 22:11:12
  6   9  79   0   0   5|   0     0 | 720k   21M|   0     0 | 853  3227 |30-11 22:11:13
  3   5  88   0   0   4|   0     0 | 696k   21M|   0     0 | 979  3541 |30-11 22:11:14
  5   9  82   0   0   4|   0    20k| 723k   21M|   0     0 | 879  3193 |30-11 22:11:15
  5   9  70  12   0   5|   0   192k| 678k   20M|   0     0 | 878  3271 |30-11 22:11:16
  4   7  84   0   0   5|   0     0 | 694k   21M|   0     0 | 974  3549 |30-11 22:11:17
  5   8  82   0   0   5|   0     0 | 672k   20M|   0     0 | 855  3173 |30-11 22:11:18
  4   8  82   0   0   6|   0     0 | 676k   20M|   0     0 | 954  3423 |30-11 22:11:19
  4   9  83   0   0   5|   0     0 | 551k   16M|   0     0 | 649  2764 |30-11 22:11:20
  4   6  86   0   0   5|   0  8192B| 499k   14M|   0     0 | 610  2326 |30-11 22:11:21
  0   1  99   0   0   0|   0  4096B|3330B 6182B|   0     0 |  48   194 |30-11 22:11:22
  0   0 100   0   0   0|   0     0 |   0     0 |   0     0 |  20    33 |30-11 22:11:23
  1   0  99   0   0   0|   0     0 |5422B 2784B|   0     0 |  23    62 |30-11 22:11:24
  0   0 100   0   0   0|   0     0 |   0     0 |   0     0 |  29    67 |30-11 22:11:25
  0   0 100   0   0   0|   0     0 |   0     0 |   0     0 |  20    42 |30-11 22:11:26
  1   1  98   0   0   0|   0     0 |7575B 4877B|   0     0 |  36   113 |30-11 22:11:27
 10   7  80   0   0   2|   0     0 | 425k   13M|   0     0 | 603  2358 |30-11 22:11:28
  4   9  83   0   0   4|   0     0 | 689k   20M|   0     0 | 895  3606 |30-11 22:11:29
  5   9  80   0   0   7|   0     0 | 669k   20M|   0     0 | 768  3096 |30-11 22:11:30
  3   7  87   0   0   4|   0     0 | 685k   20M|   0     0 | 815  3507 |30-11 22:11:31
  5   8  84   0   0   4|   0     0 | 663k   20M|   0     0 | 791  3280 |30-11 22:11:32
  4  11  79   0   0   6|   0     0 | 663k   20M|   0     0 | 752  2999 |30-11 22:11:33
  4   8  82   0   0   6|   0     0 | 654k   19M|   0     0 | 917  3522 |30-11 22:11:34
  4   8  84   0   0   4|   0     0 | 659k   20M|   0     0 | 812  3248 |30-11 22:11:35
  5   9  82   0   0   4|   0  8192B| 720k   21M|   0     0 | 804  3190 |30-11 22:11:36
  5   8  83   0   0   4|   0     0 | 669k   20M|   0     0 | 768  3236 |30-11 22:11:37
  4   5  86   0   0   5|   0     0 | 659k   20M|   0     0 | 802  3485 |30-11 22:11:38
  4   9  82   0   0   5|   0     0 | 689k   20M|   0     0 | 839  3516 |30-11 22:11:39
  6   8  83   0   0   3|   0     0 | 711k   21M|   0     0 | 857  3453 |30-11 22:11:40
  4   7  86   0   0   3|   0     0 | 676k   20M|   0     0 | 771  3284 |30-11 22:11:41
  4   7  83   0   0   6|   0     0 | 696k   20M|   0     0 | 744  3114 |30-11 22:11:42
  5   8  82   0   0   4|   0     0 | 696k   21M|   0     0 | 835  3295 |30-11 22:11:43
  6  10  81   0   0   4|   0     0 | 696k   21M|   0     0 | 798  3282 |30-11 22:11:44
  4   8  82   0   0   7|   0     0 | 694k   20M|   0     0 | 805  3301 |30-11 22:11:45
  5   8  80   2   0   6|   0   284k| 724k   21M|   0     0 | 820  3143 |30-11 22:11:46
  5   9  81   0   0   5|   0     0 | 692k   21M|   0     0 | 784  3241 |30-11 22:11:47
  2   4  93   0   0   3|   0     0 | 264k 7706k|   0     0 | 320  1347 |30-11 22:11:48
  1   0  99   0   0   0|   0  4096B|3264B 6182B|   0     0 |  44   199 |30-11 22:11:49
  0   1 100   0   0   0|   0     0 |   0     0 |   0     0 |  30    76 |30-11 22:11:50
  0   0  99   0   0   0|   0     0 |5422B 2784B|   0     0 |  25    66 |30-11 22:11:51
  0   0 100   0   0   0|   0     0 |   0     0 |   0     0 |  18    27 |30-11 22:11:52
  0   0 100   0   0   0|   0     0 |   0     0 |   0     0 |  20    27 |30-11 22:11:53
  6   3  91   0   0   0|   0     0 |9465B 6257B|   0     0 | 138   396 |30-11 22:11:54
  5  10  81   0   0   5|   0     0 | 570k   17M|   0     0 | 729  2726 |30-11 22:11:55
  4   8  84   0   0   4|   0  4096B| 689k   20M|   0     0 | 957  3325 |30-11 22:11:56
  4   7  82   0   0   7|   0     0 | 704k   21M|   0     0 | 725  3032 |30-11 22:11:57
  4  10  82   0   0   5|   0     0 | 679k   20M|   0     0 | 854  3467 |30-11 22:11:58
  4   9  82   0   0   6|   0     0 | 698k   21M|   0     0 | 913  3413 |30-11 22:11:59
  5   8  82   0   0   5|   0     0 | 674k   20M|   0     0 | 859  3515 |30-11 22:12:00
  5   8  83   0   0   5|   0     0 | 697k   21M|   0     0 | 957  3861 |30-11 22:12:01
  4   8  84   0   0   4|   0  4096B| 688k   20M|   0     0 | 978  3542 |30-11 22:12:02
  6   8  81   0   0   6|   0     0 | 678k   20M|   0     0 | 777  3293 |30-11 22:12:03
  3   8  83   0   0   5|   0     0 | 675k   20M|   0     0 |1036  3650 |30-11 22:12:04
  6   9  81   0   0   5|   0     0 | 691k   20M|   0     0 | 889  3556 |30-11 22:12:05
  5   9  81   0   0   5|   0     0 | 708k   21M|   0     0 | 861  3363 |30-11 22:12:06
  5   9  82   0   0   5|   0     0 | 676k   20M|   0     0 | 870  3486 |30-11 22:12:07
  4  11  83   0   0   2|   0     0 | 693k   21M|   0     0 | 922  3434 |30-11 22:12:08
  6   9  80   0   0   6|   0     0 | 724k   22M|   0     0 | 945  3626 |30-11 22:12:09
  5   9  82   0   0   4|   0     0 | 678k   20M|   0     0 | 815  3389 |30-11 22:12:10
  4   6  85   0   0   5|   0     0 | 697k   21M|   0     0 | 866  3412 |30-11 22:12:11
  4   6  85   0   0   4|   0     0 | 646k   19M|   0     0 | 992  3592 |30-11 22:12:12
  5   8  81   0   0   7|   0     0 | 678k   20M|   0     0 | 951  3829 |30-11 22:12:13
  5  10  82   0   0   4|   0     0 | 699k   21M|   0     0 | 858  3378 |30-11 22:12:14
  1   2  96   0   0   1|   0     0 | 112k 3232k|   0     0 | 164   543 |30-11 22:12:15
  1   1  99   0   0   0|   0    44k|9478B   10k|   0     0 |  54   227 |30-11 22:12:16
  0   0 100   0   0   0|   0     0 |   0     0 |   0     0 |  24    47 |30-11 22:12:17
  0   0 100   0   0   0|   0     0 |   0     0 |   0     0 |  23    60 |30-11 22:12:18
  0   1 100   0   0   0|   0     0 |5422B 2784B|   0     0 |  27    71 |30-11 22:12:19
  0   0  99   0   0   0|   0     0 |   0     0 |   0     0 |  35    77 |30-11 22:12:20
  7   5  87   0   0   1|   0     0 |  81k 2305k|   0     0 | 220   683 |30-11 22:12:21
  4   7  82   0   0   6|   0  4096B| 697k   21M|   0     0 | 736  3132 |30-11 22:12:22
  3  11  80   0   0   6|   0     0 | 682k   20M|   0     0 | 922  3157 |30-11 22:12:23
  3  11  83   0   0   3|   0     0 | 682k   20M|   0     0 | 895  3518 |30-11 22:12:24
  5   9  80   0   0   6|   0     0 | 700k   21M|   0     0 | 774  3175 |30-11 22:12:25
  5  10  82   0   0   4|   0     0 | 699k   21M|   0     0 | 947  3612 |30-11 22:12:26
  4   9  83   0   0   5|   0  8192B| 691k   21M|   0     0 | 859  3412 |30-11 22:12:27
  6  10  80   0   0   4|   0     0 | 696k   21M|   0     0 | 962  3468 |30-11 22:12:28
  5   9  82   0   0   4|   0     0 | 732k   22M|   0     0 | 998  3552 |30-11 22:12:29
  3   8  84   0   0   6|   0     0 | 654k   19M|   0     0 | 789  2911 |30-11 22:12:30
  6   8  81   0   0   5|   0     0 | 695k   20M|   0     0 |1025  3977 |30-11 22:12:31
  4   8  85   0   0   3|   0     0 | 700k   21M|   0     0 | 943  3595 |30-11 22:12:32
  4   9  82   0   0   5|   0     0 | 696k   21M|   0     0 | 951  3366 |30-11 22:12:33
  5  10  83   0   0   3|   0     0 | 671k   20M|   0     0 | 965  3380 |30-11 22:12:34
  5  10  81   0   0   5|   0     0 | 662k   20M|   0     0 | 902  3396 |30-11 22:12:35
  4   8  84   0   0   4|   0     0 | 675k   20M|   0     0 | 837  3386 |30-11 22:12:36
  4   9  82   0   0   5|   0     0 | 709k   21M|   0     0 | 923  3475 |30-11 22:12:37
  5   8  83   0   0   5|   0     0 | 685k   20M|   0     0 | 900  3206 |30-11 22:12:38
  3   8  84   0   0   6|   0     0 | 675k   20M|   0     0 | 813  3101 |30-11 22:12:39
  5   9  81   0   0   6|   0     0 | 657k   19M|   0     0 | 923  3306 |30-11 22:12:40
  5   9  82   0   0   4|   0     0 | 630k   18M|   0     0 | 855  3114 |30-11 22:12:41
  1   0  99   0   0   0|   0  4096B|4056B 7766B|   0     0 |  50   208 |30-11 22:12:42
  1   1  98   0   0   0|   0     0 |8168B 9971B|   0     0 |  50   147 |30-11 22:12:43
  1   0 100   0   0   0|   0     0 |   0     0 |   0     0 |  30    71 |30-11 22:12:44
  0   1 100   0   0   0|   0     0 |   0     0 |   0     0 |  35    73 |30-11 22:12:45
  0   1  99   0   0   0|   0     0 |5422B 2784B|   0     0 |  33    72 |30-11 22:12:46
  0   0 100   0   0   0|   0    60k|   0     0 |   0     0 |  26    47 |30-11 22:12:47
  9   5  84   0   0   1|   0    52k| 165k 5000k|   0     0 | 304  1109 |30-11 22:12:48
  6   9  82   0   0   3|   0     0 | 625k   18M|   0     0 | 836  3196 |30-11 22:12:49
  5   9  81   0   0   6|   0     0 | 721k   21M|   0     0 | 937  3356 |30-11 22:12:50
  5   9  81   0   0   5|   0     0 | 727k   22M|   0     0 | 947  3635 |30-11 22:12:51
  3   8  84   0   0   4|   0     0 | 658k   19M|   0     0 | 878  3348 |30-11 22:12:52
  5  10  81   0   0   4|   0  4096B| 685k   20M|   0     0 | 803  3153 |30-11 22:12:53
  5  10  82   0   0   3|   0     0 | 709k   21M|   0     0 | 851  3179 |30-11 22:12:54
  5  10  81   0   0   4|   0     0 | 719k   21M|   0     0 | 917  3411 |30-11 22:12:55
  5  11  81   0   0   4|   0     0 | 674k   20M|   0     0 | 847  3293 |30-11 22:12:56
  4   8  84   0   0   4|   0     0 | 676k   20M|   0     0 | 952  3596 |30-11 22:12:57
  6   8  81   0   0   5|   0  8192B| 720k   21M|   0     0 | 932  3627 |30-11 22:12:58
  5   9  81   0   0   6|   0     0 | 696k   21M|   0     0 |1001  3463 |30-11 22:12:59
  3   8  84   0   0   5|   0     0 | 719k   21M|   0     0 | 910  3329 |30-11 22:13:00
  5   8  84   0   0   3|   0     0 | 586k   17M|   0     0 | 782  3003 |30-11 22:13:01
  4   9  82   0   0   5|   0     0 | 795k   24M|   0     0 | 863  3194 |30-11 22:13:02
  5   9  82   0   0   4|   0     0 | 670k   20M|   0     0 | 889  3320 |30-11 22:13:03
  4   9  82   0   0   5|   0     0 | 654k   19M|   0     0 | 832  3286 |30-11 22:13:04
  4   8  84   0   0   4|   0     0 | 672k   20M|   0     0 | 813  3297 |30-11 22:13:05
  4   9  82   0   0   6|   0     0 | 704k   21M|   0     0 | 796  3086 |30-11 22:13:06
  3  10  82   0   0   5|   0     0 | 718k   21M|   0     0 | 825  3251 |30-11 22:13:07
  3   8  85   0   0   5|   0     0 | 549k   16M|   0     0 | 698  2427 |30-11 22:13:08
  1   0  99   0   0   0|   0  4096B|4056B 7766B|   0     0 |  43   205 |30-11 22:13:09
  0   0 100   0   0   0|   0     0 |   0     0 |   0     0 |  23    45 |30-11 22:13:10
  1   0  99   0   0   0|   0     0 |5422B 2784B|   0     0 |  43   102 |30-11 22:13:11
  0   0 100   0   0   0|   0     0 |   0     0 |   0     0 |  24    43 |30-11 22:13:12
  0   0 100   0   0   0|   0  8192B|   0     0 |   0     0 |  23    46 |30-11 22:13:13
  1   0  99   0   0   0|   0     0 |7465B 4635B|   0     0 |  41   106 |30-11 22:13:14
  9   8  79   0   0   4|   0     0 | 408k   12M|   0     0 | 616  2043 |30-11 22:13:15
  3  10  82   0   0   5|   0     0 | 678k   20M|   0     0 | 876  3323 |30-11 22:13:16
  4   9  83   0   0   4|   0     0 | 693k   20M|   0     0 | 885  3470 |30-11 22:13:17
  4  10  82   1   0   4|   0    40k| 700k   21M|   0     0 | 925  3559 |30-11 22:13:18
  4  11  80   0   0   4|   0     0 | 736k   22M|   0     0 | 841  3254 |30-11 22:13:19
  4  10  82   0   0   4|   0     0 | 669k   20M|   0     0 | 819  3433 |30-11 22:13:20
  4   8  79   0   0   8|   0     0 | 686k   20M|   0     0 | 891  3471 |30-11 22:13:21
  6   7  81   0   0   7|   0     0 | 710k   21M|   0     0 | 791  3427 |30-11 22:13:22
  5   9  82   0   0   5|   0     0 | 673k   20M|   0     0 | 953  3428 |30-11 22:13:23
  5   9  83   0   0   4|   0     0 | 683k   20M|   0     0 | 658  3081 |30-11 22:13:24
  5   9  81   0   0   4|   0     0 | 661k   20M|   0     0 | 701  2998 |30-11 22:13:25
  5   9  82   0   0   4|   0     0 | 639k   19M|   0     0 | 880  3232 |30-11 22:13:26
  6   8  79   0   0   6|   0     0 | 756k   22M|   0     0 | 812  3700 |30-11 22:13:27
  4  12  78   0   0   6|   0     0 | 823k   24M|   0     0 | 692  2809 |30-11 22:13:28
  7  11  81   0   0   3|   0  4096B| 745k   22M|   0     0 | 727  3006 |30-11 22:13:29
  6   9  81   0   0   4|   0     0 | 704k   21M|   0     0 | 752  2988 |30-11 22:13:30
  7   8  81   0   0   5|   0     0 | 683k   20M|   0     0 | 798  3161 |30-11 22:13:31
  5   7  83   0   0   5|   0     0 | 656k   19M|   0     0 | 832  3134 |30-11 22:13:32
  5  10  82   0   0   3|   0     0 | 683k   20M|   0     0 | 874  3526 |30-11 22:13:33
  3   9  84   0   0   5|   0     0 | 627k   19M|   0     0 | 785  3358 |30-11 22:13:34
  3   3  93   0   0   2|   0     0 | 299k 8702k|   0     0 | 385  1551 |30-11 22:13:35
  1   1  99   0   0   0|   0  4096B|4584B 8822B|   0     0 |  78   252 |30-11 22:13:36
  0   0 100   0   0   0|   0     0 |   0     0 |   0     0 |  25    58 |30-11 22:13:37
  0   0 100   0   0   0|   0     0 |5422B 2784B|   0     0 |  25    61 |30-11 22:13:38
  0   0 100   0   0   0|   0     0 |   0     0 |   0     0 |  23    45 |30-11 22:13:39
  0   0 100   0   0   0|   0     0 | 102B  192B|   0     0 |  25    49 |30-11 22:13:40
  4   3  94   0   0   0|   0     0 |9043B 5545B|   0     0 | 158   452 |30-11 22:13:41
  8   7  81   0   0   4|   0     0 | 554k   16M|   0     0 | 561  2344 |30-11 22:13:42
  4  12  82   0   0   2|   0     0 | 726k   22M|   0     0 | 859  3394 |30-11 22:13:43
  6   9  81   0   0   4|   0     0 | 699k   21M|   0     0 | 690  2934 |30-11 22:13:44
  5  11  80   0   0   5|   0     0 | 717k   21M|   0     0 | 996  3729 |30-11 22:13:45
  5   9  80   0   0   6|   0     0 | 694k   21M|   0     0 | 942  3349 |30-11 22:13:46
  4   9  82   0   0   5|   0     0 | 697k   21M|   0     0 | 929  3532 |30-11 22:13:47
  4   6  85   0   0   4|   0     0 | 682k   20M|   0     0 | 874  3646 |30-11 22:13:48
  2   7  85   1   0   4|   0   100k| 676k   20M|   0     0 | 896  3508 |30-11 22:13:49
  6   9  81   0   0   4|   0     0 | 710k   21M|   0     0 | 877  3618 |30-11 22:13:50
  5  10  82   0   0   4|   0     0 | 686k   20M|   0     0 | 826  3189 |30-11 22:13:51
  3   8  83   0   0   6|   0     0 | 688k   20M|   0     0 | 959  3708 |30-11 22:13:52
  4   9  82   0   0   5|   0     0 | 672k   20M|   0     0 | 783  3272 |30-11 22:13:53
  4   9  81   0   0   6|   0     0 | 686k   20M|   0     0 | 750  3301 |30-11 22:13:54
  4   6  87   0   0   4|   0     0 | 706k   21M|   0     0 | 911  3593 |30-11 22:13:55
  5   8  83   0   0   4|   0     0 | 651k   19M|   0     0 | 734  2889 |30-11 22:13:56
  3   7  84   0   0   5|   0     0 | 641k   19M|   0     0 | 852  3344 |30-11 22:13:57
  5   7  83   0   0   5|   0     0 | 741k   22M|   0     0 |1064  3784 |30-11 22:13:58
  5   8  82   0   0   5|   0     0 | 673k   20M|   0     0 | 818  3465 |30-11 22:13:59
  5  11  82   0   0   3|   0     0 | 693k   21M|   0     0 | 727  3022 |30-11 22:14:00
  4  10  82   0   0   4|   0     0 | 695k   21M|   0     0 | 936  3455 |30-11 22:14:01
  2   3  95   0   0   1|   0     0 | 178k 4991k|   0     0 | 253   910 |30-11 22:14:02
  1   1  99   0   0   0|   0  4096B|4584B 8822B|   0     0 |  41   172 |30-11 22:14:03
  0   0 100   0   0   0|   0  8192B|   0     0 |   0     0 |  19    31 |30-11 22:14:04
  0   0 100   0   0   0|   0     0 |5422B 2784B|   0     0 |  26    58 |30-11 22:14:05
  0   0 100   0   0   0|   0     0 |   0     0 |   0     0 |  35    68 |30-11 22:14:06
  0   0 100   0   0   0|   0     0 |   0     0 |   0     0 |  20    32 |30-11 22:14:07
  2   2  95   0   0   1|   0     0 |8911B 5479B|   0     0 | 124   362 |30-11 22:14:08
 10   8  80   0   0   2|   0     0 | 537k   16M|   0     0 | 644  2528 |30-11 22:14:09
  2   8  84   0   0   6|   0     0 | 682k   20M|   0     0 | 864  3249 |30-11 22:14:10
  4  11  81   0   0   5|   0     0 | 741k   22M|   0     0 | 822  3307 |30-11 22:14:11
  4  11  80   0   0   6|   0     0 | 733k   22M|   0     0 | 808  3310 |30-11 22:14:12
  4  10  83   0   0   3|   0     0 | 656k   19M|   0     0 | 712  3242 |30-11 22:14:13
  4   9  82   0   0   5|   0     0 | 695k   21M|   0     0 | 963  3746 |30-11 22:14:14
  6   8  84   0   0   3|   0     0 | 647k   19M|   0     0 | 772  3239 |30-11 22:14:15
  4   9  83   0   0   4|   0     0 | 701k   21M|   0     0 | 858  3472 |30-11 22:14:16
  4   7  84   0   0   5|   0     0 | 692k   21M|   0     0 | 799  3270 |30-11 22:14:17
  3   7  84   0   0   5|   0     0 | 666k   20M|   0     0 | 875  3769 |30-11 22:14:18
  4   9  79   4   0   4|   0    40k| 705k   21M|   0     0 | 937  3768 |30-11 22:14:19
  6  10  80   0   0   5|   0     0 | 792k   23M|   0     0 | 902  3674 |30-11 22:14:20
  5   9  79   0   0   6|   0     0 | 745k   22M|   0     0 | 756  2709 |30-11 22:14:21
  5   8  82   0   0   5|   0     0 | 732k   22M|   0     0 | 873  3554 |30-11 22:14:22
  3  10  83   0   0   4|   0     0 | 702k   21M|   0     0 | 857  3552 |30-11 22:14:23
  5   8  82   0   0   5|   0     0 | 696k   21M|   0     0 | 877  3571 |30-11 22:14:24
  5  10  81   0   0   5|   0     0 | 692k   21M|   0     0 | 823  2920 |30-11 22:14:25
  5   8  82   0   0   6|   0     0 | 675k   20M|   0     0 | 786  3364 |30-11 22:14:26
  7   8  80   0   0   6|   0     0 | 681k   20M|   0     0 | 881  3358 |30-11 22:14:27
  6  10  80   0   0   4|   0     0 | 705k   21M|   0     0 | 855  3501 |30-11 22:14:28
  2   2  94   0   0   2|   0     0 | 223k 6569k|   0     0 | 222   923 |30-11 22:14:29
  1   0  99   0   0   0|   0  4096B|  10k   11k|   0     0 |  58   239 |30-11 22:14:30
  0   1 100   0   0   0|   0     0 |   0     0 |   0     0 |  33    79 |30-11 22:14:31
  0   0 100   0   0   0|   0     0 |   0     0 |   0     0 |  23    51 |30-11 22:14:32
  0   0 100   0   0   0|   0     0 |5422B 2784B|   0     0 |  30    67 |30-11 22:14:33
  0   0 100   0   0   0|   0     0 | 102B  192B|   0     0 |  25    45 |30-11 22:14:34
  9   3  89   0   0   0|   0    16k|3621B 3767B|   0     0 | 190   536 |30-11 22:14:35
  3   7  85   0   0   5|   0     0 | 627k   19M|   0     0 | 549  2510 |30-11 22:14:36
  4   9  83   0   0   4|   0     0 | 661k   20M|   0     0 | 905  3647 |30-11 22:14:37
  3   8  84   0   0   5|   0     0 | 691k   21M|   0     0 | 989  3720 |30-11 22:14:38
  3  10  83   0   0   4|   0     0 | 625k   18M|   0     0 | 723  2836 |30-11 22:14:39
  6   8  83   0   0   4|   0  4096B| 643k   19M|   0     0 | 917  3567 |30-11 22:14:40
  3   6  86   0   0   5|   0     0 | 652k   19M|   0     0 | 964  3711 |30-11 22:14:41
  4   6  85   0   0   5|   0     0 | 665k   20M|   0     0 | 793  3392 |30-11 22:14:42
  4   6  86   0   0   5|   0     0 | 631k   19M|   0     0 | 805  3365 |30-11 22:14:43
  6   9  81   0   0   5|   0     0 | 664k   20M|   0     0 | 824  3437 |30-11 22:14:44
  5   8  83   0   0   4|   0     0 | 712k   21M|   0     0 | 791  3330 |30-11 22:14:45
  5   7  84   0   0   4|   0     0 | 652k   19M|   0     0 | 775  3101 |30-11 22:14:46
  5  10  82   0   0   4|   0     0 | 665k   20M|   0     0 | 778  3316 |30-11 22:14:47
  4  10  82   0   0   4|   0     0 | 660k   19M|   0     0 | 908  3629 |30-11 22:14:48
  4   9  81   2   0   6|   0    64k| 646k   19M|   0     0 | 971  3408 |30-11 22:14:49
  5   8  84   0   0   3|   0     0 | 682k   20M|   0     0 | 882  3189 |30-11 22:14:50
  5  11  81   0   0   4|   0    52k| 684k   20M|   0     0 | 721  2879 |30-11 22:14:51
  4   7  84   0   0   5|   0     0 | 665k   20M|   0     0 | 868  3260 |30-11 22:14:52
  4   9  84   0   0   3|   0     0 | 651k   19M|   0     0 | 974  3560 |30-11 22:14:53
  6   8  81   0   0   6|   0     0 | 646k   19M|   0     0 | 920  3487 |30-11 22:14:54
  5   7  84   0   0   4|   0     0 | 664k   20M|   0     0 | 866  3346 |30-11 22:14:55
  1   1  98   0   0   1|   0     0 |  50k 1199k|   0     0 | 106   365 |30-11 22:14:56
  2   0  98   0   0   0|   0  8192B|  11k   14k|   0     0 |  55   257 |30-11 22:14:57
  0   0 100   0   0   0|   0     0 |   0     0 |   0     0 |  23    41 |30-11 22:14:58
  0   0 100   0   0   0|   0     0 |   0     0 |   0     0 |  24    53 |30-11 22:14:59
  0   0 100   0   0   0|   0     0 |5422B 2784B|   0     0 |  29    72 |30-11 22:15:00
  0   1 100   0   0   0|   0     0 |   0     0 |   0     0 |  35    83 |30-11 22:15:01
  9   8  81   0   0   1|   0     0 | 221k 6608k|   0     0 | 279  1022 |30-11 22:15:02
  7   9  81   0   0   5|   0     0 | 640k   19M|   0     0 | 870  3376 |30-11 22:15:03
  3   7  85   0   0   5|   0     0 | 645k   19M|   0     0 | 773  3031 |30-11 22:15:04
  4   9  83   0   0   4|   0     0 | 683k   20M|   0     0 | 894  3328 |30-11 22:15:05
  6   8  82   0   0   5|   0  8192B| 701k   21M|   0     0 | 928  3335 |30-11 22:15:06
  5   9  82   0   0   4|   0     0 | 704k   21M|   0     0 | 731  2797 |30-11 22:15:07
  5   8  85   0   0   3|   0     0 | 669k   20M|   0     0 | 963  3484 |30-11 22:15:08
  4   9  82   0   0   4|   0     0 | 689k   20M|   0     0 | 900  3532 |30-11 22:15:09
  5   8  83   0   0   4|   0     0 | 680k   20M|   0     0 | 821  3244 |30-11 22:15:10
  4  11  82   0   0   4|   0     0 | 701k   21M|   0     0 | 797  3268 |30-11 22:15:11
  4   9  82   0   0   5|   0     0 | 712k   21M|   0     0 | 831  3323 |30-11 22:15:12
  3  11  82   0   0   4|   0     0 | 682k   20M|   0     0 | 975  3952 |30-11 22:15:13
  4   7  83   0   0   6|   0     0 | 686k   20M|   0     0 | 808  3447 |30-11 22:15:14
  3   9  83   0   0   5|   0     0 | 694k   21M|   0     0 | 910  3705 |30-11 22:15:15
  4   6  86   0   0   4|   0     0 | 582k   17M|   0     0 | 557  2549 |30-11 22:15:16
  5   8  82   0   0   5|   0     0 | 684k   20M|   0     0 | 919  3388 |30-11 22:15:17
  4  10  83   0   0   3|   0     0 | 677k   20M|   0     0 | 928  3419 |30-11 22:15:18
  6  10  81   1   0   3|   0    36k| 643k   19M|   0     0 | 769  3366 |30-11 22:15:19
  5   7  84   0   0   4|   0     0 | 691k   21M|   0     0 | 744  3021 |30-11 22:15:20
  6   8  81   0   0   6|   0     0 | 709k   21M|   0     0 | 772  2878 |30-11 22:15:21
  3   6  89   0   0   2|   0     0 | 544k   16M|   0     0 | 692  2834 |30-11 22:15:22
  1   1  99   0   0   0|   0  4096B|5706B   11k|   0     0 |  52   208 |30-11 22:15:23
  0   0 100   0   0   0|   0     0 |   0     0 |   0     0 |  24    50 |30-11 22:15:24
  1   0 100   0   0   0|   0     0 |5422B 2784B|   0     0 |  27    77 |30-11 22:15:25
  0   1  99   0   0   0|   0     0 |   0     0 |   0     0 |  39    99 |30-11 22:15:26
  0   0 100   0   0   0|   0     0 |   0     0 |   0     0 |  25    37 |30-11 22:15:27
  1   0  99   0   0   0|   0     0 |7317B 4139B|   0     0 |  38   110 |30-11 22:15:28
 10   8  79   0   0   3|   0     0 | 347k   10M|   0     0 | 430  1640 |30-11 22:15:29
  5   8  84   0   0   3|   0     0 | 721k   21M|   0     0 | 928  3387 |30-11 22:15:30
  6  10  79   0   0   5|   0     0 | 692k   20M|   0     0 | 906  3549 |30-11 22:15:31
  5   8  83   0   0   5|   0     0 | 673k   20M|   0     0 | 855  3238 |30-11 22:15:32
  5   6  84   0   0   6|   0     0 | 654k   19M|   0     0 | 831  3192 |30-11 22:15:33
  4   6  85   0   0   5|   0     0 | 683k   20M|   0     0 | 862  3380 |30-11 22:15:34
  5  10  82   0   0   3|   0     0 | 639k   19M|   0     0 | 937  3453 |30-11 22:15:35
  4  10  83   0   0   4|   0     0 | 687k   20M|   0     0 | 922  3322 |30-11 22:15:36
  4   9  82   0   0   5|   0    12k| 683k   20M|   0     0 | 920  3459 |30-11 22:15:37
  5   8  82   0   0   5|   0     0 | 662k   20M|   0     0 | 877  3444 |30-11 22:15:38
  4  10  82   0   0   5|   0     0 | 682k   20M|   0     0 | 988  3502 |30-11 22:15:39
  4   8  84   0   0   4|   0     0 | 684k   20M|   0     0 | 837  3165 |30-11 22:15:40
  4   9  81   0   0   6|   0     0 | 697k   21M|   0     0 | 966  3692 |30-11 22:15:41
  5   8  80   0   0   7|   0     0 | 711k   21M|   0     0 | 865  3401 |30-11 22:15:42
  4  10  81   0   0   5|   0     0 | 685k   20M|   0     0 | 873  3663 |30-11 22:15:43
  4   9  84   0   0   4|   0     0 | 633k   19M|   0     0 | 761  3227 |30-11 22:15:44
  5  11  80   0   0   5|   0     0 | 698k   21M|   0     0 | 922  3579 |30-11 22:15:45
  6  10  82   0   0   2|   0     0 | 691k   20M|   0     0 | 864  3452 |30-11 22:15:46
  3   8  85   0   0   4|   0     0 | 653k   19M|   0     0 | 816  3261 |30-11 22:15:47
  4   8  84   0   0   3|   0     0 | 657k   20M|   0     0 | 793  3332 |30-11 22:15:48
  2   5  88   0   0   5|   0     0 | 386k   11M|   0     0 | 433  1800 |30-11 22:15:49
  0   1  79  21   0   0|   0    84k|5640B   11k|   0     0 |  51   224 |30-11 22:15:50
  0   0 100   0   0   0|   0     0 |   0     0 |   0     0 |  34    84 |30-11 22:15:51
  1   0 100   0   0   0|   0    52k|5422B 2784B|   0     0 |  22    69 |30-11 22:15:52
  0   0 100   0   0   0|   0     0 |   0     0 |   0     0 |  20    53 |30-11 22:15:53
  0   0 100   0   0   0|   0     0 |   0     0 |   0     0 |  18    44 |30-11 22:15:54
  2   1  98   0   0   0|   0     0 |8147B 5385B|   0     0 |  56   157 |30-11 22:15:55
 11   9  78   0   0   2|   0     0 | 451k   13M|   0     0 | 529  2050 |30-11 22:15:56
  4  10  82   0   0   5|   0  4096B| 650k   19M|   0     0 | 913  3456 |30-11 22:15:57
  4   9  83   0   0   4|   0     0 | 672k   20M|   0     0 | 931  3709 |30-11 22:15:58
  4   8  84   0   0   4|   0     0 | 664k   20M|   0     0 | 902  3512 |30-11 22:15:59
  5   9  82   0   0   4|   0     0 | 685k   20M|   0     0 | 890  3648 |30-11 22:16:00
  4   8  84   0   0   4|   0     0 | 685k   20M|   0     0 | 854  3375 |30-11 22:16:01
  4   9  82   0   0   4|   0     0 | 639k   19M|   0     0 | 788  3097 |30-11 22:16:02
  5  11  81   0   0   4|   0     0 | 706k   21M|   0     0 | 744  3006 |30-11 22:16:03
  5   9  82   0   0   4|   0     0 | 699k   21M|   0     0 | 691  2704 |30-11 22:16:04
  5   9  84   0   0   3|   0     0 | 667k   20M|   0     0 | 717  2863 |30-11 22:16:05
  3  10  84   0   0   4|   0     0 | 670k   20M|   0     0 | 838  3485 |30-11 22:16:06
  6   7  82   0   0   5|   0     0 | 648k   19M|   0     0 | 912  3638 |30-11 22:16:07
  4  10  82   0   0   5|   0     0 | 685k   20M|   0     0 | 767  3061 |30-11 22:16:08
  5   7  82   0   0   6|   0     0 | 752k   22M|   0     0 | 823  3091 |30-11 22:16:09
  7   9  80   0   0   5|   0     0 | 731k   22M|   0     0 | 807  3071 |30-11 22:16:10
  5  10  81   0   0   4|   0     0 | 690k   20M|   0     0 | 817  3290 |30-11 22:16:11
  4   8  83   0   0   5|   0  8192B| 657k   20M|   0     0 | 808  3476 |30-11 22:16:12
  3   9  82   0   0   6|   0     0 | 690k   20M|   0     0 | 743  2915 |30-11 22:16:13
  4   7  82   0   0   8|   0     0 | 657k   20M|   0     0 | 808  3206 |30-11 22:16:14
  5   6  84   0   0   6|   0     0 | 649k   19M|   0     0 | 770  3248 |30-11 22:16:15
  1   3  93   0   0   4|   0     0 | 250k 7045k|   0     0 | 350  1486 |30-11 22:16:16
  1   1  99   0   0   0|   0  4096B|6960B   13k|   0     0 |  43   182 |30-11 22:16:17
  0   0 100   0   0   0|   0     0 |   0     0 |   0     0 |  22    52 |30-11 22:16:18
  1   0 100   0   0   0|   0     0 |5168B 2718B|   0     0 |  23    59 |30-11 22:16:19
  0   0 100   0   0   0|   0    44k| 254B   66B|   0     0 |  27    74 |30-11 22:16:20
  0   0 100   0   0   0|   0     0 |   0     0 |   0     0 |  33    82 |30-11 22:16:21
  9   3  88   0   0   0|   0     0 |3621B 3767B|   0     0 | 192   527 |30-11 22:16:22
  4   8  85   0   0   3|   0     0 | 636k   19M|   0     0 | 543  2674 |30-11 22:16:23
  5   7  85   0   0   4|   0     0 | 627k   19M|   0     0 | 822  3334 |30-11 22:16:24
  4   9  82   0   0   6|   0     0 | 649k   19M|   0     0 | 792  3230 |30-11 22:16:25
  5   7  82   0   0   5|   0     0 | 654k   19M|   0     0 | 959  3683 |30-11 22:16:26
  4   8  85   0   0   3|   0     0 | 583k   17M|   0     0 | 785  3097 |30-11 22:16:27
  4   8  84   0   0   4|   0  4096B| 644k   19M|   0     0 | 766  3054 |30-11 22:16:28
  4   9  84   0   0   4|   0     0 | 660k   19M|   0     0 | 878  3552 |30-11 22:16:29
  3  10  82   0   0   6|   0     0 | 663k   20M|   0     0 | 756  3110 |30-11 22:16:30
  3   6  86   0   0   4|   0     0 | 645k   19M|   0     0 | 811  3292 |30-11 22:16:31
  5  10  82   0   0   4|   0     0 | 674k   20M|   0     0 | 751  3379 |30-11 22:16:32
  4  10  83   0   0   4|   0     0 | 628k   19M|   0     0 | 787  3144 |30-11 22:16:33
  6   8  82   0   0   4|   0     0 | 634k   19M|   0     0 | 834  3371 |30-11 22:16:34
  5   9  82   0   0   5|   0     0 | 753k   22M|   0     0 | 725  2936 |30-11 22:16:35
  7  10  79   0   0   4|   0     0 | 819k   24M|   0     0 | 453  1918 |30-11 22:16:36
  5   7  85   0   0   3|   0     0 | 686k   20M|   0     0 | 632  2644 |30-11 22:16:37
  4   8  83   0   0   5|   0     0 | 638k   19M|   0     0 | 799  3261 |30-11 22:16:38
  5   8  83   0   0   5|   0     0 | 625k   19M|   0     0 | 757  2895 |30-11 22:16:39
  3   8  83   0   0   6|   0     0 | 670k   20M|   0     0 | 996  3741 |30-11 22:16:40
  4   8  82   0   0   6|   0     0 | 615k   18M|   0     0 | 956  3449 |30-11 22:16:41
  4   9  83   0   0   5|   0     0 | 605k   18M|   0     0 |1005  3672 |30-11 22:16:42
  0   2  98   0   0   0|   0  4096B|  75k 1899k|   0     0 | 116   451 |30-11 22:16:43
  1   1  98   0   0   0|   0  8192B|  14k   21k|   0     0 |  84   300 |30-11 22:16:44
  0   0 100   0   0   0|   0     0 |   0     0 |   0     0 |  24    46 |30-11 22:16:45
  0   1 100   0   0   0|   0     0 |   0     0 |   0     0 |  38    80 |30-11 22:16:46
  1   1  99   0   0   0|   0     0 |5422B 2784B|   0     0 |  27    72 |30-11 22:16:47
  0   0 100   0   0   0|   0  8192B|   0     0 |   0     0 |  23    42 |30-11 22:16:48
  8   5  87   0   0   1|   0     0 |  85k 2609k|   0     0 | 215   742 |30-11 22:16:49
  3  10  83   0   0   4|   0     0 | 761k   22M|   0     0 | 736  2926 |30-11 22:16:50
  3   8  83   2   0   4|   0    64k| 678k   20M|   0     0 | 874  3605 |30-11 22:16:51
  4   9  83   0   0   5|   0     0 | 681k   20M|   0     0 | 917  3553 |30-11 22:16:52
  6  10  79   0   0   6|   0    56k| 819k   24M|   0     0 | 848  3223 |30-11 22:16:53
  4  13  79   0   0   4|   0     0 | 810k   24M|   0     0 | 612  2277 |30-11 22:16:54
  4   8  84   0   0   4|   0     0 | 806k   24M|   0     0 | 424  1557 |30-11 22:16:55
  5  10  80   0   0   6|   0     0 | 837k   25M|   0     0 | 551  2313 |30-11 22:16:56
  4  12  80   0   0   4|   0     0 | 765k   23M|   0     0 | 635  2897 |30-11 22:16:57
  5   8  83   0   0   4|   0     0 | 740k   22M|   0     0 | 745  3025 |30-11 22:16:58
  6   8  82   0   0   5|   0     0 | 702k   21M|   0     0 | 561  2309 |30-11 22:16:59
  3   9  84   0   0   4|   0     0 | 701k   21M|   0     0 | 738  3190 |30-11 22:17:00
  7   9  79   0   0   6|8192B    0 | 673k   20M|   0     0 | 777  3277 |30-11 22:17:01
  5  11  79   0   0   5|   0     0 | 735k   22M|   0     0 | 781  3067 |30-11 22:17:02
  4   8  83   0   0   5|   0     0 | 681k   20M|   0     0 | 955  3272 |30-11 22:17:03
  5  10  82   0   0   4|   0     0 | 686k   20M|   0     0 | 903  3497 |30-11 22:17:04
  6  11  79   0   0   5|   0     0 | 721k   21M|   0     0 | 879  3336 |30-11 22:17:05
  3   8  83   0   0   5|   0     0 | 753k   22M|   0     0 | 881  3279 |30-11 22:17:06
  5  10  80   0   0   6|   0     0 | 748k   22M|   0     0 | 863  3439 |30-11 22:17:07
  5  11  80   0   0   4|   0     0 | 709k   21M|   0     0 | 833  3249 |30-11 22:17:08
  3   9  84   0   0   4|   0     0 | 654k   19M|   0     0 | 798  3094 |30-11 22:17:09
  1   0  99   0   0   0|   0  4096B|6894B   13k|   0     0 |  59   218 |30-11 22:17:10
  1   1  99   0   0   0|   0     0 |5422B 2784B|   0     0 |  36   113 |30-11 22:17:11
  0   0 100   0   0   0|   0     0 |   0     0 |   0     0 |  22    43 |30-11 22:17:12
  0   0 100   0   0   0|   0     0 |   0     0 |   0     0 |  18    27 |30-11 22:17:13
  1   0 100   0   0   0|   0  8192B|5168B 2718B|   0     0 |  27    55 |30-11 22:17:14
  0   0 100   0   0   0|   0     0 | 328B  140B|   0     0 |  24    44 |30-11 22:17:15
 10   9  79   0   0   2|   0     0 | 296k 8908k|   0     0 | 332  1198 |30-11 22:17:16
  4   9  84   0   0   3|   0     0 | 734k   22M|   0     0 | 702  2755 |30-11 22:17:17
  5   8  82   0   0   4|   0     0 | 767k   23M|   0     0 | 724  2762 |30-11 22:17:18
  6  11  80   0   0   4|   0     0 | 799k   24M|   0     0 | 606  2220 |30-11 22:17:19
  5   7  85   0   0   4|   0     0 | 657k   20M|   0     0 | 599  2321 |30-11 22:17:20
  7   8  77   2   0   7|   0    72k| 723k   21M|   0     0 | 828  3151 |30-11 22:17:21
  4   9  84   0   0   4|   0     0 | 658k   20M|   0     0 | 760  2938 |30-11 22:17:22
  4  10  82   0   0   4|   0     0 | 655k   19M|   0     0 | 747  2823 |30-11 22:17:23
  5  10  80   0   0   5|   0  8192B| 687k   20M|   0     0 | 767  2909 |30-11 22:17:24
  3   7  86   0   0   3|   0     0 | 633k   19M|   0     0 | 742  2942 |30-11 22:17:25
  4   8  84   0   0   4|   0     0 | 624k   19M|   0     0 | 768  2959 |30-11 22:17:26
  4   8  85   0   0   4|   0     0 | 617k   18M|   0     0 | 741  2926 |30-11 22:17:27
  4   9  83   0   0   4|   0     0 | 638k   19M|   0     0 | 760  2914 |30-11 22:17:28
  3   8  84   0   0   6|   0     0 | 674k   20M|   0     0 | 817  3129 |30-11 22:17:29
  6   9  83   0   0   3|   0     0 | 595k   18M|   0     0 | 770  2954 |30-11 22:17:30
  4   9  84   0   0   3|   0     0 | 661k   20M|   0     0 | 839  3230 |30-11 22:17:31
  4   8  83   0   0   5|   0     0 | 679k   20M|   0     0 | 833  3321 |30-11 22:17:32
  5   8  84   0   0   3|   0     0 | 667k   20M|   0     0 | 861  3435 |30-11 22:17:33
  3   7  87   0   0   4|   0     0 | 598k   18M|   0     0 | 695  3045 |30-11 22:17:34
  5   7  87   0   0   2|   0     0 | 606k   18M|   0     0 | 687  2869 |30-11 22:17:35
  6   6  86   0   0   1|   0     0 | 428k   12M|   0     0 | 399  1784 |30-11 22:17:36
  0   1  99   0   0   0|   0  4096B|8280B   16k|   0     0 |  44   224 |30-11 22:17:37
  0   0 100   0   0   0|   0     0 |   0     0 |   0     0 |  19    33 |30-11 22:17:38
  1   0  99   0   0   0|   0     0 |5422B 2784B|   0     0 |  28    84 |30-11 22:17:39
  0   0 100   0   0   0|   0     0 |   0     0 |   0     0 |  19    31 |30-11 22:17:40
  0   0 100   0   0   0|   0     0 | 102B  192B|   0     0 |  19    34 |30-11 22:17:41
  2   1  98   0   0   0|   0     0 |7465B 4701B|   0     0 |  49   159 |30-11 22:17:42
  9  10  78   0   0   3|   0     0 | 482k   14M|   0     0 | 414  1597 |30-11 22:17:43
  5   6  83   0   0   6|   0     0 | 703k   21M|   0     0 | 693  2935 |30-11 22:17:44
  4   9  83   0   0   4|   0  8192B| 686k   20M|   0     0 | 640  2616 |30-11 22:17:45
  5   9  82   0   0   4|   0     0 | 722k   21M|   0     0 | 758  3155 |30-11 22:17:46
  3   9  84   0   0   4|   0     0 | 652k   19M|   0     0 | 666  2941 |30-11 22:17:47
  3   8  85   0   0   4|   0     0 | 652k   19M|   0     0 | 749  3044 |30-11 22:17:48
  4   7  83   0   0   6|   0     0 | 698k   21M|   0     0 | 808  3365 |30-11 22:17:49
  5   9  83   0   0   4|   0     0 | 664k   20M|   0     0 | 789  2953 |30-11 22:17:50
  5   9  81   2   0   4|   0    56k| 703k   21M|   0     0 | 800  3084 |30-11 22:17:51
  3  10  85   0   0   2|   0     0 | 659k   20M|   0     0 | 727  2926 |30-11 22:17:52
  5  10  82   0   0   3|   0     0 | 643k   19M|   0     0 | 735  2925 |30-11 22:17:53
  4   7  84   0   0   5|   0     0 | 688k   20M|   0     0 | 725  2959 |30-11 22:17:54
  3  10  82   0   0   5|   0    72k| 711k   21M|   0     0 | 813  3340 |30-11 22:17:55
  4   8  83   0   0   4|   0     0 | 677k   20M|   0     0 | 875  3038 |30-11 22:17:56
  7  10  78   0   0   4|   0     0 | 720k   21M|   0     0 | 689  3330 |30-11 22:17:57
  4   9  83   0   0   5|   0     0 | 648k   19M|   0     0 | 794  2976 |30-11 22:17:58
  4   7  84   0   0   4|   0     0 | 650k   19M|   0     0 | 747  3109 |30-11 22:17:59
  6   8  82   0   0   5|   0     0 | 696k   21M|   0     0 | 837  3341 |30-11 22:18:00
  4   9  83   0   0   4|   0     0 | 699k   21M|   0     0 | 779  2985 |30-11 22:18:01
  4   9  82   0   0   5|   0     0 | 684k   20M|   0     0 | 716  2975 |30-11 22:18:02
  2   4  92   0   0   2|   0     0 | 297k 8377k|   0     0 | 320  1332 |30-11 22:18:03
  1   1  99   0   0   0|   0  4096B|8280B   16k|   0     0 |  52   234 |30-11 22:18:04
  0   0 100   0   0   0|   0     0 |   0     0 |   0     0 |  21    37 |30-11 22:18:05
  1   0 100   0   0   0|   0     0 |5422B 2784B|   0     0 |  22    69 |30-11 22:18:06
  0   0 100   0   0   0|   0     0 |   0     0 |   0     0 |  30    65 |30-11 22:18:07
  0   0 100   0   0   0|   0     0 |   0     0 |   0     0 |  18    29 |30-11 22:18:08
  0   0  99   0   0   0|   0     0 |5422B 2784B|   0     0 |  24    76 |30-11 22:18:09
  5   2  93   0   0   0|   0  4096B|3621B 2761B|   0     0 | 130   368 |30-11 22:18:10
  7   9  81   0   0   4|   0     0 | 439k   13M|   0     0 | 429  2000 |30-11 22:18:11
  3   9  83   0   0   5|   0     0 | 734k   22M|   0     0 | 797  3012 |30-11 22:18:12
  3  11  82   0   0   4|   0     0 | 691k   21M|   0     0 | 707  2856 |30-11 22:18:13
  7   8  83   0   0   3|   0     0 | 675k   20M|   0     0 | 932  3203 |30-11 22:18:14
  5   9  82   0   0   4|   0  4096B| 670k   20M|   0     0 | 810  3546 |30-11 22:18:15
  6  10  82   0   0   3|   0     0 | 675k   20M|   0     0 |1063  3773 |30-11 22:18:16
  5   9  81   0   0   6|   0     0 | 665k   20M|   0     0 | 856  3501 |30-11 22:18:17
  6  12  78   0   0   5|   0     0 | 696k   21M|   0     0 | 867  3319 |30-11 22:18:18
  5   8  83   0   0   4|   0     0 | 702k   21M|   0     0 | 779  3450 |30-11 22:18:19
  6  11  79   0   0   4|   0  8192B| 708k   21M|   0     0 | 738  2983 |30-11 22:18:20
  5  11  80   0   0   5|   0     0 | 752k   22M|   0     0 | 789  3055 |30-11 22:18:21
  6   8  82   1   0   4|   0    40k| 717k   21M|   0     0 | 792  3058 |30-11 22:18:22
  4   8  83   0   0   5|   0     0 | 657k   20M|   0     0 | 818  3197 |30-11 22:18:23
  5   8  83   0   0   4|   0     0 | 641k   19M|   0     0 | 761  2944 |30-11 22:18:24
  4  12  81   0   0   3|   0     0 | 685k   20M|   0     0 | 901  3489 |30-11 22:18:25
  5   7  82   0   0   7|   0     0 | 664k   20M|   0     0 | 929  3502 |30-11 22:18:26
  4  10  81   0   0   5|   0     0 | 674k   20M|   0     0 | 832  3493 |30-11 22:18:27
  5   9  80   0   0   6|   0     0 | 702k   21M|   0     0 | 948  3658 |30-11 22:18:28
  4   9  82   0   0   5|   0     0 | 694k   21M|   0     0 | 943  3515 |30-11 22:18:29
  5  10  79   0   0   5|   0     0 | 682k   20M|   0     0 | 886  3552 |30-11 22:18:30
  1   2  96   0   0   1|   0     0 | 181k 4862k|   0     0 | 243   902 |30-11 22:18:31
  0   1  99   0   0   0|   0  4096B|8280B   16k|   0     0 |  66   243 |30-11 22:18:32
  0   0 100   0   0   0|   0     0 |   0     0 |   0     0 |  24    37 |30-11 22:18:33
  1   0 100   0   0   0|   0     0 |5422B 2784B|   0     0 |  27    63 |30-11 22:18:34
  0   0 100   0   0   0|   0     0 | 102B  192B|   0     0 |  18    29 |30-11 22:18:35
  0   0 100   0   0   0|   0     0 |   0     0 |   0     0 |  20    34 |30-11 22:18:36
  9   6  85   0   0   1|   0     0 |  41k 1118k|   0     0 | 237   688 |30-11 22:18:37
  4  10  82   0   0   4|   0     0 | 843k   25M|   0     0 | 340  1300 |30-11 22:18:38
  4  11  82   0   0   4|   0     0 | 790k   23M|   0     0 | 472  1938 |30-11 22:18:39
  7  10  78   0   0   5|   0     0 | 768k   23M|   0     0 | 652  2511 |30-11 22:18:40
  4  11  80   0   0   6|   0  4096B| 712k   21M|   0     0 | 743  2822 |30-11 22:18:41
  3   8  84   0   0   4|   0     0 | 626k   19M|   0     0 | 588  2724 |30-11 22:18:42
  6   7  84   0   0   3|   0     0 | 715k   21M|   0     0 | 579  2430 |30-11 22:18:43
  7   6  83   0   0   4|   0     0 | 648k   19M|   0     0 | 661  2718 |30-11 22:18:44
  4   9  81   0   0   5|   0     0 | 647k   19M|   0     0 | 665  2698 |30-11 22:18:45
  7   9  82   0   0   3|   0     0 | 662k   20M|   0     0 | 645  2803 |30-11 22:18:46
  5   7  84   0   0   4|   0     0 | 609k   18M|   0     0 | 525  2291 |30-11 22:18:47
  5   8  84   0   0   3|   0     0 | 612k   18M|   0     0 | 507  2162 |30-11 22:18:48
  4   7  85   0   0   4|   0     0 | 610k   18M|   0     0 | 430  2118 |30-11 22:18:49
  3   9  84   0   0   5|   0     0 | 626k   19M|   0     0 | 565  2342 |30-11 22:18:50
  5   7  84   0   0   4|   0  4096B| 619k   18M|   0     0 | 557  2221 |30-11 22:18:51
  5   8  82   1   0   5|   0    56k| 623k   19M|   0     0 | 537  2534 |30-11 22:18:52
  4   8  84   0   0   5|   0     0 | 636k   19M|   0     0 | 583  2555 |30-11 22:18:53
  4   9  83   0   0   4|   0     0 | 635k   19M|   0     0 | 614  2535 |30-11 22:18:54
  7  11  78   0   0   5|   0     0 | 738k   22M|   0     0 | 684  2966 |30-11 22:18:55
  5  10  79   0   0   6|   0    44k| 847k   25M|   0     0 | 566  2369 |30-11 22:18:56
  4  12  80   0   0   5|   0     0 | 780k   22M|   0     0 | 489  2087 |30-11 22:18:57
  1   1  98   0   0   1|   0  4096B|  18k   42k|   0     0 |  29   101 |30-11 22:18:58
  0   1  99   0   0   0|   0     0 | 360B  132B|   0     0 |  38   195 |30-11 22:18:59
  0   0 100   0   0   0|   0     0 |   0     0 |   0     0 |  19    27 |30-11 22:19:00
  1   0 100   0   0   0|   0    16k|5844B 3496B|   0     0 |  22    78 |30-11 22:19:01
  1   0  99   0   0   0|   0     0 |   0     0 |   0     0 |  29    77 |30-11 22:19:02
  0   0 100   0   0   0|   0     0 |   0     0 |   0     0 |  18    25 |30-11 22:19:03
 11   4  83   0   0   2|   0     0 | 122k 3571k|   0     0 | 225   774 |30-11 22:19:04
  4   6  89   0   0   2|   0     0 | 591k   18M|   0     0 | 243  1338 |30-11 22:19:05
  5   9  83   0   0   4|   0     0 | 685k   20M|   0     0 | 464  2035 |30-11 22:19:06
  5  10  80   0   0   5|   0    20k| 774k   23M|   0     0 | 519  2253 |30-11 22:19:07
  6   8  81   0   0   5|   0     0 | 678k   20M|   0     0 | 585  2343 |30-11 22:19:08
  4   7  84   0   0   5|   0     0 | 670k   20M|   0     0 | 612  2632 |30-11 22:19:09
  5   9  82   0   0   5|   0     0 | 678k   20M|   0     0 | 602  2716 |30-11 22:19:10
  5  10  81   0   0   5|   0     0 | 723k   21M|   0     0 | 686  2770 |30-11 22:19:11
  6   9  81   0   0   3|   0  8192B| 717k   21M|   0     0 | 683  2761 |30-11 22:19:12
  6  11  79   0   0   6|   0     0 | 701k   21M|   0     0 | 801  2854 |30-11 22:19:13
  4  12  80   0   0   4|   0     0 | 710k   21M|   0     0 | 812  2799 |30-11 22:19:14
  5   7  83   0   0   5|   0     0 | 727k   22M|   0     0 | 796  2859 |30-11 22:19:15
  5  10  80   0   0   6|   0     0 | 730k   22M|   0     0 | 764  2968 |30-11 22:19:16
  6  11  80   0   0   3|   0     0 | 762k   22M|   0     0 | 737  2734 |30-11 22:19:17
  5   9  83   0   0   3|   0  8192B| 756k   22M|   0     0 | 804  2792 |30-11 22:19:18
  4   8  85   0   0   3|   0     0 | 698k   21M|   0     0 | 672  2527 |30-11 22:19:19
  7  12  77   0   0   5|   0     0 | 763k   23M|   0     0 | 689  2673 |30-11 22:19:20
  7  10  80   0   0   3|   0     0 | 740k   22M|   0     0 | 719  2798 |30-11 22:19:21
  5  10  80   0   0   5|   0     0 | 714k   21M|   0     0 | 736  2736 |30-11 22:19:22
  5   9  79   1   0   6|   0   100k| 754k   22M|   0     0 | 730  2906 |30-11 22:19:23
  4   9  85   0   0   2|   0     0 | 614k   17M|   0     0 | 651  2458 |30-11 22:19:24
  1   1  98   0   0   1|   0     0 |  13k   26k|   0     0 |  57   234 |30-11 22:19:25
  1   0  99   0   0   0|   0     0 |5422B 2784B|   0     0 |  28    72 |30-11 22:19:26
  0   1 100   0   0   0|   0     0 |   0     0 |   0     0 |  35    74 |30-11 22:19:27
  0   0 100   0   0   0|   0     0 |   0     0 |   0     0 |  24    49 |30-11 22:19:28
  1   0 100   0   0   0|   0    12k|5422B 2784B|   0     0 |  31    77 |30-11 22:19:29
  1   0  99   0   0   0|   0     0 |1715B 1289B|   0     0 |  38    79 |30-11 22:19:30
  9   8  82   0   0   2|   0     0 | 248k 7450k|   0     0 | 274   869 |30-11 22:19:31
  4   6  88   0   0   2|   0     0 | 609k   18M|   0     0 | 356  1303 |30-11 22:19:32
  4   6  86   0   0   5|   0     0 | 644k   19M|   0     0 | 507  1729 |30-11 22:19:33
  4   7  86   0   0   3|   0     0 | 601k   18M|   0     0 | 499  1940 |30-11 22:19:34
  5   8  84   0   0   4|   0     0 | 669k   20M|   0     0 | 547  2233 |30-11 22:19:35
  4   9  84   0   0   4|   0     0 | 700k   21M|   0     0 | 583  2238 |30-11 22:19:36
  5   9  81   0   0   5|   0     0 | 697k   21M|   0     0 | 605  2527 |30-11 22:19:37
  4   8  83   0   0   5|   0     0 | 699k   21M|   0     0 | 647  2417 |30-11 22:19:38
  4  10  82   0   0   4|   0     0 | 682k   20M|   0     0 | 603  2382 |30-11 22:19:39
  4   9  83   0   0   5|   0    16k| 683k   20M|   0     0 | 635  2382 |30-11 22:19:40
  4   7  84   0   0   5|   0     0 | 685k   20M|   0     0 | 626  2498 |30-11 22:19:41
  4  12  81   0   0   4|   0     0 | 709k   21M|   0     0 | 578  2386 |30-11 22:19:42
  4   9  84   0   0   4|   0     0 | 676k   20M|   0     0 | 536  2183 |30-11 22:19:43
  7   8  81   0   0   4|   0     0 | 671k   20M|   0     0 | 545  2336 |30-11 22:19:44
  5   8  85   0   0   3|   0  8192B| 678k   20M|   0     0 | 543  2366 |30-11 22:19:45
  4   9  83   0   0   4|   0     0 | 693k   21M|   0     0 | 527  2253 |30-11 22:19:46
  5   8  82   0   0   4|   0     0 | 693k   20M|   0     0 | 539  2313 |30-11 22:19:47
  5   9  81   0   0   5|   0     0 | 706k   21M|   0     0 | 568  2351 |30-11 22:19:48
  4   8  83   0   0   5|   0     0 | 675k   20M|   0     0 | 578  2295 |30-11 22:19:49
  5  10  81   0   0   5|   0     0 | 677k   20M|   0     0 | 578  2490 |30-11 22:19:50
  2   5  88   0   0   4|   0     0 | 430k   12M|   0     0 | 422  1718 |30-11 22:19:51
  1   1  98   0   0   0|   0     0 |  13k   26k|   0     0 |  57   258 |30-11 22:19:52
  0   0 100   0   0   0|   0     0 |5422B 2784B|   0     0 |  24    72 |30-11 22:19:53
  0   0  95   5   0   0|   0    52k|   0     0 |   0     0 |  26    52 |30-11 22:19:54
  0   0 100   0   0   0|   0     0 |   0     0 |   0     0 |  23    47 |30-11 22:19:55
  1   0  99   0   0   0|   0     0 |5422B 2784B|   0     0 |  29    83 |30-11 22:19:56
  1   0 100   0   0   0|   0     0 |   0     0 |   0     0 |  30    65 |30-11 22:19:57
  8   4  89   0   0   0|   0     0 |3621B 3767B|   0     0 | 189   549 |30-11 22:19:58
