[7l----total-cpu-usage---- -dsk/total- -net/total- ---paging-- ---system-- ----system----
usr sys idl wai hiq siq| read  writ| recv  send|  in   out | int   csw |     time     
  2   2  93   0   0   2|  28k   69k|   0     0 |   0     0 | 462  1773 |02-12 19:46:44
  0   0 100   0   0   0|   0     0 |   0     0 |   0     0 |  24    45 |02-12 19:46:45
  0   1 100   0   0   0|   0     0 |   0     0 |   0     0 |  32    75 |02-12 19:46:46
  0   1 100   0   0   0|   0     0 |5422B 2788B|   0     0 |  28    79 |02-12 19:46:47
  0   0 100   0   0   0|   0  4096B|   0     0 |   0     0 |  21    33 |02-12 19:46:48
  1   0 100   0   0   0|   0     0 | 247B  247B|   0     0 |  28    53 |02-12 19:46:49
  9   3  88   0   0   0|   0     0 |  12k  122k|   0     0 | 195   580 |02-12 19:46:50
  1   2  97   0   0   1|   0     0 |  69k 2085k|   0     0 | 219   939 |02-12 19:46:51
  2   2  94   0   0   2|   0     0 | 172k 5135k|   0     0 | 535  2357 |02-12 19:46:52
  3   3  93   0   0   1|   0     0 | 195k 5685k|   0     0 | 606  2451 |02-12 19:46:53
  2   2  93   0   0   3|   0     0 | 214k 6419k|   0     0 | 652  2728 |02-12 19:46:54
  2   3  93   0   0   2|   0     0 | 225k 6747k|   0     0 | 631  2638 |02-12 19:46:55
  3   4  90   0   0   4|   0     0 | 246k 7212k|   0     0 | 777  2816 |02-12 19:46:56
  2   3  92   0   0   3|   0     0 | 245k 7341k|   0     0 | 780  2948 |02-12 19:46:57
  2   3  93   0   0   2|   0  8192B| 232k 6939k|   0     0 | 685  2855 |02-12 19:46:58
  3   2  94   0   0   2|   0     0 | 216k 6323k|   0     0 | 622  2588 |02-12 19:46:59
  3   2  92   0   0   3|   0     0 | 228k 6833k|   0     0 | 659  2773 |02-12 19:47:00
  2   3  92   0   0   3|   0     0 | 223k 6682k|   0     0 | 716  2800 |02-12 19:47:01
  3   4  90   0   0   3|   0     0 | 223k 6527k|   0     0 | 665  2754 |02-12 19:47:02
  1   1  97   0   0   2|   0     0 | 210k 6272k|   0     0 | 770  2718 |02-12 19:47:03
  2   4  92   0   0   3|   0     0 | 197k 5890k|   0     0 | 648  2342 |02-12 19:47:04
  2   2  92   2   0   3|   0    48k| 224k 6569k|   0     0 | 610  2589 |02-12 19:47:05
  1   2  93   0   0   5|   0     0 | 213k 6374k|   0     0 | 693  2592 |02-12 19:47:06
  3   4  91   0   0   2|   0     0 | 217k 6501k|   0     0 | 739  2755 |02-12 19:47:07
  2   4  90   0   0   3|   0     0 | 249k 7307k|   0     0 | 735  2776 |02-12 19:47:08
  2   4  92   0   0   2|   0  4096B| 224k 6685k|   0     0 | 661  2695 |02-12 19:47:09
  1   2  95   0   0   2|   0     0 | 227k 6812k|   0     0 | 708  2730 |02-12 19:47:10
  2   3  93   0   0   2|   0     0 | 228k 6688k|   0     0 | 667  2787 |02-12 19:47:11
  2   3  91   0   0   4|   0     0 | 214k 6403k|   0     0 | 682  2639 |02-12 19:47:12
  3   2  94   0   0   2|   0     0 | 222k 6665k|   0     0 | 724  2741 |02-12 19:47:13
  3   3  92   0   0   3|   0     0 | 215k 6266k|   0     0 | 623  2669 |02-12 19:47:14
  3   3  92   0   0   3|   0     0 | 222k 6660k|   0     0 | 644  2781 |02-12 19:47:15
  2   3  93   0   0   3|   0     0 | 219k 6562k|   0     0 | 575  2698 |02-12 19:47:16
  4   2  92   0   0   2|   0     0 | 232k 6774k|   0     0 | 665  2816 |02-12 19:47:17
  2   2  95   0   0   2|   0     0 | 221k 6628k|   0     0 | 655  2802 |02-12 19:47:18
  1   2  93   0   0   4|   0  4096B| 214k 6402k|   0     0 | 650  2663 |02-12 19:47:19
  2   2  93   0   0   3|   0     0 | 201k 5864k|   0     0 | 554  2429 |02-12 19:47:20
  2   2  93   0   0   3|   0     0 | 219k 6566k|   0     0 | 627  2618 |02-12 19:47:21
  2   3  93   0   0   2|   0     0 | 213k 6386k|   0     0 | 594  2623 |02-12 19:47:22
  3   3  91   0   0   3|   0     0 | 237k 6954k|   0     0 | 578  2806 |02-12 19:47:23
  1   4  93   0   0   3|   0  8192B| 217k 6509k|   0     0 | 593  2568 |02-12 19:47:24
  2   4  92   0   0   2|   0     0 | 211k 6311k|   0     0 | 719  2670 |02-12 19:47:25
  1   4  91   0   0   4|   0     0 | 212k 6189k|   0     0 | 603  2506 |02-12 19:47:26
  2   2  94   0   0   3|   0     0 | 204k 6099k|   0     0 | 594  2440 |02-12 19:47:27
  1   2  94   0   0   3|   0     0 | 222k 6648k|   0     0 | 724  2784 |02-12 19:47:28
  3   2  91   0   0   4|   0     0 | 221k 6542k|   0     0 | 628  2594 |02-12 19:47:29
  4   3  92   0   0   2|   0     0 | 230k 6771k|   0     0 | 661  2691 |02-12 19:47:30
  3   3  91   0   0   3|   0     0 | 221k 6619k|   0     0 | 604  2699 |02-12 19:47:31
  1   3  94   0   0   2|   0     0 | 240k 7205k|   0     0 | 641  2661 |02-12 19:47:32
  3   3  92   0   0   2|   0     0 | 221k 6474k|   0     0 | 603  2571 |02-12 19:47:33
  2   3  92   0   0   4|   0     0 | 227k 6791k|   0     0 | 545  2676 |02-12 19:47:34
  2   3  91   1   0   4|   0    20k| 226k 6755k|   0     0 | 633  2632 |02-12 19:47:35
  3   3  92   0   0   2|   0     0 | 238k 6995k|   0     0 | 713  2725 |02-12 19:47:36
  2   3  93   0   0   3|   0     0 | 221k 6607k|   0     0 | 662  2741 |02-12 19:47:37
  2   2  91   0   0   4|   0     0 | 218k 6550k|   0     0 | 623  2575 |02-12 19:47:38
  2   4  93   0   0   2|   0    40k| 222k 6508k|   0     0 | 628  2616 |02-12 19:47:39
  1   2  95   0   0   3|   0     0 | 221k 6607k|   0     0 | 684  2703 |02-12 19:47:40
  2   3  92   0   0   3|   0     0 | 222k 6648k|   0     0 | 667  2823 |02-12 19:47:41
  2   2  94   0   0   2|   0     0 | 229k 6721k|   0     0 | 716  2721 |02-12 19:47:42
  2   3  93   0   0   3|   0     0 | 211k 6333k|   0     0 | 606  2646 |02-12 19:47:43
  1   3  95   0   0   2|   0     0 | 211k 6312k|   0     0 | 646  2507 |02-12 19:47:44
  2   2  94   0   0   2|   0     0 | 227k 6638k|   0     0 | 576  2698 |02-12 19:47:45
  3   3  91   0   0   3|   0     0 | 210k 6287k|   0     0 | 482  2449 |02-12 19:47:46
  2   4  92   0   0   2|   0     0 | 235k 7046k|   0     0 | 588  2723 |02-12 19:47:47
  3   3  92   0   0   2|   0     0 | 230k 6732k|   0     0 | 621  2669 |02-12 19:47:48
  2   3  93   0   0   3|   0     0 | 221k 6636k|   0     0 | 622  2568 |02-12 19:47:49
  3   3  92   0   0   3|   0  8192B| 311k 9158k|   0     0 | 717  2954 |02-12 19:47:50
  3   6  85   0   0   6|   0     0 | 541k   16M|   0     0 |1078  3989 |02-12 19:47:51
  1   0  99   0   0   0|   0     0 |4584B 4598B|   0     0 |  50   206 |02-12 19:47:52
  0   0 100   0   0   0|   0     0 |   0     0 |   0     0 |  23    45 |02-12 19:47:53
  1   0  99   0   0   0|   0     0 |5422B 2788B|   0     0 |  26    68 |02-12 19:47:54
  0   0 100   0   0   0|   0  8192B|   0     0 |   0     0 |  20    35 |02-12 19:47:55
  0   1 100   0   0   0|   0     0 |   0     0 |   0     0 |  35    60 |02-12 19:47:56
  1   1  99   0   0   0|   0     0 |5422B 2788B|   0     0 |  29    91 |02-12 19:47:57
  0   0 100   0   0   0|   0     0 |   0     0 |   0     0 |  24    46 |02-12 19:47:58
  0   0 100   0   0   0|   0     0 |4224B 4224B|   0     0 |  24    39 |02-12 19:47:59
  1   0  99   0   0   0|   0     0 |5422B 2788B|   0     0 |  32    72 |02-12 19:48:00
  1   0 100   0   0   0|   0     0 |1715B 1355B|   0     0 |  36    71 |02-12 19:48:01
  9   5  86   0   0   1|   0     0 |3296B 3166B|   0     0 | 226   729 |02-12 19:48:02
  1   0  99   0   0   0|   0     0 |5422B 2788B|   0     0 |  29    75 |02-12 19:48:03
  0   0 100   0   0   0|   0     0 |   0     0 |   0     0 |  24    41 |02-12 19:48:04
  0   0 100   0   0   0|   0     0 |   0     0 |   0     0 |  24    45 |02-12 19:48:05
  0   0 100   0   0   0|   0     0 |5422B 2788B|   0     0 |  27    78 |02-12 19:48:06
  1   1  97   2   0   0|   0    28k|1665B 2681B|   0     0 |  56   148 |02-12 19:48:07
  0   1  99   0   0   0|   0     0 | 668B  458B|   0     0 |  40   131 |02-12 19:48:08
  1   0 100   0   0   0|   0     0 |5422B 2788B|   0     0 |  29    74 |02-12 19:48:09
  0   0 100   0   0   0|   0     0 |   0     0 |   0     0 |  23    53 |02-12 19:48:10
  0   0 100   0   0   0|   0     0 |   0     0 |   0     0 |  24    35 |02-12 19:48:11
  0   1  99   0   0   0|   0     0 |5422B 2788B|   0     0 |  42   102 |02-12 19:48:12
  0   0 100   0   0   0|   0     0 |   0     0 |   0     0 |  23    49 |02-12 19:48:13
  1   0  99   0   0   0|   0     0 |2287B 2203B|   0     0 |  51   112 |02-12 19:48:14
  8   3  88   0   0   1|   0     0 |  56k 1446k|   0     0 | 294  1044 |02-12 19:48:15
  2   3  92   0   0   2|   0     0 | 198k 5945k|   0     0 | 689  2605 |02-12 19:48:16
  1   3  94   0   0   2|   0     0 | 204k 6104k|   0     0 | 617  2607 |02-12 19:48:17
  2   2  94   0   0   2|   0     0 | 218k 6372k|   0     0 | 616  2695 |02-12 19:48:18
  1   3  94   0   0   3|   0     0 | 219k 6566k|   0     0 | 719  2690 |02-12 19:48:19
  2   4  93   0   0   2|   0     0 | 216k 6456k|   0     0 | 655  2743 |02-12 19:48:20
  3   3  91   0   0   4|   0     0 | 229k 6721k|   0     0 | 715  2708 |02-12 19:48:21
  3   2  93   0   0   3|   0     0 | 222k 6648k|   0     0 | 734  2722 |02-12 19:48:22
  3   3  92   0   0   3|   0     0 | 241k 7213k|   0     0 | 704  2878 |02-12 19:48:23
  3   2  92   0   0   4|   0     0 | 228k 6671k|   0     0 | 606  2776 |02-12 19:48:24
  3   3  93   0   0   2|   0    12k| 219k 6554k|   0     0 | 625  2660 |02-12 19:48:25
  1   3  94   0   0   2|   0     0 | 220k 6574k|   0     0 | 754  2719 |02-12 19:48:26
  4   4  90   0   0   3|   0     0 | 228k 6679k|   0     0 | 686  2664 |02-12 19:48:27
  2   3  94   0   0   2|   0     0 | 196k 5878k|   0     0 | 595  2562 |02-12 19:48:28
  3   2  92   0   0   4|   0     0 | 230k 6894k|   0     0 | 606  2931 |02-12 19:48:29
  3   4  90   0   0   3|   0     0 | 231k 6702k|   0     0 | 724  2722 |02-12 19:48:30
  3   2  93   0   0   3|   0     0 | 226k 6763k|   0     0 | 649  2728 |02-12 19:48:31
  1   3  92   0   0   4|   0     0 | 232k 6963k|   0     0 | 660  2765 |02-12 19:48:32
  3   3  91   0   0   3|   0     0 | 220k 6447k|   0     0 | 635  2512 |02-12 19:48:33
  4   2  92   0   0   3|   0     0 | 221k 6611k|   0     0 | 646  2662 |02-12 19:48:34
  2   4  93   0   0   2|   0     0 | 210k 6283k|   0     0 | 676  2412 |02-12 19:48:35
  3   2  93   0   0   3|   0  4096B| 218k 6380k|   0     0 | 576  2512 |02-12 19:48:36
  2   3  92   0   0   3|   0     0 | 215k 6451k|   0     0 | 742  2855 |02-12 19:48:37
  2   2  93   2   0   1|   0    48k| 223k 6672k|   0     0 | 750  2805 |02-12 19:48:38
  2   4  93   0   0   2|   0     0 | 231k 6767k|   0     0 | 601  2702 |02-12 19:48:39
  2   2  92   0   0   4|   0     0 | 224k 6697k|   0     0 | 654  2769 |02-12 19:48:40
  2   3  93   0   0   2|   0    40k| 234k 7013k|   0     0 | 656  2980 |02-12 19:48:41
  3   2  93   0   0   3|   0     0 | 230k 6729k|   0     0 | 607  2779 |02-12 19:48:42
  2   4  92   0   0   2|   0     0 | 211k 6321k|   0     0 | 517  2531 |02-12 19:48:43
  2   3  92   0   0   3|   0     0 | 233k 6989k|   0     0 | 658  2903 |02-12 19:48:44
  2   3  92   0   0   3|   0     0 | 232k 6811k|   0     0 | 642  2777 |02-12 19:48:45
  2   3  93   0   0   2|   0  8192B| 211k 6329k|   0     0 | 569  2611 |02-12 19:48:46
  2   3  92   0   0   3|   0     0 | 248k 7439k|   0     0 | 734  2966 |02-12 19:48:47
  2   2  92   0   0   4|   0     0 | 227k 6804k|   0     0 | 631  2676 |02-12 19:48:48
  2   2  94   0   0   3|   0     0 | 229k 6716k|   0     0 | 614  2699 |02-12 19:48:49
  1   2  94   0   0   4|   0     0 | 213k 6361k|   0     0 | 566  2645 |02-12 19:48:50
  1   2  94   0   0   3|   0     0 | 215k 6472k|   0     0 | 633  2550 |02-12 19:48:51
  2   5  92   0   0   2|   0     0 | 229k 6696k|   0     0 | 761  2828 |02-12 19:48:52
  4   2  91   0   0   4|   0     0 | 231k 6931k|   0     0 | 769  2728 |02-12 19:48:53
  2   2  94   0   0   2|   0     0 | 221k 6611k|   0     0 | 651  2568 |02-12 19:48:54
  2   1  94   0   0   3|   0     0 | 205k 5983k|   0     0 | 613  2437 |02-12 19:48:55
  2   3  92   0   0   3|   0  4096B| 221k 6627k|   0     0 | 726  2658 |02-12 19:48:56
  4   4  90   0   0   3|   0     0 | 234k 7018k|   0     0 | 589  2386 |02-12 19:48:57
  2   4  92   0   0   3|   0     0 | 227k 6659k|   0     0 | 594  2661 |02-12 19:48:58
  2   2  93   0   0   3|   0     0 | 233k 6984k|   0     0 | 685  2889 |02-12 19:48:59
  2   3  93   0   0   2|   0     0 | 212k 6345k|   0     0 | 586  2518 |02-12 19:49:00
  3   3  91   0   0   4|   0     0 | 217k 6348k|   0     0 | 627  2554 |02-12 19:49:01
  2   2  94   0   0   2|   0     0 | 222k 6640k|   0     0 | 692  2654 |02-12 19:49:02
  1   2  95   0   0   2|   0     0 | 223k 6666k|   0     0 | 785  2814 |02-12 19:49:03
  2   3  91   0   0   4|   0     0 | 215k 6294k|   0     0 | 619  2610 |02-12 19:49:04
  2   2  94   0   0   2|   0     0 | 208k 6218k|   0     0 | 638  2592 |02-12 19:49:05
  2   1  94   0   0   3|   0     0 | 219k 6557k|   0     0 | 631  2619 |02-12 19:49:06
  2   4  90   0   0   4|   0     0 | 218k 6372k|   0     0 | 663  2666 |02-12 19:49:07
  2   3  92   1   0   2|   0    24k| 236k 7078k|   0     0 | 684  2781 |02-12 19:49:08
  2   2  92   0   0   5|   0     0 | 229k 6869k|   0     0 | 741  2694 |02-12 19:49:09
  3   3  92   0   0   2|   0     0 | 221k 6454k|   0     0 | 675  2546 |02-12 19:49:10
  1   3  93   0   0   3|   0     0 | 224k 6726k|   0     0 | 680  2734 |02-12 19:49:11
  2   4  91   0   0   4|   0     0 | 225k 6738k|   0     0 | 760  2788 |02-12 19:49:12
  3   4  91   0   0   4|   0     0 | 229k 6716k|   0     0 | 771  2897 |02-12 19:49:13
  2   1  94   0   0   4|   0     0 | 222k 6632k|   0     0 | 720  2742 |02-12 19:49:14
  1   2  97   0   0   1|   0     0 | 143k 4171k|   0     0 | 444  1796 |02-12 19:49:15
  1   0  99   0   0   0|   0     0 |  10k 8208B|   0     0 |  35    94 |02-12 19:49:16
  0   1  99   0   0   0|   0  8192B| 726B  354B|   0     0 |  59   233 |02-12 19:49:17
  0   0 100   0   0   0|   0     0 |  66B   54B|   0     0 |  26    60 |02-12 19:49:18
  1   0 100   0   0   0|   0     0 |5422B 2788B|   0     0 |  33    71 |02-12 19:49:19
  0   0 100   0   0   0|   0     0 |   0     0 |   0     0 |  23    35 |02-12 19:49:20
  0   0 100   0   0   0|   0     0 |   0     0 |   0     0 |  23    37 |02-12 19:49:21
  1   0  99   0   0   0|   0     0 |5422B 2788B|   0     0 |  38   117 |02-12 19:49:22
  0   0 100   0   0   0|   0     0 |   0     0 |   0     0 |  24    42 |02-12 19:49:23
  0   0 100   0   0   0|   0     0 |   0     0 |   0     0 |  26    47 |02-12 19:49:24
  1   0  99   0   0   0|   0     0 |5422B 3166B|   0     0 |  24    70 |02-12 19:49:25
  0   0 100   0   0   0|   0     0 |   0   126B|   0     0 |  21    35 |02-12 19:49:26
  0   1 100   0   0   0|   0  8192B| 102B  192B|   0     0 |  37    87 |02-12 19:49:27
  0   1  99   0   0   0|   0     0 |5962B 3022B|   0     0 |  27    72 |02-12 19:49:28
  0   0 100   0   0   0|   0     0 |   0     0 |   0     0 |  26    55 |02-12 19:49:29
  1   1  99   0   0   0|   0     0 |2859B 5644B|   0     0 |  55   136 |02-12 19:49:30
  0   0 100   0   0   0|   0     0 |5422B 2788B|   0     0 |  31    73 |02-12 19:49:31
  0   1  99   0   0   0|   0     0 |   0     0 |   0     0 |  37    88 |02-12 19:49:32
  0   0 100   0   0   0|   0     0 |   0     0 |   0     0 |  23    49 |02-12 19:49:33
  1   0  99   0   0   0|   0     0 |5422B 2788B|   0     0 |  28    71 |02-12 19:49:34
  0   0 100   0   0   0|   0     0 |   0     0 |   0     0 |  23    35 |02-12 19:49:35
  0   0 100   0   0   0|   0     0 |   0     0 |   0     0 |  25    45 |02-12 19:49:36
  1   0  99   0   0   0|   0     0 |5422B 2788B|   0     0 |  39   120 |02-12 19:49:37
  0   0 100   0   0   0|   0     0 |   0     0 |   0     0 |  24    39 |02-12 19:49:38
  0   0  99   1   0   0|   0    48k|   0     0 |   0     0 |  21    45 |02-12 19:49:39
  1   0 100   0   0   0|   0     0 |5422B 2788B|   0     0 |  24    63 |02-12 19:49:40
  0   0 100   0   0   0|   0     0 |   0     0 |   0     0 |  22    52 |02-12 19:49:41
  0   1 100   0   0   0|   0    44k|   0     0 |   0     0 |  35    81 |02-12 19:49:42
  1   0  99   0   0   0|   0     0 |5422B 2788B|   0     0 |  25    70 |02-12 19:49:43
  1   0 100   0   0   0|   0     0 |   0     0 |   0     0 |  24    41 |02-12 19:49:44
  0   0 100   0   0   0|   0     0 |4224B 4224B|   0     0 |  23    43 |02-12 19:49:45
  1   0 100   0   0   0|   0     0 |5422B 2788B|   0     0 |  24    71 |02-12 19:49:46
  0   1 100   0   0   0|   0     0 |   0     0 |   0     0 |  37    81 |02-12 19:49:47
  0   0 100   0   0   0|   0     0 |   0     0 |   0     0 |  26    52 |02-12 19:49:48
  1   0  99   0   0   0|   0     0 |5422B 2788B|   0     0 |  25    67 |02-12 19:49:49
  0   0 100   0   0   0|   0     0 |   0     0 |   0     0 |  25    53 |02-12 19:49:50
  0   0 100   0   0   0|   0     0 |   0     0 |   0     0 |  23    36 |02-12 19:49:51
  1   1  98   0   0   0|   0     0 |5422B 2788B|   0     0 |  39   109 |02-12 19:49:52
  0   0 100   0   0   0|   0  8192B|   0     0 |   0     0 |  25    45 |02-12 19:49:53
  1   0  99   0   0   0|   0     0 |1715B 1355B|   0     0 |  32    72 |02-12 19:49:54
  4   1  95   0   0   0|   0     0 |7150B 4128B|   0     0 | 114   338 |02-12 19:49:55
  4   4  92   0   0   0|   0     0 |1568B 1826B|   0     0 | 121   408 |02-12 19:49:56
  0   1  99   0   0   0|   0     0 |   0     0 |   0     0 |  38    90 |02-12 19:49:57
  0   1 100   0   0   0|   0     0 |5422B 2788B|   0     0 |  28    70 |02-12 19:49:58
  0   0 100   0   0   0|   0    12k|   0     0 |   0     0 |  24    43 |02-12 19:49:59
  0   0 100   0   0   0|   0     0 |   0     0 |   0     0 |  28    61 |02-12 19:50:00
  1   0  99   0   0   0|   0     0 |5422B 2788B|   0     0 |  38   107 |02-12 19:50:01
  1   0  99   0   0   0|   0     0 |   0     0 |   0     0 |  40    99 |02-12 19:50:02
  0   0 100   0   0   0|   0     0 |   0     0 |   0     0 |  24    48 |02-12 19:50:03
  1   0  99   0   0   0|   0     0 |5422B 2788B|   0     0 |  32   123 |02-12 19:50:04
  0   0 100   0   0   0|   0     0 |   0     0 |   0     0 |  26    49 |02-12 19:50:05
  0   0 100   0   0   0|   0     0 |   0     0 |   0     0 |  24    63 |02-12 19:50:06
  0   1  99   0   0   0|   0     0 |5422B 2788B|   0     0 |  39   110 |02-12 19:50:07
  1   0  98   0   0   0|   0     0 |2725B 2601B|   0     0 |  60   140 |02-12 19:50:08
  8   5  88   0   0   0|   0     0 |  35k  995k|   0     0 | 227   793 |02-12 19:50:09
  2   2  92   1   0   3|   0    44k| 167k 4871k|   0     0 | 619  2267 |02-12 19:50:10
  4   3  92   0   0   2|   0     0 | 194k 5800k|   0     0 | 693  2558 |02-12 19:50:11
  3   3  92   0   0   2|   0     0 | 203k 6074k|   0     0 | 582  2523 |02-12 19:50:12
  2   3  93   0   0   3|   0     0 | 216k 6310k|   0     0 | 562  2417 |02-12 19:50:13
  3   4  91   0   0   3|   0     0 | 234k 6949k|   0     0 | 705  2902 |02-12 19:50:14
  2   4  92   0   0   2|   0     0 | 229k 6879k|   0     0 | 660  2751 |02-12 19:50:15
  2   4  92   0   0   3|   0     0 | 220k 6591k|   0     0 | 637  2809 |02-12 19:50:16
  1   3  93   0   0   3|   0     0 | 209k 6098k|   0     0 | 606  2578 |02-12 19:50:17
  3   3  92   0   0   3|   0     0 | 225k 6736k|   0     0 | 703  2863 |02-12 19:50:18
  2   3  94   0   0   2|   0     0 | 211k 6320k|   0     0 | 679  2543 |02-12 19:50:19
  3   3  91   0   0   3|   0     0 | 226k 6602k|   0     0 | 632  2681 |02-12 19:50:20
  1   3  95   0   0   2|   0     0 | 220k 6584k|   0     0 | 657  2708 |02-12 19:50:21
  2   2  94   0   0   2|   0     0 | 203k 6075k|   0     0 | 655  2486 |02-12 19:50:22
  3   3  92   0   0   3|   0     0 | 222k 6491k|   0     0 | 638  2689 |02-12 19:50:23
  2   2  93   0   0   4|   0     0 | 227k 6808k|   0     0 | 671  2691 |02-12 19:50:24
  2   4  93   0   0   2|   0     0 | 220k 6591k|   0     0 | 607  2722 |02-12 19:50:25
  3   2  93   0   0   2|   0     0 | 246k 7208k|   0     0 | 740  2882 |02-12 19:50:26
  1   4  93   0   0   2|   0     0 | 221k 6619k|   0     0 | 658  2588 |02-12 19:50:27
  1   3  94   0   0   3|   0     0 | 203k 6071k|   0     0 | 574  2402 |02-12 19:50:28
  2   2  94   0   0   2|   0     0 | 223k 6519k|   0     0 | 637  2623 |02-12 19:50:29
  2   4  92   0   0   3|   0  4096B| 222k 6555k|   0     0 | 713  2697 |02-12 19:50:30
  2   3  92   0   0   3|   0     0 | 212k 6358k|   0     0 | 717  2646 |02-12 19:50:31
  4   3  91   0   0   2|   0     0 | 245k 7163k|   0     0 | 736  2898 |02-12 19:50:32
  1   3  93   0   0   4|   0     0 | 205k 6165k|   0     0 | 659  2474 |02-12 19:50:33
  2   3  92   0   0   4|   0     0 | 214k 6418k|   0     0 | 658  2597 |02-12 19:50:34
  1   2  94   0   0   3|   0     0 | 223k 6528k|   0     0 | 644  2594 |02-12 19:50:35
  1   6  90   0   0   3|   0     0 | 226k 6755k|   0     0 | 721  2809 |02-12 19:50:36
  2   3  92   0   0   3|   0     0 | 225k 6759k|   0     0 | 670  2840 |02-12 19:50:37
  2   2  93   0   0   3|   0     0 | 220k 6446k|   0     0 | 628  2661 |02-12 19:50:38
  2   3  91   0   0   3|   0     0 | 229k 6853k|   0     0 | 656  2781 |02-12 19:50:39
  1   3  92   1   0   3|   0    40k| 206k 6161k|   0     0 | 591  2520 |02-12 19:50:40
  4   2  91   0   0   4|   0    60k| 226k 6622k|   0     0 | 642  2917 |02-12 19:50:41
  1   2  94   0   0   3|   0     0 | 204k 6124k|   0     0 | 634  2517 |02-12 19:50:42
  2   2  94   0   0   2|   0     0 | 217k 6514k|   0     0 | 565  2573 |02-12 19:50:43
  2   3  93   0   0   2|   0     0 | 225k 6581k|   0     0 | 596  2702 |02-12 19:50:44
  1   2  95   0   0   2|   0     0 | 215k 6423k|   0     0 | 649  2688 |02-12 19:50:45
  2   3  90   0   0   4|   0     0 | 220k 6592k|   0     0 | 627  2803 |02-12 19:50:46
  3   4  90   0   0   4|   0     0 | 229k 6704k|   0     0 | 639  2701 |02-12 19:50:47
  2   2  94   0   0   3|   0     0 | 214k 6419k|   0     0 | 728  2724 |02-12 19:50:48
  2   2  95   0   0   2|   0     0 | 213k 6369k|   0     0 | 669  2360 |02-12 19:50:49
  2   2  94   0   0   3|   0     0 | 216k 6319k|   0     0 | 664  2497 |02-12 19:50:50
  2   5  91   0   0   2|   0     0 | 219k 6554k|   0     0 | 720  2708 |02-12 19:50:51
  2   3  92   0   0   3|   0     0 | 203k 6095k|   0     0 | 632  2572 |02-12 19:50:52
  2   2  92   0   0   4|   0     0 | 215k 6278k|   0     0 | 665  2543 |02-12 19:50:53
  3   2  94   0   0   2|   0     0 | 218k 6542k|   0     0 | 618  2622 |02-12 19:50:54
  2   3  95   0   0   1|   0     0 | 199k 5976k|   0     0 | 605  2325 |02-12 19:50:55
  2   3  93   0   0   2|   0     0 | 222k 6508k|   0     0 | 695  2693 |02-12 19:50:56
  4   3  92   0   0   2|   0     0 | 227k 6800k|   0     0 | 690  2742 |02-12 19:50:57
  2   3  92   0   0   5|   0     0 | 221k 6611k|   0     0 | 644  2609 |02-12 19:50:58
  2   2  93   0   0   3|   0     0 | 223k 6532k|   0     0 | 654  2802 |02-12 19:50:59
  2   3  94   0   0   2|   0     0 | 220k 6587k|   0     0 | 669  2811 |02-12 19:51:00
  1   2  95   0   0   2|   0  8192B| 210k 6297k|   0     0 | 506  2348 |02-12 19:51:01
  2   3  92   0   0   4|   0     0 | 207k 6061k|   0     0 | 614  2500 |02-12 19:51:02
  1   2  94   0   0   4|   0     0 | 212k 6361k|   0     0 | 622  2718 |02-12 19:51:03
  2   3  94   0   0   2|   0     0 | 225k 6742k|   0     0 | 692  2743 |02-12 19:51:04
  2   2  94   0   0   2|   0     0 | 230k 6745k|   0     0 | 638  2751 |02-12 19:51:05
  2   4  92   0   0   3|   0     0 | 210k 6300k|   0     0 | 680  2616 |02-12 19:51:06
  2   4  91   0   0   3|   0     0 | 207k 6211k|   0     0 | 618  2633 |02-12 19:51:07
  2   3  94   0   0   1|   0     0 | 228k 6663k|   0     0 | 603  2658 |02-12 19:51:08
  1   2  95   0   0   2|   0     0 | 168k 4899k|   0     0 | 449  1985 |02-12 19:51:09
  1   1  99   0   0   0|   0     0 |4584B 4598B|   0     0 |  42   217 |02-12 19:51:10
  1   0  98   2   0   0|   0    40k|5422B 2788B|   0     0 |  25    76 |02-12 19:51:11
  1   0  99   0   0   0|   0     0 |   0     0 |   0     0 |  38    80 |02-12 19:51:12
  0   0 100   0   0   0|   0     0 |   0     0 |   0     0 |  20    29 |02-12 19:51:13
  0   0 100   0   0   0|   0     0 |5422B 2788B|   0     0 |  31    81 |02-12 19:51:14
  0   0 100   0   0   0|   0     0 |   0     0 |   0     0 |  21    37 |02-12 19:51:15
  0   0 100   0   0   0|   0     0 |   0     0 |   0     0 |  24    37 |02-12 19:51:16
  1   1  99   0   0   0|   0     0 |5844B 3500B|   0     0 |  39   126 |02-12 19:51:17
  0   0 100   0   0   0|   0     0 |4224B 4224B|   0     0 |  21    37 |02-12 19:51:18
  0   0 100   0   0   0|   0     0 |   0     0 |   0     0 |  23    49 |02-12 19:51:19
  0   0 100   0   0   0|   0     0 |5356B 2722B|   0     0 |  28    66 |02-12 19:51:20
  1   0  99   0   0   0|   0     0 |1781B 1421B|   0     0 |  37    94 |02-12 19:51:21
  8   3  89   0   0   0|   0     0 |1906B 2412B|   0     0 | 202   577 |02-12 19:51:22
  1   1  99   0   0   0|   0     0 |1522B  754B|   0     0 |  43   227 |02-12 19:51:23
  1   0  99   0   0   0|   0     0 |5422B 2788B|   0     0 |  24    70 |02-12 19:51:24
  0   0 100   0   0   0|   0     0 |   0     0 |   0     0 |  22    34 |02-12 19:51:25
  0   0 100   0   0   0|   0     0 |   0     0 |   0     0 |  24    39 |02-12 19:51:26
  0   1  99   0   0   0|   0     0 |5422B 2788B|   0     0 |  34   110 |02-12 19:51:27
  0   0 100   0   0   0|   0     0 |   0     0 |   0     0 |  23    44 |02-12 19:51:28
  0   0 100   0   0   0|   0     0 |   0     0 |   0     0 |  23    56 |02-12 19:51:29
  1   1  98   0   0   1|   0     0 |8101B 8352B|   0     0 |  50   153 |02-12 19:51:30
  0   0 100   0   0   0|   0     0 |   0     0 |   0     0 |  22    64 |02-12 19:51:31
  0   1 100   0   0   0|   0  8192B|   0     0 |   0     0 |  31    81 |02-12 19:51:32
  1   0  99   0   0   0|   0     0 |5422B 2788B|   0     0 |  25    66 |02-12 19:51:33
  0   0 100   0   0   0|   0     0 |   0     0 |   0     0 |  22    60 |02-12 19:51:34
  1   0  99   0   0   0|   0     0 |1829B 1851B|   0     0 |  39    82 |02-12 19:51:35
  8   3  89   0   0   0|   0     0 |7082B 4704B|   0     0 | 196   533 |02-12 19:51:36
  2   4  92   0   0   3|   0     0 | 175k 5304k|   0     0 | 435  1911 |02-12 19:51:37
  4   6  86   0   0   5|   0     0 | 418k   12M|   0     0 |1075  4448 |02-12 19:51:38
  4   5  85   0   0   6|   0     0 | 537k   16M|   0     0 |1177  4872 |02-12 19:51:39
  5   8  84   0   0   4|   0     0 | 543k   16M|   0     0 |1145  4589 |02-12 19:51:40
  4   5  86   0   0   5|   0     0 | 544k   16M|   0     0 |1251  5129 |02-12 19:51:41
  5   7  83   1   0   5|   0   120k| 463k   13M|   0     0 |1081  4499 |02-12 19:51:42
  3   5  89   0   0   4|   0     0 | 363k   11M|   0     0 | 912  3796 |02-12 19:51:43
  3   4  91   0   0   2|   0     0 | 366k   11M|   0     0 | 926  3804 |02-12 19:51:44
  4   5  88   0   0   3|   0     0 | 373k   11M|   0     0 | 929  3863 |02-12 19:51:45
  1   6  91   0   0   2|   0     0 | 357k   10M|   0     0 | 926  3810 |02-12 19:51:46
  4   6  87   0   0   4|   0     0 | 359k   11M|   0     0 | 857  3603 |02-12 19:51:47
  3   4  87   0   0   6|   0     0 | 366k   11M|   0     0 | 934  3627 |02-12 19:51:48
  3   4  91   0   0   2|   0     0 | 360k   11M|   0     0 | 918  3672 |02-12 19:51:49
  3   5  89   0   0   3|   0     0 | 370k   11M|   0     0 | 933  3930 |02-12 19:51:50
  2   6  89   0   0   4|   0     0 | 370k   11M|   0     0 | 901  3662 |02-12 19:51:51
  4   4  89   0   0   3|   0     0 | 361k   11M|   0     0 | 934  3857 |02-12 19:51:52
  3   4  90   0   0   3|   0     0 | 362k   11M|   0     0 | 845  3612 |02-12 19:51:53
  3   5  89   0   0   3|   0     0 | 363k   11M|   0     0 | 848  3592 |02-12 19:51:54
  3   4  91   0   0   3|   0     0 | 366k   11M|   0     0 | 834  3450 |02-12 19:51:55
  3   5  89   0   0   3|   0     0 | 371k   11M|   0     0 | 924  3776 |02-12 19:51:56
  4   5  86   0   0   5|   0  4096B| 367k   11M|   0     0 | 888  3692 |02-12 19:51:57
  1   4  90   0   0   5|   0     0 | 363k   11M|   0     0 | 857  3622 |02-12 19:51:58
  3   4  89   0   0   4|   0     0 | 373k   11M|   0     0 | 963  4083 |02-12 19:51:59
  2   5  90   0   0   4|   0     0 | 373k   11M|   0     0 | 859  3620 |02-12 19:52:00
  2   5  89   0   0   4|   0     0 | 366k   11M|   0     0 | 887  3690 |02-12 19:52:01
  3   4  90   0   0   4|   0     0 | 365k   11M|   0     0 | 897  3727 |02-12 19:52:02
  4   6  88   0   0   3|   0     0 | 379k   11M|   0     0 | 951  3948 |02-12 19:52:03
  3   4  88   0   0   5|   0     0 | 363k   11M|   0     0 | 819  3469 |02-12 19:52:04
  3   4  90   0   0   4|   0     0 | 360k   11M|   0     0 | 884  3672 |02-12 19:52:05
  4   5  88   0   0   4|   0     0 | 366k   11M|   0     0 | 887  3805 |02-12 19:52:06
  2   6  88   0   0   5|   0     0 | 363k   11M|   0     0 | 879  3677 |02-12 19:52:07
  2   5  90   0   0   4|   0    12k| 368k   11M|   0     0 | 949  3933 |02-12 19:52:08
  3   6  88   0   0   4|   0     0 | 371k   11M|   0     0 | 891  3716 |02-12 19:52:09
  3   5  89   0   0   3|   0     0 | 370k   11M|   0     0 | 895  3751 |02-12 19:52:10
  4   4  90   0   0   3|   0     0 | 372k   11M|   0     0 | 941  3920 |02-12 19:52:11
  4   7  67  20   0   3|   0    36k| 372k   11M|   0     0 | 870  3661 |02-12 19:52:12
  4   3  91   0   0   3|   0     0 | 361k   11M|   0     0 | 910  3884 |02-12 19:52:13
  3   4  88   0   0   5|   0     0 | 366k   11M|   0     0 | 949  3977 |02-12 19:52:14
  3   4  90   0   0   4|   0     0 | 383k   11M|   0     0 | 977  3995 |02-12 19:52:15
  3   5  88   0   0   4|   0     0 | 358k   10M|   0     0 | 879  3474 |02-12 19:52:16
  3   5  87   0   0   5|   0     0 | 360k   11M|   0     0 | 904  3819 |02-12 19:52:17
  2   6  88   0   0   4|   0     0 | 372k   11M|   0     0 | 930  3958 |02-12 19:52:18
  3   5  89   0   0   4|   0     0 | 367k   11M|   0     0 | 837  3523 |02-12 19:52:19
  4   3  91   0   0   3|   0     0 | 363k   11M|   0     0 | 871  3652 |02-12 19:52:20
  3   3  91   0   0   4|   0     0 | 366k   11M|   0     0 | 931  3783 |02-12 19:52:21
  4   5  89   0   0   3|   0     0 | 360k   11M|   0     0 | 880  3729 |02-12 19:52:22
  1   5  91   0   0   3|   0     0 | 368k   11M|   0     0 | 894  3831 |02-12 19:52:23
  3   6  89   0   0   2|   0     0 | 372k   11M|   0     0 | 925  3896 |02-12 19:52:24
  3   5  87   0   0   5|   0     0 | 366k   11M|   0     0 | 900  3732 |02-12 19:52:25
  2   5  90   0   0   3|   0     0 | 363k   11M|   0     0 | 914  3629 |02-12 19:52:26
  4   6  85   0   0   5|   0     0 | 361k   10M|   0     0 | 845  3379 |02-12 19:52:27
  2   7  88   0   0   3|   0     0 | 369k   11M|   0     0 |1026  4109 |02-12 19:52:28
  2   6  89   0   0   4|   0     0 | 372k   11M|   0     0 | 892  3783 |02-12 19:52:29
  3   4  89   0   0   4|   0     0 | 372k   11M|   0     0 | 928  3882 |02-12 19:52:30
  4   5  88   0   0   4|   0     0 | 371k   11M|   0     0 | 893  3770 |02-12 19:52:31
  3   5  89   0   0   3|   0     0 | 356k   10M|   0     0 | 838  3420 |02-12 19:52:32
  3   5  87   0   0   5|   0     0 | 372k   11M|   0     0 | 970  3833 |02-12 19:52:33
  4   5  88   0   0   3|   0     0 | 370k   11M|   0     0 | 998  3886 |02-12 19:52:34
  3   4  89   0   0   5|   0     0 | 359k   10M|   0     0 | 938  3723 |02-12 19:52:35
  3   4  90   0   0   3|   0     0 | 365k   11M|   0     0 | 925  3634 |02-12 19:52:36
  1   1  96   0   0   2|   0     0 | 127k 3659k|   0     0 | 383  1482 |02-12 19:52:37
  1   1  99   0   0   0|   0     0 |4584B 4598B|   0     0 |  52   195 |02-12 19:52:38
  1   0 100   0   0   0|   0    16k|5168B 2722B|   0     0 |  25    58 |02-12 19:52:39
  0   0 100   0   0   0|   0     0 | 254B   66B|   0     0 |  20    37 |02-12 19:52:40
  1   0 100   0   0   0|   0     0 |   0     0 |   0     0 |  21   109 |02-12 19:52:41
  0   0 100   0   0   0|   0     0 |   0     0 |   0     0 |  31    63 |02-12 19:52:42
  1   0  99   0   0   0|   0     0 |5422B 2788B|   0     0 |  23    61 |02-12 19:52:43
  0   1  98   2   0   0|   0   112k|   0     0 |   0     0 |  20    57 |02-12 19:52:44
  0   0 100   0   0   0|   0     0 | 102B  192B|   0     0 |  19    41 |02-12 19:52:45
  1   0 100   0   0   0|   0     0 |9646B 7012B|   0     0 |  20    59 |02-12 19:52:46
  0   0 100   0   0   0|   0     0 |   0     0 |   0     0 |  29    64 |02-12 19:52:47
  0   0 100   0   0   0|   0     0 |   0     0 |   0     0 |  26    68 |02-12 19:52:48
  1   1  99   0   0   0|   0     0 |5669B 3035B|   0     0 |  32   100 |02-12 19:52:49
  3   1  96   0   0   0|   0     0 |3064B 2448B|   0     0 | 112   336 |02-12 19:52:50
  7   3  90   0   0   0|   0     0 |1568B 1826B|   0     0 | 130   437 |02-12 19:52:51
  0   1  99   0   0   0|   0     0 |5422B 2788B|   0     0 |  36    88 |02-12 19:52:52
  1   0 100   0   0   0|   0     0 |   0     0 |   0     0 |  26    46 |02-12 19:52:53
  0   0 100   0   0   0|   0     0 |   0     0 |   0     0 |  20    42 |02-12 19:52:54
  1   0  99   0   0   0|   0     0 |5422B 2788B|   0     0 |  29    68 |02-12 19:52:55
  0   0 100   0   0   0|   0     0 |   0     0 |   0     0 |  18    25 |02-12 19:52:56
  0   0 100   0   0   0|   0     0 |   0     0 |   0     0 |  18    35 |02-12 19:52:57
  1   0  99   0   0   0|   0     0 |5422B 2788B|   0     0 |  37   109 |02-12 19:52:58
  0   0 100   0   0   0|   0     0 |   0     0 |   0     0 |  19    29 |02-12 19:52:59
  0   0 100   0   0   0|   0     0 |   0     0 |   0     0 |  18    23 |02-12 19:53:00
  1   1  99   0   0   0|   0     0 |5422B 2788B|   0     0 |  21    65 |02-12 19:53:01
  0   0 100   0   0   0|   0     0 |   0     0 |   0     0 |  18    31 |02-12 19:53:02
  1   1  99   0   0   0|   0     0 | 247B  140B|   0     0 |  43    90 |02-12 19:53:03
  7   2  91   0   0   0|   0     0 |8796B 5409B|   0     0 | 134   412 |02-12 19:53:04
  4   2  94   0   0   1|   0     0 |  81k 2531k|   0     0 | 320  1221 |02-12 19:53:05
  0   1  99   0   0   1|   0     0 |  70k 2122k|   0     0 | 271   896 |02-12 19:53:06
  2   4  91   0   0   3|   0     0 | 202k 6017k|   0     0 | 530  2199 |02-12 19:53:07
  3   5  89   0   0   4|   0     0 | 279k 8507k|   0     0 | 876  3078 |02-12 19:53:08
  3   4  89   0   0   5|   0  4096B| 380k   11M|   0     0 |1027  3933 |02-12 19:53:09
  3   5  90   0   0   3|   0     0 | 287k 8477k|   0     0 | 777  2894 |02-12 19:53:10
  4   7  86   0   0   4|   0     0 | 366k   11M|   0     0 | 940  3844 |02-12 19:53:11
  3   5  88   0   0   4|   0     0 | 368k   11M|   0     0 | 948  3703 |02-12 19:53:12
  3   5  89   0   0   3|   0     0 | 273k 8029k|   0     0 | 705  2610 |02-12 19:53:13
  0   0 100   0   0   0|   0  8192B|   0     0 |   0     0 |  20    42 |02-12 19:53:14
  1   3  92   2   0   3|   0    48k| 187k 5597k|   0     0 | 631  2088 |02-12 19:53:15
  1   1  99   0   0   0|   0     0 |  23k  528k|   0     0 |  70   235 |02-12 19:53:16
  1   1  97   0   0   2|   0     0 | 107k 3235k|   0     0 | 267  1147 |02-12 19:53:17
  2   3  95   0   0   0|   0     0 |  82k 2461k|   0     0 | 215   927 |02-12 19:53:18
  2   2  94   0   0   2|   0     0 | 133k 3856k|   0     0 | 410  1443 |02-12 19:53:19
  3   6  88   0   0   4|   0     0 | 365k   11M|   0     0 |1044  3934 |02-12 19:53:20
  3   4  90   0   0   4|   0     0 | 350k   10M|   0     0 | 991  3629 |02-12 19:53:21
  3   6  86   0   0   5|   0     0 | 373k   11M|   0     0 |1036  3845 |02-12 19:53:22
  4   6  88   0   0   2|   0     0 | 369k   11M|   0     0 | 931  3782 |02-12 19:53:23
  2   5  89   0   0   4|   0     0 | 370k   11M|   0     0 | 981  3760 |02-12 19:53:24
  4   5  88   0   0   3|   0  4096B| 365k   11M|   0     0 |1011  3843 |02-12 19:53:25
  3   6  88   0   0   4|   0     0 | 376k   11M|   0     0 | 830  3793 |02-12 19:53:26
  3   5  89   0   0   3|   0     0 | 371k   11M|   0     0 | 899  3697 |02-12 19:53:27
  3   5  89   0   0   4|   0     0 | 365k   11M|   0     0 | 763  3706 |02-12 19:53:28
  2   7  86   0   0   5|   0     0 | 362k   11M|   0     0 | 847  3494 |02-12 19:53:29
  3   6  89   0   0   3|   0     0 | 370k   11M|   0     0 | 890  3689 |02-12 19:53:30
  4   7  86   0   0   4|   0     0 | 376k   11M|   0     0 | 874  3704 |02-12 19:53:31
  3   5  89   0   0   3|   0     0 | 365k   11M|   0     0 | 871  3560 |02-12 19:53:32
  3   5  88   0   0   4|   0     0 | 373k   11M|   0     0 | 844  3921 |02-12 19:53:33
  4   4  89   0   0   3|   0     0 | 361k   10M|   0     0 | 941  3590 |02-12 19:53:34
  3   4  90   0   0   3|   0    36k| 370k   11M|   0     0 | 983  3775 |02-12 19:53:35
  4   4  89   0   0   4|   0     0 | 363k   11M|   0     0 | 911  3808 |02-12 19:53:36
  5   6  86   0   0   4|   0     0 | 373k   11M|   0     0 | 923  3945 |02-12 19:53:37
  4   5  87   0   0   4|   0     0 | 363k   11M|   0     0 | 926  3520 |02-12 19:53:38
  4   4  89   0   0   3|   0     0 | 360k   11M|   0     0 | 989  3606 |02-12 19:53:39
  3   4  91   0   0   3|   0     0 | 384k   11M|   0     0 | 976  3734 |02-12 19:53:40
  3   4  90   0   0   4|   0     0 | 367k   11M|   0     0 | 983  3736 |02-12 19:53:41
  1   5  91   0   0   3|   0     0 | 357k   10M|   0     0 | 921  3551 |02-12 19:53:42
  4   5  87   0   0   4|   0     0 | 372k   11M|   0     0 | 884  3651 |02-12 19:53:43
  2   4  90   0   0   4|   0     0 | 363k   11M|   0     0 | 962  3761 |02-12 19:53:44
  3   5  88   1   0   4|   0    44k| 371k   11M|   0     0 | 877  3933 |02-12 19:53:45
  3   6  89   0   0   3|   0     0 | 377k   11M|   0     0 |1016  3696 |02-12 19:53:46
  3   4  89   0   0   4|   0     0 | 363k   11M|   0     0 | 919  3605 |02-12 19:53:47
  5   3  87   0   0   5|   0     0 | 369k   11M|   0     0 |1089  3912 |02-12 19:53:48
  4   4  90   0   0   3|   0     0 | 371k   11M|   0     0 | 739  3523 |02-12 19:53:49
  3   4  90   0   0   4|   0     0 | 367k   11M|   0     0 | 742  3699 |02-12 19:53:50
  4   5  88   0   0   4|   0     0 | 356k   10M|   0     0 | 870  3555 |02-12 19:53:51
  4   5  88   0   0   4|   0     0 | 378k   11M|   0     0 |1061  3985 |02-12 19:53:52
  3   4  90   0   0   3|   0     0 | 363k   11M|   0     0 | 918  3631 |02-12 19:53:53
  3   5  89   0   0   3|   0     0 | 347k   10M|   0     0 | 766  3568 |02-12 19:53:54
  0   0 100   0   0   0|   0     0 |5422B 2788B|   0     0 |  25    62 |02-12 19:53:55
  3   2  92   0   0   4|   0     0 | 207k 6202k|   0     0 | 544  2178 |02-12 19:53:56
  0   1  98   0   0   0|   0     0 |  57k 1718k|   0     0 | 118   590 |02-12 19:53:57
  3   3  93   0   0   2|   0     0 | 216k 6327k|   0     0 | 478  2228 |02-12 19:53:58
  0   1 100   0   0   0|   0     0 |1400B   41k|   0     0 |  21    45 |02-12 19:53:59
  3   5  90   0   0   2|   0     0 | 316k 9505k|   0     0 | 861  3158 |02-12 19:54:00
  4   3  90   0   0   3|   0     0 | 381k   11M|   0     0 |1007  3641 |02-12 19:54:01
  4   5  88   0   0   3|   0     0 | 372k   11M|   0     0 |1003  3735 |02-12 19:54:02
  4   6  86   0   0   5|   0     0 | 374k   11M|   0     0 | 954  3909 |02-12 19:54:03
  3   4  90   0   0   3|   0     0 | 359k   10M|   0     0 | 834  3428 |02-12 19:54:04
  1   1  97   0   0   1|   0     0 | 103k 2785k|   0     0 | 194   948 |02-12 19:54:05
  1   1  99   0   0   0|   0    16k|4584B 4598B|   0     0 |  49   256 |02-12 19:54:06
  0   0 100   0   0   0|   0     0 |   0     0 |   0     0 |  20    43 |02-12 19:54:07
  1   1  99   0   0   0|   0     0 |5422B 2788B|   0     0 |  35   109 |02-12 19:54:08
  0   0 100   0   0   0|   0     0 |   0     0 |   0     0 |  22    33 |02-12 19:54:09
  0   0 100   0   0   0|   0     0 |   0     0 |   0     0 |  23    52 |02-12 19:54:10
  0   0 100   0   0   0|   0     0 |5422B 2788B|   0     0 |  29    67 |02-12 19:54:11
  0   0 100   0   0   0|   0     0 |   0     0 |   0     0 |  23    43 |02-12 19:54:12
  0   0 100   0   0   0|   0     0 |4224B 4224B|   0     0 |  35    75 |02-12 19:54:13
  1   0  99   0   0   0|   0     0 |5422B 2788B|   0     0 |  25    67 |02-12 19:54:14
  0   0 100   0   0   0|   0     0 | 102B  192B|   0     0 |  23    57 |02-12 19:54:15
  1   1  99   0   0   0|   0     0 |1781B 1355B|   0     0 |  34    70 |02-12 19:54:16
  2   1  95   2   0   0|   0    84k|7084B 4558B|   0     0 | 108   368 |02-12 19:54:17
  7   2  91   0   0   0|   0     0 |1568B 1826B|   0     0 | 122   470 |02-12 19:54:18
  0   0 100   0   0   0|   0     0 |   0     0 |   0     0 |  22    45 |02-12 19:54:19
  1   0 100   0   0   0|   0     0 |5844B 3500B|   0     0 |  25    74 |02-12 19:54:20
  0   0 100   0   0   0|   0     0 |   0     0 |   0     0 |  24    43 |02-12 19:54:21
  0   0 100   0   0   0|   0     0 |   0     0 |   0     0 |  25    47 |02-12 19:54:22
  1   1  99   0   0   0|   0     0 |5422B 2788B|   0     0 |  37   104 |02-12 19:54:23
  0   0 100   0   0   0|   0     0 |   0     0 |   0     0 |  24    46 |02-12 19:54:24
  0   0 100   0   0   0|   0     0 |   0     0 |   0     0 |  21    31 |02-12 19:54:25
  1   0  99   0   0   0|   0     0 |5422B 2788B|   0     0 |  24    71 |02-12 19:54:26
  0   0 100   0   0   0|   0     0 |   0     0 |   0     0 |  20    41 |02-12 19:54:27
  1   0  99   0   0   0|   0     0 |   0     0 |   0     0 |  37    94 |02-12 19:54:28
  0   0  99   0   0   0|   0     0 |5496B 2862B|   0     0 |  23    69 |02-12 19:54:29
  0   0 100   0   0   0|   0     0 |  74B   74B|   0     0 |  24    39 |02-12 19:54:30
  8   3  89   0   0   0|   0     0 |6094B 8252B|   0     0 | 170   490 |02-12 19:54:31
  3   2  93   0   0   3|   0     0 | 156k 4525k|   0     0 | 510  2023 |02-12 19:54:32
  4   5  87   0   0   3|   0     0 | 304k 9272k|   0     0 | 879  3480 |02-12 19:54:33
  4   6  86   0   0   4|   0     0 | 375k   11M|   0     0 | 990  3875 |02-12 19:54:34
  3   5  88   0   0   4|   0     0 | 370k   11M|   0     0 | 920  3758 |02-12 19:54:35
  4   5  88   0   0   4|   0     0 | 363k   11M|   0     0 | 888  3664 |02-12 19:54:36
  1   6  90   0   0   4|   0    12k| 366k   11M|   0     0 | 954  3887 |02-12 19:54:37
  2   4  89   0   0   5|   0     0 | 376k   11M|   0     0 | 917  3728 |02-12 19:54:38
  2   4  91   0   0   3|   0     0 | 371k   11M|   0     0 | 952  3778 |02-12 19:54:39
  2   4  89   0   0   6|   0     0 | 358k   10M|   0     0 | 887  3704 |02-12 19:54:40
  3   6  87   0   0   4|   0     0 | 367k   11M|   0     0 | 973  4036 |02-12 19:54:41
  4   5  89   0   0   3|   0     0 | 372k   11M|   0     0 | 823  3658 |02-12 19:54:42
  2   5  88   0   0   5|   0     0 | 368k   11M|   0     0 | 940  3856 |02-12 19:54:43
  4   3  91   0   0   3|   0     0 | 372k   11M|   0     0 | 835  3740 |02-12 19:54:44
  2   5  89   0   0   4|   0     0 | 369k   11M|   0     0 | 932  3760 |02-12 19:54:45
  3   6  88   0   0   3|   0     0 | 384k   11M|   0     0 | 976  3930 |02-12 19:54:46
  3   4  89   0   0   4|   0     0 | 354k   10M|   0     0 | 872  3315 |02-12 19:54:47
  3   5  88   1   0   3|   0    68k| 368k   11M|   0     0 | 949  3872 |02-12 19:54:48
  4   3  90   0   0   4|   0     0 | 367k   11M|   0     0 | 877  3518 |02-12 19:54:49
  5   6  85   0   0   4|   0     0 | 382k   11M|   0     0 | 991  3772 |02-12 19:54:50
  3   3  89   0   0   5|   0     0 | 372k   11M|   0     0 | 976  3755 |02-12 19:54:51
  3   4  90   0   0   4|   0  4096B| 363k   11M|   0     0 |1003  3832 |02-12 19:54:52
  5   6  86   0   0   4|   0     0 | 373k   11M|   0     0 | 979  3916 |02-12 19:54:53
  4   5  90   0   0   2|   0     0 | 376k   11M|   0     0 | 961  3881 |02-12 19:54:54
  3   4  90   0   0   3|   0     0 | 363k   11M|   0     0 | 885  3649 |02-12 19:54:55
  5   5  86   0   0   5|   0     0 | 391k   11M|   0     0 | 944  3895 |02-12 19:54:56
  3   3  92   0   0   3|   0     0 | 359k   10M|   0     0 | 805  3422 |02-12 19:54:57
  4   4  88   0   0   5|   0     0 | 360k   11M|   0     0 | 935  3634 |02-12 19:54:58
  3   6  88   0   0   4|   0     0 | 376k   11M|   0     0 | 920  3607 |02-12 19:54:59
  2   4  91   0   0   3|   0     0 | 363k   11M|   0     0 | 877  3609 |02-12 19:55:00
  2   4  91   0   0   4|   0     0 | 369k   11M|   0     0 | 904  3671 |02-12 19:55:01
  4   4  89   0   0   4|   0     0 | 379k   11M|   0     0 | 973  3582 |02-12 19:55:02
  3   6  87   0   0   5|   0  8192B| 368k   11M|   0     0 |1002  3971 |02-12 19:55:03
  3   5  88   0   0   4|   0     0 | 376k   11M|   0     0 | 965  3797 |02-12 19:55:04
  4   4  90   0   0   3|   0     0 | 388k   11M|   0     0 |1050  3984 |02-12 19:55:05
  3   4  90   0   0   3|   0     0 | 343k   10M|   0     0 | 794  3359 |02-12 19:55:06
  2   2  95   0   0   2|   0     0 | 142k 4247k|   0     0 | 378  1558 |02-12 19:55:07
  2   1  98   0   0   0|   0  4096B|  41k 1070k|   0     0 | 130   502 |02-12 19:55:08
  2   4  93   0   0   2|   0     0 | 312k 9350k|   0     0 | 825  3213 |02-12 19:55:09
  1   1  98   0   0   1|   0     0 |  70k 2079k|   0     0 | 191   782 |02-12 19:55:10
  1   1  98   0   0   1|   0     0 |  73k 2035k|   0     0 | 199   782 |02-12 19:55:11
  2   3  94   0   0   2|   0     0 | 229k 6872k|   0     0 | 558  2442 |02-12 19:55:12
  4   4  89   0   0   3|   0     0 | 365k   11M|   0     0 | 946  3801 |02-12 19:55:13
  3   6  89   0   0   2|   0     0 | 375k   11M|   0     0 | 992  4010 |02-12 19:55:14
  2   3  92   0   0   4|   0     0 | 343k   10M|   0     0 | 854  3393 |02-12 19:55:15
  4   3  90   0   0   3|   0     0 | 359k   11M|   0     0 | 921  3693 |02-12 19:55:16
  3   6  88   0   0   4|   0     0 | 367k   11M|   0     0 | 874  3763 |02-12 19:55:17
  3   5  88   1   0   4|   0    80k| 377k   11M|   0     0 | 990  4074 |02-12 19:55:18
  2   4  90   0   0   4|   0     0 | 360k   11M|   0     0 | 943  3424 |02-12 19:55:19
  4   4  90   0   0   3|   0     0 | 365k   11M|   0     0 | 950  3663 |02-12 19:55:20
  3   4  90   0   0   3|   0     0 | 368k   11M|   0     0 | 886  3732 |02-12 19:55:21
  3   6  90   0   0   2|   0     0 | 374k   11M|   0     0 |1030  3897 |02-12 19:55:22
  3   6  89   0   0   3|   0     0 | 362k   11M|   0     0 | 935  3855 |02-12 19:55:23
  4   5  90   0   0   2|   0     0 | 376k   11M|   0     0 | 997  3983 |02-12 19:55:24
  3   4  90   0   0   3|   0     0 | 362k   11M|   0     0 | 952  3584 |02-12 19:55:25
  4   6  88   0   0   3|   0     0 | 375k   11M|   0     0 | 956  3827 |02-12 19:55:26
  3   5  87   0   0   6|   0     0 | 361k   10M|   0     0 | 860  3789 |02-12 19:55:27
  3   7  88   0   0   3|   0     0 | 376k   11M|   0     0 | 974  4001 |02-12 19:55:28
  4   5  89   0   0   3|   0     0 | 370k   11M|   0     0 | 871  3769 |02-12 19:55:29
  2   4  91   0   0   4|   0     0 | 376k   11M|   0     0 | 803  3621 |02-12 19:55:30
  5  12  77   0   0   6|   0     0 | 812k   24M|   0     0 | 955  4034 |02-12 19:55:31
  2   3  94   0   0   2|   0     0 | 183k 5572k|   0     0 | 290  1103 |02-12 19:55:32
  1   2  98   0   0   0|   0  8192B|  10k 7386B|   0     0 |  54   269 |02-12 19:55:33
  0   0 100   0   0   0|   0     0 |   0     0 |   0     0 |  19    31 |02-12 19:55:34
  0   0 100   0   0   0|   0     0 |   0     0 |   0     0 |  24    52 |02-12 19:55:35
  1   0 100   0   0   0|   0     0 |5422B 2788B|   0     0 |  28    63 |02-12 19:55:36
  0   0 100   0   0   0|   0     0 |   0     0 |   0     0 |  20    37 |02-12 19:55:37
  0   1 100   0   0   0|   0     0 |   0     0 |   0     0 |  36    93 |02-12 19:55:38
  0   0 100   0   0   0|   0  8192B|5422B 2788B|   0     0 |  22    56 |02-12 19:55:39
  0   0 100   0   0   0|   0     0 |4224B 4224B|   0     0 |  18    27 |02-12 19:55:40
  1   0 100   0   0   0|   0     0 |   0     0 |   0     0 |  22    62 |02-12 19:55:41
  1   0  99   0   0   1|   0     0 |5669B 3035B|   0     0 |  32    96 |02-12 19:55:42
  1   0  99   0   0   0|   0     0 |2478B 2354B|   0     0 |  50   152 |02-12 19:55:43
  7   4  89   0   0   0|   0     0 |2286B 1920B|   0     0 | 182   614 |02-12 19:55:44
  1   0  99   0   0   0|   0     0 |5422B 2788B|   0     0 |  22    67 |02-12 19:55:45
  0   0 100   0   0   0|   0     0 |   0     0 |   0     0 |  20    36 |02-12 19:55:46
  0   0 100   0   0   0|   0     0 |   0     0 |   0     0 |  23    61 |02-12 19:55:47
  1   1  97   2   0   0|   0    56k|5422B 2788B|   0     0 |  36   115 |02-12 19:55:48
  0   0 100   0   0   0|   0     0 |   0     0 |   0     0 |  22    41 |02-12 19:55:49
  0   0 100   0   0   0|   0     0 |   0     0 |   0     0 |  18    29 |02-12 19:55:50
  1   0  99   0   0   1|   0     0 |5422B 2788B|   0     0 |  22    58 |02-12 19:55:51
  0   0 100   0   0   0|   0     0 |   0     0 |   0     0 |  18    25 |02-12 19:55:52
  1   1  98   0   0   0|   0     0 |1829B 1851B|   0     0 |  45   128 |02-12 19:55:53
