[7l----total-cpu-usage---- -dsk/total- -net/total- ---paging-- ---system-- ----system----
usr sys idl wai hiq siq| read  writ| recv  send|  in   out | int   csw |     time     
  2   2  94   0   0   2|  28k   68k|   0     0 |   0     0 | 456  1750 |02-12 19:38:09
  0   0  99   0   0   0|   0     0 |   0    66B|   0     0 |  20    41 |02-12 19:38:10
  0   0  99   1   0   0|   0   136k|   0     0 |   0     0 |  25    68 |02-12 19:38:11
  1   0  99   0   0   0|   0     0 |6028B 3196B|   0     0 |  42   111 |02-12 19:38:12
  0   0 100   0   0   0|   0     0 | 234B  110B|   0     0 |  29    65 |02-12 19:38:13
  0   1  99   0   0   0|   0     0 | 168B  102B|   0     0 |  39    80 |02-12 19:38:14
  2   0  98   0   0   0|   0     0 |8519B 5855B|   0     0 |  66   228 |02-12 19:38:15
  8   4  88   0   0   0|   0     0 |  36k 1090k|   0     0 | 248   894 |02-12 19:38:16
  3   4  91   0   0   2|   0     0 | 279k 8364k|   0     0 | 820  3572 |02-12 19:38:17
  3   5  90   0   0   2|   0     0 | 340k   10M|   0     0 | 956  4108 |02-12 19:38:18
  3   5  88   0   0   4|   0     0 | 375k   11M|   0     0 |1008  4048 |02-12 19:38:19
  4   3  90   0   0   3|   0     0 | 361k   10M|   0     0 |1016  4024 |02-12 19:38:20
  2   4  89   0   0   5|   0     0 | 369k   11M|   0     0 |1043  4042 |02-12 19:38:21
  3   5  90   0   0   3|   0     0 | 336k   10M|   0     0 | 913  3800 |02-12 19:38:22
  3   4  88   0   0   5|   0     0 | 383k   11M|   0     0 |1018  4362 |02-12 19:38:23
  2   3  91   0   0   4|   0     0 | 364k   11M|   0     0 | 949  4081 |02-12 19:38:24
  6   5  85   0   0   5|   0     0 | 383k   11M|   0     0 |1005  4070 |02-12 19:38:25
  3   4  90   0   0   3|   0     0 | 361k   11M|   0     0 |1028  4138 |02-12 19:38:26
  3   4  89   0   0   5|   0     0 | 383k   11M|   0     0 |1022  4104 |02-12 19:38:27
  4   5  88   0   0   3|   0     0 | 356k   10M|   0     0 | 987  3904 |02-12 19:38:28
  4   4  88   0   0   5|   0     0 | 369k   11M|   0     0 |1148  4197 |02-12 19:38:29
  4   6  87   0   0   4|   0     0 | 362k   11M|   0     0 |1000  3940 |02-12 19:38:30
  4   5  88   0   0   3|   0     0 | 384k   11M|   0     0 |1016  4104 |02-12 19:38:31
  3   4  88   0   0   5|   0     0 | 389k   11M|   0     0 |1104  4351 |02-12 19:38:32
  3   5  88   0   0   4|   0     0 | 380k   11M|   0     0 | 997  4045 |02-12 19:38:33
  4   4  90   0   0   3|   0     0 | 373k   11M|   0     0 |1003  3777 |02-12 19:38:34
  2   3  91   0   0   5|   0     0 | 360k   11M|   0     0 | 937  3644 |02-12 19:38:35
  5   4  89   0   0   3|   0     0 | 384k   11M|   0     0 |1004  4036 |02-12 19:38:36
  3   3  91   0   0   4|   0     0 | 370k   11M|   0     0 | 890  3813 |02-12 19:38:37
  3   4  90   0   0   3|   0     0 | 375k   11M|   0     0 |1017  4065 |02-12 19:38:38
  3   5  88   0   0   4|   0     0 | 364k   11M|   0     0 | 937  3895 |02-12 19:38:39
  3   5  89   0   0   4|   0     0 | 355k   10M|   0     0 | 883  3901 |02-12 19:38:40
  3   2  91   0   0   4|   0    12k| 349k   10M|   0     0 | 929  3849 |02-12 19:38:41
  2   5  87   2   0   4|   0    76k| 370k   11M|   0     0 | 884  3888 |02-12 19:38:42
  4   5  86   0   0   5|   0     0 | 389k   11M|   0     0 |1004  3923 |02-12 19:38:43
  3   3  90   0   0   4|   0     0 | 367k   11M|   0     0 |1083  4169 |02-12 19:38:44
  3   4  90   0   0   3|   0     0 | 378k   11M|   0     0 | 940  3990 |02-12 19:38:45
  4   6  88   0   0   2|   0  8192B| 353k   10M|   0     0 | 826  3444 |02-12 19:38:46
  3   5  89   0   0   4|   0     0 | 380k   11M|   0     0 | 920  3807 |02-12 19:38:47
  3   3  90   0   0   4|   0     0 | 366k   11M|   0     0 |1068  4016 |02-12 19:38:48
  5   5  87   0   0   3|   0     0 | 370k   11M|   0     0 | 921  3624 |02-12 19:38:49
  3   3  90   0   0   4|   0     0 | 376k   11M|   0     0 |1045  4024 |02-12 19:38:50
  2   5  90   0   0   3|   0     0 | 346k   10M|   0     0 | 893  3748 |02-12 19:38:51
  3   4  89   0   0   5|   0     0 | 355k   10M|   0     0 | 850  3521 |02-12 19:38:52
  3   5  89   0   0   3|   0     0 | 396k   12M|   0     0 |1048  4151 |02-12 19:38:53
  2   6  87   0   0   5|   0     0 | 364k   11M|   0     0 |1020  3816 |02-12 19:38:54
  4   4  88   0   0   5|   0     0 | 377k   11M|   0     0 | 930  3730 |02-12 19:38:55
  4   5  88   0   0   4|   0     0 | 370k   11M|   0     0 |1036  4192 |02-12 19:38:56
  3   5  86   0   0   5|   0     0 | 361k   11M|   0     0 | 970  3875 |02-12 19:38:57
  5   2  91   0   0   2|   0     0 | 383k   11M|   0     0 | 927  3856 |02-12 19:38:58
  5   5  87   0   0   4|   0     0 | 370k   11M|   0     0 |1017  4216 |02-12 19:38:59
  4   5  88   0   0   3|   0     0 | 370k   11M|   0     0 | 954  3855 |02-12 19:39:00
  4   5  86   0   0   5|   0     0 | 376k   11M|   0     0 |1046  3948 |02-12 19:39:01
  2   5  90   0   0   3|   0     0 | 366k   11M|   0     0 |1108  4281 |02-12 19:39:02
  2   3  91   0   0   4|   0     0 | 358k   10M|   0     0 | 970  3947 |02-12 19:39:03
  3   4  88   0   0   5|   0     0 | 371k   11M|   0     0 | 934  3686 |02-12 19:39:04
  5   4  87   0   0   4|   0     0 | 376k   11M|   0     0 |1087  4307 |02-12 19:39:05
  4   5  86   0   0   6|   0     0 | 371k   11M|   0     0 |1014  4159 |02-12 19:39:06
  4   5  88   0   0   4|   0     0 | 359k   10M|   0     0 | 951  4051 |02-12 19:39:07
  3   4  90   0   0   4|   0     0 | 383k   11M|   0     0 |1040  4431 |02-12 19:39:08
  2   4  90   0   0   4|   0     0 | 365k   11M|   0     0 |1034  4138 |02-12 19:39:09
  6   6  87   0   0   2|   0     0 | 382k   11M|   0     0 |1022  4110 |02-12 19:39:10
  3   5  90   0   0   3|   0     0 | 357k   10M|   0     0 | 916  3866 |02-12 19:39:11
  4   3  88   1   0   4|   0    88k| 348k   10M|   0     0 | 951  3664 |02-12 19:39:12
  2   4  91   0   0   4|   0     0 | 364k   10M|   0     0 | 981  3642 |02-12 19:39:13
  3   5  88   0   0   4|   0     0 | 366k   11M|   0     0 |1009  3898 |02-12 19:39:14
  3   6  87   0   0   5|   0     0 | 359k   10M|   0     0 | 950  3889 |02-12 19:39:15
  4   4  86   0   0   6|   0     0 | 362k   10M|   0     0 |1003  3678 |02-12 19:39:16
  1   4  93   0   0   2|   0  8192B| 255k 7612k|   0     0 | 519  2628 |02-12 19:39:17
  1   1  99   0   0   0|   0     0 |5490B 5108B|   0     0 |  68   263 |02-12 19:39:18
  0   1 100   0   0   0|   0     0 |5590B 3132B|   0     0 |  44   107 |02-12 19:39:19
  1   1  99   0   0   0|   0     0 |   0     0 |   0     0 |  36    67 |02-12 19:39:20
  0   0 100   0   0   0|   0     0 | 270B  204B|   0     0 |  31    59 |02-12 19:39:21
  1   1  99   0   0   0|   0     0 |6730B 4238B|   0     0 |  67   170 |02-12 19:39:22
  0   0 100   0   0   0|   0     0 | 132B    0 |   0     0 |  19    31 |02-12 19:39:23
  0   0 100   0   0   0|   0     0 |   0     0 |   0     0 |  23    34 |02-12 19:39:24
  1   1  99   0   0   0|   0     0 |9646B 7012B|   0     0 |  42   104 |02-12 19:39:25
  0   1 100   0   0   0|   0     0 |   0     0 |   0     0 |  25    38 |02-12 19:39:26
  0   0 100   0   0   0|   0     0 |   0     0 |   0     0 |  23    43 |02-12 19:39:27
  1   0  99   0   0   0|   0     0 |6094B 3196B|   0     0 |  39   103 |02-12 19:39:28
  0   1  99   0   0   0|   0     0 |4796B 7131B|   0     0 |  81   219 |02-12 19:39:29
  7   5  88   0   0   0|   0     0 |2176B 2632B|   0     0 | 206   592 |02-12 19:39:30
  1   1  97   0   0   0|   0     0 |7148B 3754B|   0     0 |  65   317 |02-12 19:39:31
  0   0 100   0   0   0|   0     0 |   0     0 |   0     0 |  22    36 |02-12 19:39:32
  0   0 100   0   0   0|   0     0 | 336B  204B|   0     0 |  36    70 |02-12 19:39:33
  1   0  99   0   0   0|   0     0 |5758B 3000B|   0     0 |  40   100 |02-12 19:39:34
  0   0  99   0   0   0|   0     0 |   0     0 |   0     0 |  37    81 |02-12 19:39:35
  0   0 100   0   0   0|   0     0 | 168B  102B|   0     0 |  28    45 |02-12 19:39:36
  1   0  99   0   0   0|   0     0 |5422B 2788B|   0     0 |  25    73 |02-12 19:39:37
  0   0 100   0   0   0|   0     0 |   0     0 |   0     0 |  23    39 |02-12 19:39:38
  0   0 100   0   0   0|   0     0 |   0     0 |   0     0 |  24    41 |02-12 19:39:39
  1   1  99   0   0   0|   0     0 |5168B 2722B|   0     0 |  38   111 |02-12 19:39:40
  0   0 100   0   0   0|   0     0 |1028B  616B|   0     0 |  44    99 |02-12 19:39:41
  0   1 100   0   0   0|   0     0 | 402B  220B|   0     0 |  27    45 |02-12 19:39:42
  2   0  97   2   0   0|   0   172k|2231B 2055B|   0     0 |  56   149 |02-12 19:39:43
  7   4  89   0   0   0|   0     0 |7148B 4704B|   0     0 | 198   537 |02-12 19:39:44
  2   4  92   0   0   2|   0     0 | 145k 4307k|   0     0 | 460  1906 |02-12 19:39:45
  1   3  92   0   0   4|   0     0 | 289k 8651k|   0     0 | 887  3571 |02-12 19:39:46
  4   4  89   0   0   4|   0     0 | 371k   11M|   0     0 | 921  3785 |02-12 19:39:47
  4   4  89   0   0   3|   0     0 | 357k   10M|   0     0 | 901  3881 |02-12 19:39:48
  3   4  91   0   0   3|   0     0 | 350k   10M|   0     0 | 896  3615 |02-12 19:39:49
  4   5  88   0   0   4|   0     0 | 364k   11M|   0     0 | 933  3828 |02-12 19:39:50
  3   4  90   0   0   4|   0     0 | 339k   10M|   0     0 | 948  3868 |02-12 19:39:51
  2   3  92   0   0   3|   0     0 | 325k 9741k|   0     0 | 913  3615 |02-12 19:39:52
  4   4  89   0   0   4|   0  8192B| 380k   11M|   0     0 |1032  4093 |02-12 19:39:53
  3   5  88   0   0   5|   0     0 | 364k   11M|   0     0 | 990  4042 |02-12 19:39:54
  3   3  91   0   0   4|   0     0 | 368k   11M|   0     0 | 935  3698 |02-12 19:39:55
  3   6  87   0   0   4|   0     0 | 367k   11M|   0     0 | 967  3606 |02-12 19:39:56
  2   4  91   0   0   3|   0     0 | 364k   11M|   0     0 | 920  3672 |02-12 19:39:57
  2   4  90   0   0   5|   0     0 | 345k   10M|   0     0 | 845  3576 |02-12 19:39:58
  3   3  89   0   0   5|   0     0 | 376k   11M|   0     0 | 885  3956 |02-12 19:39:59
  3   5  89   0   0   4|   0     0 | 365k   11M|   0     0 | 980  3788 |02-12 19:40:00
  3   4  90   0   0   4|   0     0 | 349k   10M|   0     0 | 921  3691 |02-12 19:40:01
  4   5  87   0   0   5|   0     0 | 368k   11M|   0     0 | 869  3795 |02-12 19:40:02
  2   5  90   0   0   3|   0  4096B| 362k   11M|   0     0 | 920  3986 |02-12 19:40:03
  3   6  89   0   0   3|   0     0 | 354k   10M|   0     0 | 830  3382 |02-12 19:40:04
  4   3  88   0   0   5|   0     0 | 354k   10M|   0     0 | 959  3695 |02-12 19:40:05
  2   5  90   0   0   4|   0     0 | 363k   11M|   0     0 | 869  3938 |02-12 19:40:06
  3   4  89   0   0   4|   0     0 | 341k   10M|   0     0 | 821  3629 |02-12 19:40:07
  3   4  90   0   0   3|   0     0 | 367k   11M|   0     0 | 848  3786 |02-12 19:40:08
  3   5  90   0   0   3|   0     0 | 365k   11M|   0     0 | 933  3845 |02-12 19:40:09
  2   5  89   0   0   4|   0     0 | 352k   10M|   0     0 | 894  3503 |02-12 19:40:10
  4   4  89   0   0   4|   0     0 | 350k   10M|   0     0 | 951  3673 |02-12 19:40:11
  3   4  91   0   0   3|   0     0 | 390k   11M|   0     0 |1023  3946 |02-12 19:40:12
  2   4  88   2   0   5|   0    60k| 325k 9740k|   0     0 | 878  3283 |02-12 19:40:13
  4   6  89   0   0   2|   0     0 | 364k   10M|   0     0 |1026  3900 |02-12 19:40:14
  3   4  91   0   0   3|   0     0 | 348k   10M|   0     0 | 917  3747 |02-12 19:40:15
  3   4  91   0   0   3|   0     0 | 326k 9769k|   0     0 | 891  3533 |02-12 19:40:16
  4   3  90   0   0   4|   0     0 | 377k   11M|   0     0 |1037  4142 |02-12 19:40:17
  2   6  89   0   0   4|   0     0 | 356k   10M|   0     0 |1033  4085 |02-12 19:40:18
  2   5  88   0   0   5|   0    12k| 337k   10M|   0     0 |1071  3810 |02-12 19:40:19
  3   5  88   0   0   4|   0     0 | 375k   11M|   0     0 | 963  4063 |02-12 19:40:20
 12   5  81   0   0   2|   0     0 | 334k 9861k|   0     0 | 791  3458 |02-12 19:40:21
  3   4  90   0   0   4|   0     0 | 346k   10M|   0     0 | 897  3826 |02-12 19:40:22
  3   4  90   0   0   4|   0     0 | 377k   11M|   0     0 | 974  4106 |02-12 19:40:23
  3   3  92   0   0   3|   0     0 | 358k   10M|   0     0 | 961  3815 |02-12 19:40:24
  9   7  81   0   0   4|   0     0 | 352k   10M|   0     0 | 874  3559 |02-12 19:40:25
  6   8  85   0   0   1|   0     0 |1208k   10M|   0     0 |1021  4372 |02-12 19:40:26
 43  16  34   2   0   6| 128k    0 |8158k   10M|   0     0 |1563  6038 |02-12 19:40:27
 43  18  22  14   0   4|4096B 8272k| 315k 9391k|   0     0 | 412  2136 |02-12 19:40:28
 29  20  40   5   0   5|   0    84k| 358k   10M|   0     0 | 482  2613 |02-12 19:40:29
 27  13  43  11   0   6|2932k  504k| 328k 9847k|   0     0 | 512  2711 |02-12 19:40:30
 26   8  45  19   0   3|5656k    0 | 351k   10M|   0     0 | 604  3094 |02-12 19:40:31
 38   8  42   8   0   4|5376k    0 | 351k   10M|   0     0 | 417  2619 |02-12 19:40:32
 21   8  42  24   0   6|5004k    0 | 343k   10M|   0     0 | 729  4133 |02-12 19:40:33
  2   7  87   0   0   4|   0     0 | 357k   11M|   0     0 |1289  5781 |02-12 19:40:34
  5   4  87   0   0   5|   0     0 | 375k   11M|   0     0 | 971  4056 |02-12 19:40:35
  4   4  89   0   0   3|   0     0 | 367k   11M|   0     0 | 965  3996 |02-12 19:40:36
 10   7  78   0   0   4|   0     0 | 334k 9938k|   0     0 | 808  3488 |02-12 19:40:37
 25   8  62   0   0   5|   0   532k| 347k   10M|   0     0 | 542  3113 |02-12 19:40:38
  3   4  89   0   0   4|   0     0 | 345k   10M|   0     0 |1009  3803 |02-12 19:40:39
  2   4  90   0   0   5|   0     0 | 356k   10M|   0     0 | 931  3664 |02-12 19:40:40
  4   4  90   0   0   2|   0     0 | 347k   10M|   0     0 | 909  3715 |02-12 19:40:41
  2   3  93   0   0   3|   0     0 | 364k   11M|   0     0 | 951  3819 |02-12 19:40:42
  3   4  91   0   0   3|   0     0 | 352k   10M|   0     0 | 997  3817 |02-12 19:40:43
  5   5  87   0   0   3|   0    56k| 370k   11M|   0     0 |1093  4219 |02-12 19:40:44
 27   7  64   0   0   2| 168k  544k| 161k 4667k|   0     0 | 303  1511 |02-12 19:40:45
  1   1  99   0   0   0|   0     0 |5730B 5248B|   0     0 |  63   251 |02-12 19:40:46
  1   0  99   0   0   0|   0     0 |6466B 3400B|   0     0 |  62   153 |02-12 19:40:47
  0   0 100   0   0   0|   0     0 |1278B  918B|   0     0 |  56   110 |02-12 19:40:48
  0   0 100   0   0   0|   0  8192B| 840B  534B|   0     0 |  46    94 |02-12 19:40:49
 13   4  84   0   0   0|   0     0 |  10k 4622B|   0     0 | 108   304 |02-12 19:40:50
 47  15  37   0   0   1|   0     0 |3736B 9958B|   0     0 | 186   560 |02-12 19:40:51
 57   8  34   0   0   1|   0     0 |4344B   13k|   0     0 | 240   942 |02-12 19:40:52
  6   2  92   0   0   0|   0     0 |  18k 1068k|   0     0 |  96   431 |02-12 19:40:53
  3   2  95   0   0   0|   0    16k|4408B 5776B|   0     0 |  66   257 |02-12 19:40:54
  0   1 100   0   0   0|   0     0 | 102B  102B|   0     0 |  45    99 |02-12 19:40:55
  8   2  90   0   0   0|   0     0 |6840B 3744B|   0     0 |  94   248 |02-12 19:40:56
 10   6  84   0   0   1|   0  4096B|8603B 5404B|   0     0 | 117   354 |02-12 19:40:57
  7   5  89   0   0   0|   0     0 |3968B 3166B|   0     0 | 230   781 |02-12 19:40:58
  0   0 100   0   0   0|   0     0 |3596B 1560B|   0     0 |  51   108 |02-12 19:40:59
  1   2  53  44   0   0|   0    17M|3674B 2358B|   0     0 |  61   186 |02-12 19:41:00
  0   0 100   0   0   0|   0    13M| 606B  408B|   0     0 |  39    82 |02-12 19:41:01
  0   0 100   0   0   0|   0  7508k| 570B  306B|   0     0 |  36    81 |02-12 19:41:02
  1   1  99   0   0   0|   0    11M|5422B 2788B|   0     0 |  27    63 |02-12 19:41:03
  0   0 100   0   0   0|   0    12M|   0     0 |   0     0 |  19    37 |02-12 19:41:04
  0   1 100   0   0   0|   0     0 |   0     0 |   0     0 |  34    74 |02-12 19:41:05
  1   0  99   0   0   0|   0     0 |5422B 2788B|   0     0 |  27    58 |02-12 19:41:06
  5   1  70  25   0   0| 216k    0 | 168B  102B|   0     0 |  39   213 |02-12 19:41:07
  4   4  61  32   0   0|3428k    0 | 504B  306B|   0     0 | 357   810 |02-12 19:41:08
  5   2  92   0   0   0|1208k    0 |6714B 4370B|   0     0 | 133   299 |02-12 19:41:09
  3   2  91   4   0   0|   0  1976k|3647B 2899B|   0     0 | 151   435 |02-12 19:41:10
  6   4  89   0   0   2|   0    32k| 112k 3412k|   0     0 | 388  1478 |02-12 19:41:11
  3   5  90   0   0   2|   0     0 | 290k 8558k|   0     0 | 839  3387 |02-12 19:41:12
  3   4  89   0   0   4|   0     0 | 319k 9544k|   0     0 | 958  3829 |02-12 19:41:13
  2   3  91   0   0   4|   0     0 | 355k   10M|   0     0 | 865  3590 |02-12 19:41:14
  3   5  91   0   0   2|   0   104k| 370k   11M|   0     0 | 862  3675 |02-12 19:41:15
  3   4  88   0   0   6|   0     0 | 360k   11M|   0     0 | 854  4017 |02-12 19:41:16
  2   5  89   0   0   5|   0     0 | 355k   10M|   0     0 | 807  3792 |02-12 19:41:17
  4   5  87   0   0   4|   0     0 | 395k   11M|   0     0 |1073  4170 |02-12 19:41:18
  3   5  88   0   0   5|   0     0 | 346k   10M|   0     0 | 984  3819 |02-12 19:41:19
  3   4  90   0   0   4|   0     0 | 367k   11M|   0     0 | 984  3859 |02-12 19:41:20
  4   5  89   0   0   3|   0  8192B| 372k   11M|   0     0 | 983  3918 |02-12 19:41:21
  3   5  88   0   0   4|   0     0 | 337k   10M|   0     0 | 962  3802 |02-12 19:41:22
  3   3  90   0   0   5|   0     0 | 347k   10M|   0     0 | 910  3465 |02-12 19:41:23
  3   4  89   0   0   4|   0     0 | 383k   11M|   0     0 |1023  3897 |02-12 19:41:24
  3   8  86   0   0   4|   0     0 | 380k   11M|   0     0 |1015  4117 |02-12 19:41:25
  4   5  90   0   0   2|   0  8192B| 369k   11M|   0     0 | 852  3706 |02-12 19:41:26
  5   4  88   0   0   3|   0     0 | 361k   10M|   0     0 | 836  3588 |02-12 19:41:27
  3   5  90   0   0   3|   0     0 | 363k   11M|   0     0 |1041  4001 |02-12 19:41:28
  4   3  90   0   0   3|   0     0 | 377k   11M|   0     0 |1031  4152 |02-12 19:41:29
  5   5  74  10   0   6|   0   588k| 375k   11M|   0     0 | 957  3953 |02-12 19:41:30
  4   5  85   0   0   5|   0  2060k| 381k   11M|   0     0 | 996  4085 |02-12 19:41:31
  3   3  91   0   0   4|   0     0 | 379k   11M|   0     0 | 982  3917 |02-12 19:41:32
  3   5  87   0   0   5|   0     0 | 365k   11M|   0     0 | 844  3730 |02-12 19:41:33
  2   3  91   0   0   4|   0     0 | 379k   11M|   0     0 |1013  4013 |02-12 19:41:34
  4   4  88   0   0   4|   0     0 | 369k   11M|   0     0 | 879  3527 |02-12 19:41:35
  4   7  86   0   0   4|   0     0 | 406k   12M|   0     0 | 978  4157 |02-12 19:41:36
  3   5  89   0   0   3|   0     0 | 345k   10M|   0     0 |1018  3901 |02-12 19:41:37
  3   4  89   0   0   4|   0     0 | 383k   11M|   0     0 | 910  3523 |02-12 19:41:38
  4   7  86   0   0   3|   0     0 | 400k   12M|   0     0 |1010  4042 |02-12 19:41:39
  4   5  89   0   0   3|   0     0 | 368k   11M|   0     0 |1022  3915 |02-12 19:41:40
  2   3  93   0   0   2|   0  8192B| 359k   10M|   0     0 |1074  3869 |02-12 19:41:41
  4   5  87   0   0   4|   0     0 | 369k   11M|   0     0 | 942  3825 |02-12 19:41:42
  3   2  91   0   0   5|   0     0 | 357k   10M|   0     0 | 975  3897 |02-12 19:41:43
  3   3  91   0   0   3|   0     0 | 356k   10M|   0     0 |1014  4092 |02-12 19:41:44
  4   5  88   0   0   3|   0     0 | 388k   11M|   0     0 |1062  4026 |02-12 19:41:45
  2   5  90   0   0   4|   0     0 | 380k   11M|   0     0 |1034  4101 |02-12 19:41:46
  3   4  90   0   0   4|   0     0 | 359k   11M|   0     0 | 899  3731 |02-12 19:41:47
  3   4  90   0   0   4|   0     0 | 371k   11M|   0     0 |1014  4060 |02-12 19:41:48
  3   3  90   0   0   5|   0     0 | 365k   11M|   0     0 |1012  3930 |02-12 19:41:49
  4   5  90   0   0   2|   0     0 | 368k   11M|   0     0 | 974  3695 |02-12 19:41:50
  3   5  89   0   0   4|   0     0 | 398k   11M|   0     0 |1004  4033 |02-12 19:41:51
  3   2  90   0   0   5|   0     0 | 348k   10M|   0     0 | 930  3826 |02-12 19:41:52
  3   6  88   0   0   3|   0     0 | 359k   11M|   0     0 |1016  3847 |02-12 19:41:53
  2   4  89   0   0   5|   0     0 | 371k   11M|   0     0 |1063  3959 |02-12 19:41:54
  4   5  89   0   0   3|   0     0 | 366k   11M|   0     0 | 993  3939 |02-12 19:41:55
  2   5  91   0   0   3|   0     0 | 374k   11M|   0     0 | 924  3838 |02-12 19:41:56
  4   3  91   0   0   3|   0     0 | 367k   11M|   0     0 | 927  3787 |02-12 19:41:57
  4   5  89   0   0   3|   0     0 | 356k   10M|   0     0 | 867  3532 |02-12 19:41:58
  5   5  87   0   0   3|   0     0 | 370k   11M|   0     0 | 958  3883 |02-12 19:41:59
  4   4  86   3   0   3|   0    28k| 358k   10M|   0     0 |1001  3911 |02-12 19:42:00
  3   5  89   0   0   3|   0     0 | 358k   10M|   0     0 |1016  4022 |02-12 19:42:01
  3   3  92   0   0   3|   0  8192B| 361k   11M|   0     0 |1066  3950 |02-12 19:42:02
  4   3  89   0   0   4|   0     0 | 347k   10M|   0     0 |1036  3916 |02-12 19:42:03
  3   3  89   0   0   5|   0     0 | 360k   11M|   0     0 | 946  4005 |02-12 19:42:04
  3   4  89   0   0   5|   0     0 | 372k   11M|   0     0 | 909  3932 |02-12 19:42:05
  4   4  88   0   0   4|   0     0 | 375k   11M|   0     0 | 931  4060 |02-12 19:42:06
  4   5  89   0   0   3|   0     0 | 326k 9757k|   0     0 | 918  3801 |02-12 19:42:07
  3   5  89   0   0   4|   0     0 | 368k   11M|   0     0 | 942  4023 |02-12 19:42:08
  3   4  90   0   0   4|   0     0 | 371k   11M|   0     0 | 894  3944 |02-12 19:42:09
  3   4  90   0   0   3|   0     0 | 369k   11M|   0     0 | 933  3833 |02-12 19:42:10
  2   1  96   0   0   1|   0     0 | 120k 3453k|   0     0 | 290  1311 |02-12 19:42:11
  1   1  99   0   0   0|   0     0 |  10k 7386B|   0     0 |  50   243 |02-12 19:42:12
  0   0 100   0   0   0|   0     0 |   0     0 |   0     0 |  22    44 |02-12 19:42:13
  0   0 100   0   0   0|   0     0 |   0     0 |   0     0 |  21    40 |02-12 19:42:14
  1   0  99   0   0   0|   0     0 |5422B 2788B|   0     0 |  43   108 |02-12 19:42:15
  0   0 100   0   0   0|   0     0 |   0     0 |   0     0 |  19    35 |02-12 19:42:16
  0   0 100   0   0   0|   0  8192B|   0     0 |   0     0 |  22    53 |02-12 19:42:17
  0   0 100   0   0   0|   0     0 |2514B  536B|   0     0 |  23    44 |02-12 19:42:18
  0   0  99   0   0   0|   0     0 |7132B 6476B|   0     0 |  18    50 |02-12 19:42:19
  0   1 100   0   0   0|   0     0 |   0     0 |   0     0 |  37    74 |02-12 19:42:20
  0   0 100   0   0   0|   0     0 |   0     0 |   0     0 |  19    29 |02-12 19:42:21
  1   1  98   0   0   0|   0     0 |7333B 4639B|   0     0 |  41   130 |02-12 19:42:22
  9   4  87   0   0   0|   0     0 |2968B 2670B|   0     0 | 213   697 |02-12 19:42:23
  0   0 100   0   0   0|   0     0 |   0     0 |   0     0 |  18    29 |02-12 19:42:24
  0   1  99   0   0   0|   0     0 |5422B 2788B|   0     0 |  37   113 |02-12 19:42:25
  0   0 100   0   0   0|   0     0 |   0     0 |   0     0 |  20    27 |02-12 19:42:26
  0   0 100   0   0   0|   0     0 |   0     0 |   0     0 |  23    57 |02-12 19:42:27
  0   0  99   0   0   0|   0     0 |5422B 2788B|   0     0 |  23    68 |02-12 19:42:28
  0   0 100   0   0   0|   0     0 |   0     0 |   0     0 |  23    49 |02-12 19:42:29
  1   1  98   0   0   0|   0     0 |2799B 5698B|   0     0 |  62   173 |02-12 19:42:30
  1   0  98   1   0   0|   0    52k|5422B 2788B|   0     0 |  23    81 |02-12 19:42:31
  0   1 100   0   0   0|   0    52k|   0     0 |   0     0 |  22    54 |02-12 19:42:32
  0   0 100   0   0   0|   0     0 |   0     0 |   0     0 |  22    49 |02-12 19:42:33
  1   0  99   0   0   0|   0     0 |5422B 2788B|   0     0 |  26    62 |02-12 19:42:34
  2   1  98   0   0   0|   0     0 |2043B 1917B|   0     0 |  49   123 |02-12 19:42:35
  8   3  89   0   0   0|   0     0 |1644B 1960B|   0     0 | 184   534 |02-12 19:42:36
  2   3  93   0   0   3|   0     0 | 160k 4772k|   0     0 | 460  1867 |02-12 19:42:37
  4   4  88   0   0   5|   0     0 | 403k   12M|   0     0 |1130  4447 |02-12 19:42:38
  2   6  88   0   0   4|   0     0 | 467k   14M|   0     0 |1097  4326 |02-12 19:42:39
  5   6  85   0   0   4|   0     0 | 495k   14M|   0     0 |1085  4286 |02-12 19:42:40
  4   7  85   0   0   4|   0     0 | 492k   14M|   0     0 |1082  4447 |02-12 19:42:41
  5   6  86   0   0   3|   0  4096B| 475k   14M|   0     0 |1010  3945 |02-12 19:42:42
  4   5  86   0   0   5|   0     0 | 511k   15M|   0     0 |1097  4295 |02-12 19:42:43
  5   6  86   0   0   3|   0     0 | 486k   14M|   0     0 |1064  4205 |02-12 19:42:44
  3   7  87   0   0   4|   0     0 | 475k   14M|   0     0 |1061  4211 |02-12 19:42:45
  3   4  89   0   0   4|   0     0 | 503k   15M|   0     0 |1021  4106 |02-12 19:42:46
  5   7  83   0   0   6|   0     0 | 489k   14M|   0     0 |1040  4124 |02-12 19:42:47
  4   5  89   0   0   3|   0     0 | 477k   14M|   0     0 |1057  4084 |02-12 19:42:48
  2   8  84   0   0   6|   0     0 | 506k   15M|   0     0 |1019  4163 |02-12 19:42:49
  3   6  86   0   0   5|   0     0 | 500k   15M|   0     0 |1172  4484 |02-12 19:42:50
  4   7  84   0   0   5|   0     0 | 498k   15M|   0     0 |1028  4098 |02-12 19:42:51
  3   6  86   0   0   5|   0     0 | 484k   14M|   0     0 |1125  4367 |02-12 19:42:52
  2   5  90   0   0   3|   0     0 | 497k   15M|   0     0 |1042  4153 |02-12 19:42:53
  3   8  84   0   0   5|   0     0 | 501k   15M|   0     0 |1066  4274 |02-12 19:42:54
  4   6  87   0   0   4|   0     0 | 501k   15M|   0     0 | 945  4045 |02-12 19:42:55
  7   5  85   0   0   4|   0     0 | 512k   15M|   0     0 |1087  4438 |02-12 19:42:56
  4   6  85   0   0   5|   0     0 | 510k   15M|   0     0 |1000  4194 |02-12 19:42:57
  6   5  84   0   0   5|   0  8192B| 513k   15M|   0     0 |1077  4370 |02-12 19:42:58
  3   5  87   0   0   5|   0     0 | 500k   15M|   0     0 |1076  4263 |02-12 19:42:59
  4   6  84   0   0   6|   0     0 | 494k   14M|   0     0 |1056  4065 |02-12 19:43:00
  5   4  87   0   0   4|   0     0 | 492k   14M|   0     0 |1053  4230 |02-12 19:43:01
  4   6  85   2   0   4|   0    52k| 483k   14M|   0     0 |1041  4164 |02-12 19:43:02
  3   5  87   0   0   4|   0  8192B| 485k   14M|   0     0 |1061  4131 |02-12 19:43:03
  5   5  86   0   0   3|   0     0 | 496k   14M|   0     0 | 989  4004 |02-12 19:43:04
  5   8  82   0   0   6|   0     0 | 512k   15M|   0     0 |1157  4455 |02-12 19:43:05
  4   8  83   0   0   5|   0     0 | 493k   14M|   0     0 |1012  4084 |02-12 19:43:06
  4   6  86   0   0   5|   0     0 | 494k   14M|   0     0 |1074  4258 |02-12 19:43:07
  4   6  86   0   0   5|   0  8192B| 493k   14M|   0     0 |1031  4070 |02-12 19:43:08
  4   6  86   0   0   5|   0     0 | 496k   15M|   0     0 |1096  4321 |02-12 19:43:09
  6   6  83   0   0   5|   0     0 | 500k   14M|   0     0 |1109  4331 |02-12 19:43:10
  4   6  84   0   0   7|   0     0 | 510k   15M|   0     0 |1101  4398 |02-12 19:43:11
  5   6  86   0   0   4|   0     0 | 482k   14M|   0     0 |1007  3912 |02-12 19:43:12
  5   7  83   0   0   5|   0     0 | 511k   15M|   0     0 |1018  4126 |02-12 19:43:13
  3   8  83   0   0   6|   0     0 | 501k   15M|   0     0 |1075  4332 |02-12 19:43:14
  4   8  84   0   0   5|   0     0 | 510k   15M|   0     0 |1110  4396 |02-12 19:43:15
  5   4  87   0   0   4|   0     0 | 499k   15M|   0     0 |1041  4268 |02-12 19:43:16
  3   4  88   0   0   5|   0     0 | 462k   14M|   0     0 | 977  4105 |02-12 19:43:17
  4   6  87   0   0   3|   0     0 | 489k   14M|   0     0 | 973  4130 |02-12 19:43:18
  4   7  85   0   0   5|   0     0 | 509k   15M|   0     0 |1049  4399 |02-12 19:43:19
  4   8  83   0   0   6|   0     0 | 493k   14M|   0     0 |1095  4461 |02-12 19:43:20
  5   4  87   0   0   5|   0     0 | 475k   14M|   0     0 | 975  4091 |02-12 19:43:21
  4   3  89   0   0   4|   0     0 | 468k   14M|   0     0 |1056  4348 |02-12 19:43:22
  3   5  88   0   0   4|   0     0 | 474k   14M|   0     0 |1000  4145 |02-12 19:43:23
  4   7  86   0   0   4|   0     0 | 477k   14M|   0     0 |1114  4486 |02-12 19:43:24
  4   6  86   0   0   5|   0     0 | 493k   14M|   0     0 |1028  4261 |02-12 19:43:25
  4   8  83   0   0   5|   0     0 | 495k   15M|   0     0 |1036  4328 |02-12 19:43:26
  3   6  85   0   0   7|   0     0 | 505k   15M|   0     0 |1014  4156 |02-12 19:43:27
  3   7  88   0   0   3|   0     0 | 474k   14M|   0     0 |1041  3994 |02-12 19:43:28
  3   7  85   0   0   5|   0     0 | 504k   15M|   0     0 |1137  4381 |02-12 19:43:29
  4   8  85   0   0   3|   0     0 | 515k   15M|   0     0 |1087  4318 |02-12 19:43:30
  5   6  82   0   0   6|   0     0 | 506k   15M|   0     0 |1038  4263 |02-12 19:43:31
  4   6  85   2   0   4|   0    44k| 491k   14M|   0     0 | 954  3817 |02-12 19:43:32
  4   5  87   0   0   5|   0     0 | 477k   14M|   0     0 | 991  3894 |02-12 19:43:33
  5   4  86   0   0   5|   0    60k| 510k   15M|   0     0 |1081  4324 |02-12 19:43:34
  3   7  85   0   0   5|   0     0 | 490k   14M|   0     0 |1122  4253 |02-12 19:43:35
  4   6  86   0   0   5|   0     0 | 492k   14M|   0     0 | 927  3948 |02-12 19:43:36
  2   1  96   0   0   1|   0     0 | 107k 2859k|   0     0 | 270  1054 |02-12 19:43:37
  1   1  99   0   0   0|   0     0 |4706B 4532B|   0     0 |  55   237 |02-12 19:43:38
  0   1 100   0   0   0|   0  8192B|   0     0 |   0     0 |  19    38 |02-12 19:43:39
  0   0 100   0   0   0|   0     0 |   0     0 |   0     0 |  22    37 |02-12 19:43:40
  0   0 100   0   0   0|   0     0 |5422B 2788B|   0     0 |  39   152 |02-12 19:43:41
  0   0 100   0   0   0|   0     0 |   0     0 |   0     0 |  20    34 |02-12 19:43:42
  0   1 100   0   0   0|   0     0 |   0     0 |   0     0 |  18    29 |02-12 19:43:43
  1   0  99   0   0   0|   0     0 |5422B 2788B|   0     0 |  20    65 |02-12 19:43:44
  0   0 100   0   0   0|   0     0 |4092B 4092B|   0     0 |  18    27 |02-12 19:43:45
  1   0  99   0   0   0|   0     0 |   0     0 |   0     0 |  31    73 |02-12 19:43:46
  1   0 100   0   0   0|   0     0 |5422B 2788B|   0     0 |  22    69 |02-12 19:43:47
  0   1 100   0   0   0|   0     0 |1715B 1289B|   0     0 |  30    71 |02-12 19:43:48
  9   4  88   0   0   0|   0     0 |3296B 3232B|   0     0 | 206   712 |02-12 19:43:49
  1   0  99   0   0   1|   0     0 |5422B 2788B|   0     0 |  25    78 |02-12 19:43:50
  0   1  99   0   0   0|   0     0 |   0     0 |   0     0 |  32    87 |02-12 19:43:51
  0   0 100   0   0   0|   0     0 |   0     0 |   0     0 |  20    29 |02-12 19:43:52
  1   0  99   0   0   0|   0     0 |7444B 2115B|   0     0 |  28    95 |02-12 19:43:53
  2   1  98   0   0   0|   0    20k|  31k 4361B|   0     0 |  34   111 |02-12 19:43:54
  0   0 100   0   0   0|   0     0 |   0     0 |   0     0 |  23    39 |02-12 19:43:55
  0   0 100   0   0   0|   0     0 |   0     0 |   0     0 |  32    73 |02-12 19:43:56
  0   0  99   0   0   0|   0     0 |5422B 2788B|   0     0 |  26    75 |02-12 19:43:57
  0   0 100   0   0   0|   0     0 |   0     0 |   0     0 |  23    41 |02-12 19:43:58
  0   0 100   0   0   0|   0     0 |   0     0 |   0     0 |  23    41 |02-12 19:43:59
  0   0 100   0   0   0|   0     0 |5422B 2788B|   0     0 |  23    75 |02-12 19:44:00
  0   2  99   0   0   0|   0     0 |1781B 1355B|   0     0 |  46   115 |02-12 19:44:01
  8   5  87   0   0   0|   0     0 |  13k  482k|   0     0 | 207   612 |02-12 19:44:02
  4   3  88   2   0   4|   0    88k| 297k 8920k|   0     0 | 809  3310 |02-12 19:44:03
  4   7  84   0   0   6|   0     0 | 471k   14M|   0     0 |1088  4378 |02-12 19:44:04
  3   5  87   0   0   5|   0     0 | 483k   14M|   0     0 |1089  4438 |02-12 19:44:05
  3   8  85   0   0   4|   0     0 | 508k   15M|   0     0 |1001  4304 |02-12 19:44:06
  2   7  86   0   0   5|   0     0 | 487k   14M|   0     0 | 991  4181 |02-12 19:44:07
  3   5  87   0   0   5|   0     0 | 485k   14M|   0     0 |1125  4453 |02-12 19:44:08
  4   7  85   0   0   4|   0     0 | 497k   14M|   0     0 |1063  4400 |02-12 19:44:09
  3   4  88   0   0   5|   0    16k| 472k   14M|   0     0 |1179  4532 |02-12 19:44:10
  4   7  85   0   0   5|   0     0 | 479k   14M|   0     0 |1129  4439 |02-12 19:44:11
  3   5  88   0   0   4|   0     0 | 510k   15M|   0     0 |1115  4239 |02-12 19:44:12
  4   4  86   0   0   5|   0     0 | 507k   15M|   0     0 |1133  4288 |02-12 19:44:13
  5   5  85   0   0   5|   0     0 | 499k   15M|   0     0 |1125  4443 |02-12 19:44:14
  3   7  85   0   0   5|   0     0 | 521k   15M|   0     0 |1012  4147 |02-12 19:44:15
  4   7  85   0   0   4|   0     0 | 515k   15M|   0     0 |1069  4267 |02-12 19:44:16
  4   6  86   0   0   4|   0     0 | 471k   14M|   0     0 | 953  3936 |02-12 19:44:17
  4   5  87   0   0   4|   0     0 | 501k   14M|   0     0 |1078  4114 |02-12 19:44:18
  3   6  86   0   0   5|   0     0 | 528k   15M|   0     0 |1083  4403 |02-12 19:44:19
  4   7  87   0   0   2|   0  4096B| 506k   15M|   0     0 |1053  4043 |02-12 19:44:20
  6   5  84   0   0   5|   0     0 | 517k   15M|   0     0 |1032  4124 |02-12 19:44:21
  4   5  86   0   0   5|   0     0 | 515k   15M|   0     0 |1110  4439 |02-12 19:44:22
  3   6  88   0   0   3|   0     0 | 490k   14M|   0     0 |1097  4201 |02-12 19:44:23
  4   7  84   0   0   5|   0     0 | 375k   11M|   0     0 | 949  3882 |02-12 19:44:24
  4   4  88   0   0   4|   0  4096B| 371k   11M|   0     0 |1062  4076 |02-12 19:44:25
  5   7  84   0   0   5|   0     0 | 388k   11M|   0     0 | 983  4140 |02-12 19:44:26
  3   7  86   0   0   5|   0     0 | 380k   11M|   0     0 |1040  4150 |02-12 19:44:27
  3   6  86   0   0   5|   0     0 | 408k   12M|   0     0 |1145  4529 |02-12 19:44:28
  4   6  85   0   0   5|   0     0 | 442k   13M|   0     0 |1121  4390 |02-12 19:44:29
  5   8  81   0   0   6|   0     0 | 500k   14M|   0     0 |1124  4528 |02-12 19:44:30
  5   7  85   0   0   4|   0     0 | 492k   14M|   0     0 |1120  4402 |02-12 19:44:31
  3   5  87   0   0   5|   0     0 | 510k   15M|   0     0 |1148  4508 |02-12 19:44:32
  4   7  82   2   0   6|   0    76k| 481k   14M|   0     0 | 982  4249 |02-12 19:44:33
  4   7  85   0   0   5|   0     0 | 508k   15M|   0     0 |1129  4428 |02-12 19:44:34
  3   5  87   0   0   5|   0    92k| 505k   15M|   0     0 |1098  4542 |02-12 19:44:35
  5   6  85   0   0   4|   0     0 | 507k   15M|   0     0 |1088  4195 |02-12 19:44:36
  3   5  86   0   0   6|   0     0 | 491k   14M|   0     0 |1099  4323 |02-12 19:44:37
  4   7  86   0   0   4|   0     0 | 492k   14M|   0     0 |1153  4319 |02-12 19:44:38
  4   4  87   0   0   5|   0     0 | 502k   15M|   0     0 |1169  4415 |02-12 19:44:39
  6   7  83   0   0   5|   0  8192B| 476k   14M|   0     0 |1034  4149 |02-12 19:44:40
  4   6  85   0   0   5|   0     0 | 497k   15M|   0     0 |1088  4405 |02-12 19:44:41
  4   5  85   0   0   5|   0     0 | 505k   15M|   0     0 |1086  4463 |02-12 19:44:42
  3   7  86   0   0   4|   0     0 | 477k   14M|   0     0 |1034  4147 |02-12 19:44:43
  5   7  84   0   0   5|   0     0 | 508k   15M|   0     0 |1138  4317 |02-12 19:44:44
  6   5  85   0   0   5|   0     0 | 521k   15M|   0     0 |1125  4354 |02-12 19:44:45
  3   5  87   0   0   5|   0     0 | 517k   15M|   0     0 |1103  4243 |02-12 19:44:46
  4   6  85   0   0   5|   0     0 | 508k   15M|   0     0 |1058  4039 |02-12 19:44:47
  4   6  85   0   0   4|   0     0 | 484k   14M|   0     0 |1005  4025 |02-12 19:44:48
  4   7  84   0   0   6|   0     0 | 509k   15M|   0     0 |1086  4338 |02-12 19:44:49
  2   6  88   0   0   4|   0     0 | 520k   15M|   0     0 |1065  4351 |02-12 19:44:50
  5   8  84   0   0   4|   0     0 | 498k   15M|   0     0 |1075  4233 |02-12 19:44:51
  5   8  84   0   0   4|   0     0 | 511k   15M|   0     0 |1109  4189 |02-12 19:44:52
  4   6  87   0   0   3|   0     0 | 495k   15M|   0     0 |1101  4192 |02-12 19:44:53
  5   6  83   0   0   5|   0     0 | 502k   15M|   0     0 |1089  4170 |02-12 19:44:54
  6   5  84   0   0   5|   0     0 | 513k   15M|   0     0 |1010  4221 |02-12 19:44:55
  4   7  84   0   0   6|   0     0 | 519k   15M|   0     0 |1074  4441 |02-12 19:44:56
  3   7  87   0   0   3|   0     0 | 501k   15M|   0     0 | 968  3950 |02-12 19:44:57
  5   8  83   0   0   5|   0     0 | 503k   15M|   0     0 | 941  4086 |02-12 19:44:58
  4   6  86   0   0   4|   0     0 | 503k   15M|   0     0 | 964  4233 |02-12 19:44:59
  4   6  85   0   0   5|   0     0 | 497k   15M|   0     0 |1102  4379 |02-12 19:45:00
  3   7  84   0   0   6|   0     0 | 502k   15M|   0     0 |1014  4338 |02-12 19:45:01
  3   5  88   0   0   5|   0     0 | 396k   11M|   0     0 | 784  3432 |02-12 19:45:02
  1   1  97   2   0   0|   0    32k|4584B 4598B|   0     0 |  47   227 |02-12 19:45:03
  0   1 100   0   0   0|   0     0 |5422B 2788B|   0     0 |  31    70 |02-12 19:45:04
  1   0 100   0   0   0|   0     0 |   0     0 |   0     0 |  24    38 |02-12 19:45:05
  0   1  99   0   0   0|   0  8192B|   0     0 |   0     0 |  32    73 |02-12 19:45:06
  1   0  99   0   0   1|   0     0 |5422B 2788B|   0     0 |  27    80 |02-12 19:45:07
  0   0 100   0   0   0|   0     0 |   0     0 |   0     0 |  20    31 |02-12 19:45:08
  0   0 100   0   0   0|   0     0 |   0     0 |   0     0 |  20    31 |02-12 19:45:09
  1   0 100   0   0   0|   0     0 |9646B 7012B|   0     0 |  24    75 |02-12 19:45:10
  0   1  99   0   0   0|   0  8192B|   0     0 |   0     0 |  34    87 |02-12 19:45:11
  9   2  89   0   0   0|   0     0 |3621B 2761B|   0     0 | 165   444 |02-12 19:45:12
  2   2  97   0   0   0|   0     0 |7234B 5260B|   0     0 |  86   337 |02-12 19:45:13
  0   0 100   0   0   0|   0     0 |   0     0 |   0     0 |  23    51 |02-12 19:45:14
  0   0 100   0   0   0|   0     0 |   0     0 |   0     0 |  24    43 |02-12 19:45:15
  1   1  99   0   0   0|   0     0 |5422B 2788B|   0     0 |  38   107 |02-12 19:45:16
  0   0 100   0   0   0|   0     0 |   0     0 |   0     0 |  22    54 |02-12 19:45:17
  0   0 100   0   0   0|   0     0 |   0     0 |   0     0 |  20    31 |02-12 19:45:18
  1   0  99   0   0   0|   0     0 |5422B 2788B|   0     0 |  25    67 |02-12 19:45:19
  0   0 100   0   0   0|   0     0 |   0     0 |   0     0 |  24    43 |02-12 19:45:20
  1   0 100   0   0   0|   0     0 |   0     0 |   0     0 |  32    78 |02-12 19:45:21
  0   1  99   0   0   0|   0     0 |5422B 2788B|   0     0 |  23    62 |02-12 19:45:22
  0   0 100   0   0   0|   0     0 |   0     0 |   0     0 |  24    53 |02-12 19:45:23
  5   2  93   0   0   0|   0     0 |3621B 2695B|   0     0 | 136   415 |02-12 19:45:24
  5   3  91   0   0   1|   0     0 | 130k 3742k|   0     0 | 378  1622 |02-12 19:45:25
  4   7  85   0   0   4|   0     0 | 429k   13M|   0     0 |1058  4610 |02-12 19:45:26
  5   5  86   0   0   5|   0     0 | 498k   15M|   0     0 |1136  4659 |02-12 19:45:27
  6   6  83   0   0   5|   0     0 | 510k   15M|   0     0 | 996  4579 |02-12 19:45:28
  4   6  86   0   0   4|   0     0 | 499k   15M|   0     0 |1060  4356 |02-12 19:45:29
  6   7  83   0   0   5|   0     0 | 526k   15M|   0     0 |1109  4705 |02-12 19:45:30
  6   7  83   0   0   5|   0     0 | 523k   15M|   0     0 |1118  4456 |02-12 19:45:31
  5   5  85   0   0   5|   0     0 | 510k   15M|   0     0 |1196  4723 |02-12 19:45:32
  3   6  86   0   0   5|   0     0 | 522k   15M|   0     0 |1156  4631 |02-12 19:45:33
  5   5  73  12   0   5|   0    52k| 519k   15M|   0     0 | 930  4161 |02-12 19:45:34
  3   4  87   0   0   6|   0     0 | 517k   15M|   0     0 |1137  4352 |02-12 19:45:35
  4   4  86   0   0   5|   0     0 | 524k   15M|   0     0 |1023  4251 |02-12 19:45:36
  4   7  85   0   0   5|   0    44k| 506k   15M|   0     0 | 982  4470 |02-12 19:45:37
  4   7  84   0   0   5|   0     0 | 520k   15M|   0     0 |1162  4368 |02-12 19:45:38
  3   7  85   0   0   6|   0     0 | 509k   15M|   0     0 | 935  4345 |02-12 19:45:39
  7   7  83   0   0   4|   0     0 | 512k   15M|   0     0 |1035  4128 |02-12 19:45:40
  6   7  83   0   0   5|   0     0 | 510k   15M|   0     0 | 952  4426 |02-12 19:45:41
  4   4  88   0   0   4|   0  4096B| 524k   15M|   0     0 | 985  4267 |02-12 19:45:42
  4   5  86   0   0   5|   0     0 | 518k   15M|   0     0 |1056  4394 |02-12 19:45:43
  4   5  85   0   0   6|   0     0 | 505k   15M|   0     0 |1026  4165 |02-12 19:45:44
  6   7  83   0   0   4|   0     0 | 516k   15M|   0     0 |1104  4537 |02-12 19:45:45
  6   8  83   0   0   3|   0     0 | 489k   14M|   0     0 | 975  3946 |02-12 19:45:46
  4   6  85   0   0   6|   0  4096B| 515k   15M|   0     0 | 959  3856 |02-12 19:45:47
  3   5  87   0   0   5|   0     0 | 519k   15M|   0     0 |1118  4500 |02-12 19:45:48
  4   8  85   0   0   4|   0     0 | 510k   15M|   0     0 |1085  4130 |02-12 19:45:49
  4   6  85   0   0   5|   0     0 | 537k   16M|   0     0 |1132  4698 |02-12 19:45:50
  5   7  81   0   0   7|   0     0 | 520k   15M|   0     0 |1086  4256 |02-12 19:45:51
  5   6  86   0   0   2|   0     0 | 510k   15M|   0     0 |1021  4197 |02-12 19:45:52
  5   7  84   0   0   4|   0     0 | 516k   15M|   0     0 |1093  4409 |02-12 19:45:53
  6   7  85   0   0   3|   0     0 | 525k   15M|   0     0 | 999  4287 |02-12 19:45:54
  3   6  87   0   0   4|   0     0 | 510k   15M|   0     0 |1038  4117 |02-12 19:45:55
  5   7  82   0   0   6|   0     0 | 535k   16M|   0     0 |1064  4274 |02-12 19:45:56
  4   6  85   0   0   5|   0  8192B| 529k   15M|   0     0 | 968  4234 |02-12 19:45:57
  4   6  86   0   0   4|   0     0 | 524k   15M|   0     0 |1045  4234 |02-12 19:45:58
  6   7  84   0   0   4|   0     0 | 518k   15M|   0     0 |1085  4157 |02-12 19:45:59
  4   6  86   0   0   5|   0     0 | 539k   16M|   0     0 |1075  4505 |02-12 19:46:00
  5   7  83   0   0   6|   0     0 | 524k   15M|   0     0 |1106  4151 |02-12 19:46:01
  3   6  85   0   0   6|   0     0 | 525k   15M|   0     0 |1112  4257 |02-12 19:46:02
  5   7  82   0   0   6|   0     0 | 516k   15M|   0     0 |1090  4371 |02-12 19:46:03
  4   8  85   1   0   2|   0    24k| 523k   15M|   0     0 | 983  4046 |02-12 19:46:04
  4   6  87   0   0   3|   0     0 | 493k   14M|   0     0 | 829  3444 |02-12 19:46:05
  4   9  83   0   0   4|   0     0 | 507k   15M|   0     0 | 990  4017 |02-12 19:46:06
  4   6  83   0   0   7|   0     0 | 507k   15M|   0     0 |1016  4226 |02-12 19:46:07
  6   6  85   0   0   3|   0     0 | 522k   15M|   0     0 |1082  4421 |02-12 19:46:08
  3   6  85   0   0   6|   0     0 | 519k   15M|   0     0 |1073  4180 |02-12 19:46:09
  4   6  85   0   0   5|   0     0 | 529k   16M|   0     0 |1067  4194 |02-12 19:46:10
  5   8  84   0   0   4|   0     0 | 516k   15M|   0     0 |1162  4275 |02-12 19:46:11
  4   6  86   0   0   5|   0     0 | 526k   15M|   0     0 |1041  4289 |02-12 19:46:12
  2   6  87   0   0   5|   0     0 | 532k   16M|   0     0 |1135  4448 |02-12 19:46:13
  4   8  83   0   0   5|   0     0 | 496k   14M|   0     0 |1091  4020 |02-12 19:46:14
  3   6  85   0   0   6|   0     0 | 525k   15M|   0     0 |1120  4507 |02-12 19:46:15
  4   9  81   0   0   5|   0     0 | 516k   15M|   0     0 |1100  4236 |02-12 19:46:16
  4   5  87   0   0   4|   0     0 | 498k   14M|   0     0 |1027  4078 |02-12 19:46:17
  3   6  86   0   0   4|   0  8192B| 518k   15M|   0     0 |1054  4452 |02-12 19:46:18
  4   6  85   0   0   4|   0     0 | 523k   15M|   0     0 |1165  4360 |02-12 19:46:19
  4   6  86   0   0   4|   0     0 | 534k   15M|   0     0 |1066  4515 |02-12 19:46:20
  5   7  83   0   0   5|   0     0 | 527k   15M|   0     0 |1149  4423 |02-12 19:46:21
  4   4  87   0   0   5|   0     0 | 523k   15M|   0     0 |1126  4694 |02-12 19:46:22
  5   5  85   0   0   5|   0     0 | 522k   15M|   0     0 |1000  4250 |02-12 19:46:23
  4   8  83   0   0   5|   0     0 | 513k   15M|   0     0 | 984  4161 |02-12 19:46:24
  2   3  93   0   0   2|   0     0 | 240k 7075k|   0     0 | 448  1880 |02-12 19:46:25
  1   0  99   0   0   0|   0     0 |  10k 7386B|   0     0 |  63   290 |02-12 19:46:26
  0   0 100   0   0   0|   0     0 |   0     0 |   0     0 |  23    50 |02-12 19:46:27
  0   0 100   0   0   0|   0     0 |   0     0 |   0     0 |  24    41 |02-12 19:46:28
  1   1  99   0   0   0|   0     0 |5422B 2788B|   0     0 |  27    64 |02-12 19:46:29
  1   1  99   0   0   0|   0     0 |2246B 2354B|   0     0 |  46   103 |02-12 19:46:30
  0   0  99   0   0   0|   0     0 |   0     0 |   0     0 |  33    79 |02-12 19:46:31
  0   1 100   0   0   0|   0     0 |5422B 2788B|   0     0 |  24    68 |02-12 19:46:32
  0   0 100   0   0   0|   0  8192B|4224B 4224B|   0     0 |  22    41 |02-12 19:46:33
  1   1  98   0   0   0|   0     0 |2153B 2093B|   0     0 |  37    86 |02-12 19:46:34
  8   4  86   2   0   1|   0    32k|8390B 5470B|   0     0 | 197   672 |02-12 19:46:35
  0   1  99   0   0   0|   0     0 |   0     0 |   0     0 |  36    71 |02-12 19:46:36
  0   0 100   0   0   0|   0     0 |   0     0 |   0     0 |  24    47 |02-12 19:46:37
  0   0 100   0   0   0|   0    16k|5422B 2788B|   0     0 |  28    71 |02-12 19:46:38
  0   0 100   0   0   0|   0     0 |   0     0 |   0     0 |  23    45 |02-12 19:46:39
  0   0 100   0   0   0|   0     0 |   0     0 |   0     0 |  18    29 |02-12 19:46:40
  1   1  99   0   0   0|   0     0 |5422B 2788B|   0     0 |  44   106 |02-12 19:46:41
  9   3  89   0   0   0|   0     0 |3621B 2761B|   0     0 | 191   490 |02-12 19:46:42
