[7l----total-cpu-usage---- -dsk/total- -net/total- ---paging-- ---system-- ----system----
usr sys idl wai hiq siq| read  writ| recv  send|  in   out | int   csw |     time     
  2   2  93   0   0   2|  27k   68k|   0     0 |   0     0 | 463  1779 |02-12 19:55:58
  0   0 100   0   0   0|   0     0 | 102B   66B|   0     0 |  20    54 |02-12 19:55:59
  1   0  99   0   0   0|   0     0 |5422B 2788B|   0     0 |  21    58 |02-12 19:56:00
  0   0 100   0   0   0|   0     0 |   0     0 |   0     0 |  18    27 |02-12 19:56:01
  0   0 100   0   0   0|   0     0 |   0     0 |   0     0 |  19    27 |02-12 19:56:02
  1   0  99   0   0   0|   0     0 |5422B 2788B|   0     0 |  35    99 |02-12 19:56:03
  0   0 100   0   0   0|   0  8192B|   0     0 |   0     0 |  18    27 |02-12 19:56:04
  0   0 100   0   0   0|   0     0 |   0     0 |   0     0 |  18    25 |02-12 19:56:05
  2   0  98   0   0   0|   0     0 |7575B 4705B|   0     0 |  33   121 |02-12 19:56:06
  8   3  89   0   0   0|   0     0 |  12k  273k|   0     0 | 198   563 |02-12 19:56:07
  3   4  88   0   0   6|   0     0 | 307k 9192k|   0     0 | 772  3026 |02-12 19:56:08
  4   5  87   0   0   5|   0     0 | 413k   12M|   0     0 | 926  4168 |02-12 19:56:09
  3   5  85   0   0   6|   0     0 | 416k   12M|   0     0 | 819  3735 |02-12 19:56:10
  5   4  86   0   0   5|   0     0 | 428k   13M|   0     0 |1000  3918 |02-12 19:56:11
  3   2  90   0   0   4|   0     0 | 416k   12M|   0     0 | 892  3686 |02-12 19:56:12
  3   6  88   0   0   4|   0     0 | 424k   12M|   0     0 | 892  3801 |02-12 19:56:13
  3   4  88   0   0   5|   0  8192B| 425k   12M|   0     0 | 972  3866 |02-12 19:56:14
  4   4  90   0   0   3|   0     0 | 429k   12M|   0     0 | 922  3985 |02-12 19:56:15
  3   6  87   0   0   4|   0     0 | 409k   12M|   0     0 | 916  3741 |02-12 19:56:16
  2   5  90   0   0   4|   0     0 | 428k   13M|   0     0 | 928  3885 |02-12 19:56:17
  4   6  86   0   0   5|   0     0 | 400k   12M|   0     0 | 856  3574 |02-12 19:56:18
  3   5  86   2   0   4|   0    48k| 401k   12M|   0     0 | 920  3773 |02-12 19:56:19
  4   5  88   0   0   4|   0    64k| 445k   13M|   0     0 | 984  4066 |02-12 19:56:20
  4   6  88   0   0   3|   0     0 | 418k   12M|   0     0 | 943  3848 |02-12 19:56:21
  3   5  90   0   0   2|   0     0 | 403k   12M|   0     0 | 958  3578 |02-12 19:56:22
  3   5  89   0   0   3|   0     0 | 401k   12M|   0     0 | 815  3180 |02-12 19:56:23
  4   5  88   0   0   3|   0     0 | 432k   12M|   0     0 | 905  3722 |02-12 19:56:24
  3   4  90   0   0   3|   0     0 | 407k   12M|   0     0 | 844  3377 |02-12 19:56:25
  2   7  88   0   0   4|   0     0 | 433k   13M|   0     0 | 907  3538 |02-12 19:56:26
  3   3  88   0   0   6|   0     0 | 429k   12M|   0     0 | 874  3550 |02-12 19:56:27
  4   5  89   0   0   3|   0     0 | 398k   12M|   0     0 | 849  3658 |02-12 19:56:28
  3   6  88   0   0   4|   0     0 | 425k   12M|   0     0 | 920  3890 |02-12 19:56:29
  4   3  87   0   0   6|   0  4096B| 436k   13M|   0     0 | 999  3989 |02-12 19:56:30
  4   6  87   0   0   4|   0     0 | 398k   12M|   0     0 | 830  3374 |02-12 19:56:31
  3   5  88   0   0   4|   0     0 | 440k   13M|   0     0 | 974  3846 |02-12 19:56:32
  3   6  87   0   0   4|   0     0 | 422k   12M|   0     0 | 918  3639 |02-12 19:56:33
  2   5  88   0   0   5|   0     0 | 424k   12M|   0     0 | 928  3815 |02-12 19:56:34
  3   6  87   0   0   5|   0     0 | 431k   13M|   0     0 | 853  3796 |02-12 19:56:35
  2   4  88   0   0   6|   0     0 | 435k   13M|   0     0 | 856  3677 |02-12 19:56:36
  4   5  86   0   0   5|   0     0 | 419k   12M|   0     0 | 892  3807 |02-12 19:56:37
  3   6  87   0   0   4|   0     0 | 419k   12M|   0     0 | 895  3743 |02-12 19:56:38
  3   5  87   0   0   5|   0     0 | 431k   13M|   0     0 |1013  3965 |02-12 19:56:39
  4   6  86   0   0   5|   0    20k| 441k   13M|   0     0 | 990  3684 |02-12 19:56:40
  3   5  89   0   0   4|   0     0 | 426k   12M|   0     0 | 966  3796 |02-12 19:56:41
  3   6  88   0   0   4|   0     0 | 428k   13M|   0     0 | 987  3897 |02-12 19:56:42
  5   7  82   0   0   6|   0     0 | 436k   13M|   0     0 |1001  3916 |02-12 19:56:43
  1   5  90   0   0   4|   0     0 | 405k   12M|   0     0 | 921  3446 |02-12 19:56:44
  3   6  86   0   0   5|   0     0 | 428k   12M|   0     0 |1043  3992 |02-12 19:56:45
  5   6  86   0   0   4|   0     0 | 422k   12M|   0     0 | 906  3539 |02-12 19:56:46
  3   4  90   0   0   3|   0     0 | 417k   12M|   0     0 | 882  3316 |02-12 19:56:47
  4   5  89   0   0   3|   0     0 | 417k   12M|   0     0 | 984  3875 |02-12 19:56:48
  3   7  86   1   0   3|   0    64k| 420k   12M|   0     0 | 945  3827 |02-12 19:56:49
  4   5  87   0   0   4|   0     0 | 410k   12M|   0     0 | 871  3587 |02-12 19:56:50
  3   5  87   0   0   6|   0     0 | 419k   12M|   0     0 | 856  3743 |02-12 19:56:51
  3   5  89   0   0   4|   0     0 | 438k   13M|   0     0 | 920  3741 |02-12 19:56:52
  5   5  86   0   0   4|   0     0 | 408k   12M|   0     0 | 819  3482 |02-12 19:56:53
  3   6  87   0   0   5|   0     0 | 422k   12M|   0     0 | 913  3983 |02-12 19:56:54
  4   5  85   0   0   6|   0     0 | 437k   13M|   0     0 | 914  3749 |02-12 19:56:55
  2   6  88   0   0   5|   0     0 | 416k   12M|   0     0 | 861  3634 |02-12 19:56:56
  3   4  89   0   0   5|   0     0 | 418k   12M|   0     0 | 828  3501 |02-12 19:56:57
  5   4  87   0   0   4|   0     0 | 433k   13M|   0     0 | 883  3630 |02-12 19:56:58
  3   5  89   0   0   4|   0     0 | 398k   12M|   0     0 | 914  3472 |02-12 19:56:59
  3   6  87   0   0   4|   0     0 | 424k   12M|   0     0 | 917  3696 |02-12 19:57:00
  3   5  89   0   0   4|   0  8192B| 426k   12M|   0     0 | 872  3505 |02-12 19:57:01
  3   5  88   0   0   4|   0     0 | 422k   12M|   0     0 | 929  3685 |02-12 19:57:02
  4   4  89   0   0   4|   0     0 | 406k   12M|   0     0 |1054  3839 |02-12 19:57:03
  4   9  85   0   0   3|   0     0 | 431k   12M|   0     0 | 893  3589 |02-12 19:57:04
  3   5  88   0   0   4|   0     0 | 410k   12M|   0     0 | 922  3715 |02-12 19:57:05
  3   5  88   0   0   5|   0     0 | 406k   12M|   0     0 | 811  3594 |02-12 19:57:06
  5   4  85   0   0   6|   0     0 | 425k   12M|   0     0 | 817  3477 |02-12 19:57:07
  0   1  99   0   0   0|   0     0 | 360B  132B|   0     0 |  39   203 |02-12 19:57:08
  0   0 100   0   0   0|   0     0 |   0     0 |   0     0 |  34    82 |02-12 19:57:09
  0   0  99   0   0   0|   0     0 |5422B 2788B|   0     0 |  27    64 |02-12 19:57:10
  0   0 100   0   0   0|   0    16k|   0     0 |   0     0 |  20    49 |02-12 19:57:11
  0   0 100   0   0   0|   0     0 |   0     0 |   0     0 |  23    37 |02-12 19:57:12
  1   0 100   0   0   0|   0     0 |5422B 2788B|   0     0 |  26    65 |02-12 19:57:13
  0   1 100   0   0   0|   0     0 |   0     0 |   0     0 |  32    71 |02-12 19:57:14
  0   0 100   0   0   0|   0     0 |2112B 2112B|   0     0 |  23    39 |02-12 19:57:15
  1   0  99   0   0   0|   0     0 |5422B 2788B|   0     0 |  24    85 |02-12 19:57:16
  0   0 100   0   0   0|   0     0 |2112B 2112B|   0     0 |  23    45 |02-12 19:57:17
  0   0 100   0   0   0|   0     0 |   0     0 |   0     0 |  23    47 |02-12 19:57:18
  1   0  99   0   0   0|   0     0 |5422B 2788B|   0     0 |  33   106 |02-12 19:57:19
  0   0  98   2   0   0|   0    24k|   0     0 |   0     0 |  22    54 |02-12 19:57:20
  0   0 100   0   0   0|   0    56k|   0     0 |   0     0 |  22    45 |02-12 19:57:21
  3   2  95   0   0   0|   0     0 |9287B 6195B|   0     0 | 131   388 |02-12 19:57:22
  7   3  91   0   0   0|   0     0 |1568B 1826B|   0     0 | 119   442 |02-12 19:57:23
  0   0  99   0   0   0|   0     0 |   0     0 |   0     0 |  29    70 |02-12 19:57:24
  1   0  99   0   0   0|   0     0 |5422B 2788B|   0     0 |  20    61 |02-12 19:57:25
  0   0 100   0   0   0|   0     0 |   0     0 |   0     0 |  18    27 |02-12 19:57:26
  0   0 100   0   0   0|   0     0 |   0     0 |   0     0 |  19    40 |02-12 19:57:27
  0   0 100   0   0   0|   0     0 |5422B 2788B|   0     0 |  22    63 |02-12 19:57:28
  1   0 100   0   0   0|   0     0 |   0     0 |   0     0 |  34    84 |02-12 19:57:29
  0   0 100   0   0   0|   0     0 |   0     0 |   0     0 |  18    25 |02-12 19:57:30
  1   1  98   0   0   0|   0     0 |8101B 8354B|   0     0 |  48   158 |02-12 19:57:31
  0   0 100   0   0   0|   0     0 |   0     0 |   0     0 |  22    40 |02-12 19:57:32
  0   0 100   0   0   0|   0     0 |   0     0 |   0     0 |  23    37 |02-12 19:57:33
  1   1  99   0   0   0|   0     0 |5422B 2788B|   0     0 |  38   116 |02-12 19:57:34
  0   0 100   0   0   0|   0     0 |   0     0 |   0     0 |  20    31 |02-12 19:57:35
  0   0 100   0   0   0|   0  8192B|   0     0 |   0     0 |  19    30 |02-12 19:57:36
  0   0 100   0   0   0|   0     0 |5422B 2788B|   0     0 |  24    88 |02-12 19:57:37
  0   0 100   0   0   0|   0     0 |  74B   74B|   0     0 |  23    47 |02-12 19:57:38
  2   1  98   0   0   0|   0     0 |2021B 2093B|   0     0 |  42   123 |02-12 19:57:39
 10   4  85   0   0   1|   0     0 |  97k 2675k|   0     0 | 358  1388 |02-12 19:57:40
  4   4  87   0   0   6|   0  4096B| 418k   12M|   0     0 | 986  4102 |02-12 19:57:41
  3   4  90   0   0   4|   0     0 | 406k   12M|   0     0 | 859  3599 |02-12 19:57:42
  4   7  84   0   0   5|   0     0 | 435k   13M|   0     0 | 959  4072 |02-12 19:57:43
  4   6  86   0   0   5|   0     0 | 421k   12M|   0     0 | 834  3663 |02-12 19:57:44
  1   6  88   0   0   6|   0     0 | 419k   12M|   0     0 | 922  3872 |02-12 19:57:45
  4   6  86   0   0   5|   0     0 | 420k   12M|   0     0 | 806  3457 |02-12 19:57:46
  2   5  90   0   0   4|   0     0 | 417k   12M|   0     0 | 835  3488 |02-12 19:57:47
  5   5  87   0   0   3|   0     0 | 424k   12M|   0     0 | 972  3836 |02-12 19:57:48
  2   7  85   0   0   7|   0     0 | 426k   12M|   0     0 | 824  3511 |02-12 19:57:49
  2   4  91   0   0   3|   0     0 | 419k   12M|   0     0 | 867  3569 |02-12 19:57:50
  2   5  77  11   0   6|   0    60k| 414k   12M|   0     0 | 902  3708 |02-12 19:57:51
  4   7  87   0   0   3|   0     0 | 428k   12M|   0     0 | 963  4000 |02-12 19:57:52
  4   6  86   0   0   5|   0     0 | 414k   12M|   0     0 | 882  3778 |02-12 19:57:53
  3   5  89   0   0   4|   0     0 | 407k   12M|   0     0 | 811  3496 |02-12 19:57:54
  4   4  88   0   0   4|   0     0 | 431k   12M|   0     0 | 868  3529 |02-12 19:57:55
  2   4  90   0   0   5|   0     0 | 435k   13M|   0     0 | 983  3921 |02-12 19:57:56
  3   4  89   0   0   5|   0  4096B| 415k   12M|   0     0 | 890  3696 |02-12 19:57:57
  3   5  87   0   0   5|   0     0 | 422k   12M|   0     0 | 879  3761 |02-12 19:57:58
  4   6  87   0   0   3|   0     0 | 416k   12M|   0     0 | 832  3364 |02-12 19:57:59
  3   5  89   0   0   4|   0     0 | 420k   12M|   0     0 | 912  3760 |02-12 19:58:00
  2   6  88   0   0   4|   0     0 | 423k   12M|   0     0 | 956  3900 |02-12 19:58:01
  4   4  87   0   0   5|   0     0 | 426k   12M|   0     0 | 919  3907 |02-12 19:58:02
  3   4  90   0   0   4|   0     0 | 398k   12M|   0     0 | 864  3692 |02-12 19:58:03
  3   6  88   0   0   4|   0     0 | 445k   13M|   0     0 | 873  3759 |02-12 19:58:04
  4   4  88   0   0   5|   0     0 | 444k   13M|   0     0 | 875  3684 |02-12 19:58:05
  3   4  90   0   0   3|   0     0 | 408k   12M|   0     0 | 768  3259 |02-12 19:58:06
  3   7  87   0   0   4|   0  4096B| 417k   12M|   0     0 | 809  3350 |02-12 19:58:07
  3   4  90   0   0   3|   0     0 | 417k   12M|   0     0 | 785  3458 |02-12 19:58:08
  2   4  89   0   0   5|   0     0 | 403k   12M|   0     0 | 813  3257 |02-12 19:58:09
  4   8  83   0   0   4|   0     0 | 414k   12M|   0     0 | 859  3338 |02-12 19:58:10
  4   5  87   0   0   5|   0     0 | 427k   12M|   0     0 | 848  3368 |02-12 19:58:11
  3   4  89   0   0   4|   0    16k| 425k   12M|   0     0 | 864  3450 |02-12 19:58:12
  4   5  86   0   0   5|   0     0 | 447k   13M|   0     0 | 925  3576 |02-12 19:58:13
  3   7  87   0   0   4|   0     0 | 416k   12M|   0     0 | 871  3514 |02-12 19:58:14
  3   6  86   0   0   6|   0     0 | 419k   12M|   0     0 | 907  3741 |02-12 19:58:15
  3   5  89   0   0   4|   0     0 | 407k   12M|   0     0 | 923  3585 |02-12 19:58:16
  4   6  87   0   0   4|   0     0 | 426k   12M|   0     0 | 924  3739 |02-12 19:58:17
  3   6  87   0   0   5|   0     0 | 406k   12M|   0     0 | 883  3679 |02-12 19:58:18
  6   5  86   0   0   3|   0     0 | 412k   12M|   0     0 | 937  3716 |02-12 19:58:19
  4   3  87   0   0   7|   0     0 | 430k   12M|   0     0 | 900  3692 |02-12 19:58:20
  3   5  87   1   0   4|   0    20k| 414k   12M|   0     0 | 862  3555 |02-12 19:58:21
  4   5  86   0   0   6|   0    48k| 416k   12M|   0     0 | 925  3874 |02-12 19:58:22
  4   5  87   0   0   4|   0     0 | 444k   13M|   0     0 | 874  3698 |02-12 19:58:23
  4   5  88   0   0   3|   0     0 | 400k   12M|   0     0 | 843  3648 |02-12 19:58:24
  3   5  87   0   0   5|   0     0 | 431k   13M|   0     0 | 881  3731 |02-12 19:58:25
  4   3  89   0   0   3|   0     0 | 428k   12M|   0     0 | 839  3586 |02-12 19:58:26
  3   7  88   0   0   3|   0     0 | 412k   12M|   0     0 | 939  3712 |02-12 19:58:27
  3   4  87   0   0   6|   0     0 | 434k   13M|   0     0 | 966  3901 |02-12 19:58:28
  5   6  85   0   0   4|   0     0 | 420k   12M|   0     0 | 896  3816 |02-12 19:58:29
  3   5  90   0   0   3|   0     0 | 405k   12M|   0     0 | 859  3509 |02-12 19:58:30
  4   7  86   0   0   3|   0     0 | 419k   12M|   0     0 | 921  3879 |02-12 19:58:31
  4   5  87   0   0   4|   0     0 | 420k   12M|   0     0 | 939  3853 |02-12 19:58:32
  3   6  87   0   0   4|   0    16k| 417k   12M|   0     0 | 897  3748 |02-12 19:58:33
  3   4  90   0   0   3|   0     0 | 396k   12M|   0     0 | 844  3462 |02-12 19:58:34
  4   4  88   0   0   5|   0     0 | 436k   13M|   0     0 | 914  3988 |02-12 19:58:35
  3   5  89   0   0   4|   0     0 | 408k   12M|   0     0 | 846  3510 |02-12 19:58:36
  3   6  89   0   0   3|   0     0 | 413k   12M|   0     0 | 907  3789 |02-12 19:58:37
  3   5  89   0   0   3|   0     0 | 418k   12M|   0     0 | 838  3522 |02-12 19:58:38
  3   5  88   0   0   5|   0     0 | 468k   14M|   0     0 | 879  3739 |02-12 19:58:39
  5   6  85   0   0   4|   0     0 | 682k   20M|   0     0 | 835  3201 |02-12 19:58:40
  1   1  99   0   0   1|   0     0 |9940B 7386B|   0     0 |  57   305 |02-12 19:58:41
  0   0 100   0   0   0|   0     0 |  66B    0 |   0     0 |  23    47 |02-12 19:58:42
  0   0 100   0   0   0|   0     0 |   0     0 |   0     0 |  23    42 |02-12 19:58:43
  1   1  99   0   0   0|   0     0 |5422B 2788B|   0     0 |  37   110 |02-12 19:58:44
  0   0 100   0   0   0|   0     0 | 168B  192B|   0     0 |  19    36 |02-12 19:58:45
  0   0 100   0   0   0|   0     0 |   0     0 |   0     0 |  18    25 |02-12 19:58:46
  0   0 100   0   0   0|   0     0 |5422B 2788B|   0     0 |  25    69 |02-12 19:58:47
  0   0 100   0   0   0|   0     0 |2112B 2112B|   0     0 |  18    23 |02-12 19:58:48
  0   0 100   0   0   0|   0     0 |   0     0 |   0     0 |  34    74 |02-12 19:58:49
  1   0 100   0   0   0|   0     0 |7534B 4900B|   0     0 |  27    74 |02-12 19:58:50
  0   0 100   0   0   0|   0     0 |   0     0 |   0     0 |  23    45 |02-12 19:58:51
  0   0  99   1   0   0|   0    44k|   0     0 |   0     0 |  22    51 |02-12 19:58:52
  1   2  97   0   0   0|   0     0 |8865B 5483B|   0     0 | 112   356 |02-12 19:58:53
  8   4  88   0   0   0|   0     0 |1568B 1826B|   0     0 | 146   516 |02-12 19:58:54
  0   0 100   0   0   0|   0     0 |   0     0 |   0     0 |  23    52 |02-12 19:58:55
  0   0 100   0   0   0|   0     0 |5422B 2788B|   0     0 |  24    67 |02-12 19:58:56
  0   0 100   0   0   0|   0     0 |   0     0 |   0     0 |  24    53 |02-12 19:58:57
  0   0 100   0   0   0|   0     0 |   0     0 |   0     0 |  23    47 |02-12 19:58:58
  0   1  99   0   0   0|   0     0 |5422B 2788B|   0     0 |  35   112 |02-12 19:58:59
  0   0 100   0   0   0|   0     0 |   0     0 |   0     0 |  21    35 |02-12 19:59:00
  0   0 100   0   0   0|   0     0 |   0     0 |   0     0 |  24    40 |02-12 19:59:01
  1   0  99   0   0   0|   0     0 |5422B 2788B|   0     0 |  25    65 |02-12 19:59:02
  0   0 100   0   0   0|   0     0 |   0     0 |   0     0 |  21    43 |02-12 19:59:03
  1   0  99   0   0   0|   0    20k|   0     0 |   0     0 |  34    78 |02-12 19:59:04
  1   0 100   0   0   0|   0     0 |5422B 2788B|   0     0 |  28    63 |02-12 19:59:05
  0   0 100   0   0   0|   0     0 |   0     0 |   0     0 |  22    37 |02-12 19:59:06
  0   0 100   0   0   0|   0     0 | 313B 1289B|   0     0 |  33    78 |02-12 19:59:07
  8   5  88   0   0   0|   0     0 |8906B 5630B|   0     0 | 192   560 |02-12 19:59:08
  4   6  86   0   0   5|   0     0 | 356k   10M|   0     0 | 833  3462 |02-12 19:59:09
  4   5  88   0   0   3|   0     0 | 403k   12M|   0     0 | 934  3663 |02-12 19:59:10
  5   4  88   0   0   4|   0     0 | 429k   12M|   0     0 | 975  3708 |02-12 19:59:11
  3   6  86   0   0   5|   0     0 | 428k   13M|   0     0 | 975  3712 |02-12 19:59:12
  2   4  89   0   0   5|   0     0 | 440k   13M|   0     0 | 925  3879 |02-12 19:59:13
  4   4  88   0   0   4|   0  8192B| 413k   12M|   0     0 | 885  3774 |02-12 19:59:14
  3   6  88   0   0   4|   0     0 | 451k   13M|   0     0 |1067  4085 |02-12 19:59:15
  4   6  87   0   0   3|   0     0 | 409k   12M|   0     0 | 911  3561 |02-12 19:59:16
  4   7  86   0   0   4|   0     0 | 428k   12M|   0     0 | 889  3804 |02-12 19:59:17
  2   3  92   0   0   2|   0     0 | 420k   12M|   0     0 | 881  3747 |02-12 19:59:18
  4   4  88   0   0   4|   0     0 | 421k   12M|   0     0 | 825  3834 |02-12 19:59:19
  4   4  88   0   0   4|   0     0 | 418k   12M|   0     0 | 886  3650 |02-12 19:59:20
  4   4  89   0   0   4|   0     0 | 426k   12M|   0     0 | 838  3591 |02-12 19:59:21
  3   5  88   0   0   4|   0     0 | 421k   12M|   0     0 | 874  3908 |02-12 19:59:22
  2   5  88   2   0   4|   0    48k| 431k   13M|   0     0 | 961  3995 |02-12 19:59:23
  3   3  90   0   0   3|   0     0 | 417k   12M|   0     0 | 816  3469 |02-12 19:59:24
  3   5  88   0   0   4|   0    60k| 443k   13M|   0     0 | 885  3785 |02-12 19:59:25
  3   6  87   0   0   5|   0     0 | 442k   13M|   0     0 | 987  3845 |02-12 19:59:26
  3   5  88   0   0   4|   0     0 | 422k   12M|   0     0 | 853  3549 |02-12 19:59:27
  4   5  87   0   0   4|   0     0 | 436k   13M|   0     0 | 929  3687 |02-12 19:59:28
  3   7  87   0   0   4|   0     0 | 409k   12M|   0     0 | 966  3682 |02-12 19:59:29
  3   6  88   0   0   4|   0     0 | 428k   12M|   0     0 | 943  3799 |02-12 19:59:30
  3   5  89   0   0   4|   0     0 | 417k   12M|   0     0 | 942  3692 |02-12 19:59:31
  5   7  83   0   0   5|   0     0 | 439k   13M|   0     0 | 929  3853 |02-12 19:59:32
  5   4  87   0   0   4|   0     0 | 464k   13M|   0     0 | 947  4079 |02-12 19:59:33
  4   5  87   0   0   4|   0     0 | 422k   12M|   0     0 | 918  3759 |02-12 19:59:34
  3   5  87   0   0   5|   0  8192B| 431k   13M|   0     0 | 995  3995 |02-12 19:59:35
  3   6  87   0   0   4|   0     0 | 434k   13M|   0     0 | 934  3774 |02-12 19:59:36
  2   5  87   0   0   6|   0     0 | 426k   12M|   0     0 | 924  3732 |02-12 19:59:37
  3   5  88   0   0   4|   0     0 | 433k   13M|   0     0 | 902  3553 |02-12 19:59:38
  2   3  91   0   0   4|   0     0 | 438k   13M|   0     0 | 940  3864 |02-12 19:59:39
  3   4  89   0   0   4|   0    16k| 442k   13M|   0     0 | 860  3642 |02-12 19:59:40
  3   5  89   0   0   3|   0     0 | 437k   13M|   0     0 | 900  3737 |02-12 19:59:41
  3   5  88   0   0   5|   0     0 | 441k   13M|   0     0 | 960  3658 |02-12 19:59:42
  4   6  88   0   0   3|   0     0 | 448k   13M|   0     0 | 924  3693 |02-12 19:59:43
  4   4  88   0   0   5|   0     0 | 408k   12M|   0     0 | 830  3333 |02-12 19:59:44
  3   6  87   0   0   5|   0     0 | 449k   13M|   0     0 | 992  4172 |02-12 19:59:45
  3   4  88   0   0   5|   0     0 | 418k   12M|   0     0 | 991  3889 |02-12 19:59:46
  5   5  86   0   0   5|   0     0 | 422k   12M|   0     0 | 872  3692 |02-12 19:59:47
  4   5  89   0   0   3|   0     0 | 427k   12M|   0     0 | 936  3852 |02-12 19:59:48
  3   6  88   0   0   4|   0     0 | 423k   12M|   0     0 | 861  3450 |02-12 19:59:49
  3   6  88   0   0   4|   0     0 | 418k   12M|   0     0 | 949  3650 |02-12 19:59:50
  3   7  86   0   0   5|   0     0 | 420k   12M|   0     0 | 954  3725 |02-12 19:59:51
  4   5  86   0   0   5|   0     0 | 433k   13M|   0     0 | 965  3949 |02-12 19:59:52
  3   6  87   2   0   3|   0    44k| 421k   12M|   0     0 | 875  3381 |02-12 19:59:53
  3   7  86   0   0   5|   0     0 | 438k   13M|   0     0 | 922  3653 |02-12 19:59:54
  3   5  87   0   0   5|   0     0 | 415k   12M|   0     0 | 846  3535 |02-12 19:59:55
  2   5  89   0   0   4|   0     0 | 415k   12M|   0     0 | 918  3613 |02-12 19:59:56
  5   6  86   0   0   4|   0     0 | 433k   13M|   0     0 | 838  3585 |02-12 19:59:57
  3   5  89   0   0   3|   0     0 | 429k   13M|   0     0 | 819  3447 |02-12 19:59:58
  4   6  87   0   0   4|   0     0 | 401k   12M|   0     0 | 980  3621 |02-12 19:59:59
  4   5  88   0   0   3|   0     0 | 411k   12M|   0     0 | 863  3464 |02-12 20:00:00
  3   4  89   0   0   4|   0     0 | 417k   12M|   0     0 | 807  3452 |02-12 20:00:01
  3   4  91   0   0   3|   0     0 | 414k   12M|   0     0 | 974  3751 |02-12 20:00:02
  4   4  88   0   0   4|   0     0 | 434k   13M|   0     0 | 962  3754 |02-12 20:00:03
  4   7  84   0   0   5|   0     0 | 432k   13M|   0     0 | 897  3545 |02-12 20:00:04
  3   5  87   0   0   6|   0     0 | 431k   13M|   0     0 | 921  3742 |02-12 20:00:05
  6   4  87   0   0   3|   0  8192B| 457k   13M|   0     0 |1013  3877 |02-12 20:00:06
  4   5  87   0   0   5|   0     0 | 439k   13M|   0     0 | 975  3662 |02-12 20:00:07
  2   7  85   0   0   6|   0     0 | 540k   16M|   0     0 | 954  3666 |02-12 20:00:08
  1   2  96   0   0   0|   0     0 |  44k 1033k|   0     0 | 108   458 |02-12 20:00:09
  0   0 100   0   0   0|   0     0 |   0     0 |   0     0 |  21    31 |02-12 20:00:10
  0   0 100   0   0   0|   0    16k|   0     0 |   0     0 |  22    46 |02-12 20:00:11
  1   0  99   0   0   0|   0     0 |5422B 2788B|   0     0 |  27    58 |02-12 20:00:12
  0   0 100   0   0   0|   0     0 |   0     0 |   0     0 |  23    26 |02-12 20:00:13
  0   1  99   0   0   0|   0     0 |   0     0 |   0     0 |  38    68 |02-12 20:00:14
  0   0  99   0   0   0|   0     0 |5422B 2788B|   0     0 |  28    74 |02-12 20:00:15
  0   0 100   0   0   0|   0     0 |2112B 2112B|   0     0 |  25    49 |02-12 20:00:16
  0   0 100   0   0   0|   0     0 |   0     0 |   0     0 |  22    41 |02-12 20:00:17
  0   0 100   0   0   0|   0     0 |7534B 4900B|   0     0 |  23    56 |02-12 20:00:18
  0   0 100   0   0   0|   0     0 |   0     0 |   0     0 |  29    70 |02-12 20:00:19
  0   0 100   0   0   0|   0     0 |   0     0 |   0     0 |  21    29 |02-12 20:00:20
  0   1 100   0   0   0|   0     0 |5422B 2788B|   0     0 |  22    64 |02-12 20:00:21
  0   0 100   0   0   0|   0     0 |   0     0 |   0     0 |  18    25 |02-12 20:00:22
  0   0 100   0   0   0|   0     0 |   0     0 |   0     0 |  18    29 |02-12 20:00:23
  1   0  98   1   0   0|   0    32k|5844B 3500B|   0     0 |  40   122 |02-12 20:00:24
  0   0 100   0   0   0|   0     0 |   0     0 |   0     0 |  21    39 |02-12 20:00:25
  0   0 100   0   0   0|   0    44k|   0     0 |   0     0 |  22    41 |02-12 20:00:26
  1   1  99   0   0   0|   0     0 |7251B 4639B|   0     0 |  40   130 |02-12 20:00:27
  7   3  90   0   0   0|   0     0 |1726B 2026B|   0     0 | 187   525 |02-12 20:00:28
  1   2  98   0   0   0|   0     0 |1324B  644B|   0     0 |  74   242 |02-12 20:00:29
  0   0 100   0   0   0|   0     0 |5422B 2788B|   0     0 |  23    64 |02-12 20:00:30
  0   0 100   0   0   0|   0     0 |   0     0 |   0     0 |  20    35 |02-12 20:00:31
  0   1  99   0   0   0|   0     0 |2679B 5566B|   0     0 |  43   106 |02-12 20:00:32
  1   0  99   0   0   0|   0     0 |5422B 2788B|   0     0 |  22    59 |02-12 20:00:33
  0   0  99   0   0   0|   0     0 |   0     0 |   0     0 |  34    73 |02-12 20:00:34
  0   0 100   0   0   0|   0     0 |   0     0 |   0     0 |  21    43 |02-12 20:00:35
  0   0 100   0   0   0|   0     0 |5422B 2788B|   0     0 |  22    69 |02-12 20:00:36
  0   0 100   0   0   0|   0     0 |   0     0 |   0     0 |  19    37 |02-12 20:00:37
  0   0 100   0   0   0|   0     0 |   0     0 |   0     0 |  18    25 |02-12 20:00:38
  1   1  99   0   0   0|   0     0 |5422B 2788B|   0     0 |  34    95 |02-12 20:00:39
  0   0 100   0   0   0|   0     0 |   0     0 |   0     0 |  24    51 |02-12 20:00:40
  1   0 100   0   0   0|   0    12k|   0     0 |   0     0 |  30   133 |02-12 20:00:41
  0   0 100   0   0   0|   0     0 |  74B   74B|   0     0 |  26    46 |02-12 20:00:42
  2   1  98   0   0   0|   0     0 |8073B 5315B|   0     0 |  59   164 |02-12 20:00:43
  8   4  86   0   0   2|   0     0 |  56k 1642k|   0     0 | 296   962 |02-12 20:00:44
  5   8  83   0   0   5|   0     0 | 565k   17M|   0     0 |1225  4570 |02-12 20:00:45
  6   6  85   0   0   3|   0     0 | 595k   17M|   0     0 |1064  4081 |02-12 20:00:46
  4   9  82   0   0   5|   0     0 | 623k   18M|   0     0 |1061  4190 |02-12 20:00:47
  5   7  84   0   0   4|   0     0 | 595k   17M|   0     0 |1064  4006 |02-12 20:00:48
  6   7  81   0   0   6|   0     0 | 625k   18M|   0     0 |1091  4228 |02-12 20:00:49
  4   8  84   0   0   5|   0     0 | 586k   17M|   0     0 |1105  4128 |02-12 20:00:50
  4  10  81   0   0   5|   0     0 | 620k   18M|   0     0 |1052  4091 |02-12 20:00:51
  4   9  83   0   0   5|   0     0 | 597k   17M|   0     0 |1009  4039 |02-12 20:00:52
  6   8  80   0   0   6|   0     0 | 607k   18M|   0     0 |1061  3975 |02-12 20:00:53
  4   7  85   0   0   5|   0     0 | 598k   18M|   0     0 |1050  4098 |02-12 20:00:54
  5   6  82   1   0   6|   0    64k| 597k   17M|   0     0 | 975  3799 |02-12 20:00:55
  5   9  82   0   0   5|   0     0 | 619k   18M|   0     0 |1052  4176 |02-12 20:00:56
  3   6  84   0   0   6|   0     0 | 614k   18M|   0     0 |1049  4069 |02-12 20:00:57
  4   9  82   0   0   5|   0     0 | 618k   18M|   0     0 |1002  3949 |02-12 20:00:58
  3   7  84   0   0   5|   0     0 | 613k   18M|   0     0 | 983  3810 |02-12 20:00:59
  5   9  81   0   0   5|   0     0 | 602k   18M|   0     0 | 948  3687 |02-12 20:01:00
  6   9  80   0   0   5|   0     0 | 614k   18M|   0     0 | 993  3857 |02-12 20:01:01
  3   9  84   0   0   4|   0  4096B| 640k   19M|   0     0 |1037  4151 |02-12 20:01:02
  4   7  81   0   0   7|   0     0 | 607k   18M|   0     0 |1020  3900 |02-12 20:01:03
  5   7  82   0   0   6|   0     0 | 596k   17M|   0     0 | 985  3890 |02-12 20:01:04
  6   8  80   0   0   6|   0     0 | 604k   18M|   0     0 | 993  4006 |02-12 20:01:05
  4   7  80   0   0   8|   0     0 | 612k   18M|   0     0 |1083  4081 |02-12 20:01:06
  5   7  82   0   0   6|   0     0 | 603k   17M|   0     0 |1050  4046 |02-12 20:01:07
  4   5  86   0   0   5|   0     0 | 602k   18M|   0     0 |1027  3918 |02-12 20:01:08
  5   8  84   0   0   3|   0     0 | 612k   18M|   0     0 |1004  4207 |02-12 20:01:09
  5   7  83   0   0   5|   0     0 | 596k   17M|   0     0 |1009  3809 |02-12 20:01:10
  4   8  82   0   0   6|   0     0 | 615k   18M|   0     0 |1005  3899 |02-12 20:01:11
  3   8  84   0   0   6|   0  4096B| 585k   17M|   0     0 | 957  3794 |02-12 20:01:12
  6   6  83   0   0   5|   0     0 | 629k   18M|   0     0 |1071  4222 |02-12 20:01:13
  4   9  82   0   0   5|   0     0 | 624k   18M|   0     0 |1085  4197 |02-12 20:01:14
  3   8  83   0   0   6|   0     0 | 602k   18M|   0     0 |1044  4080 |02-12 20:01:15
  4   8  84   0   0   4|   0     0 | 611k   18M|   0     0 |1006  3833 |02-12 20:01:16
  6   8  83   0   0   4|   0    20k| 616k   18M|   0     0 |1107  4230 |02-12 20:01:17
  5   7  84   0   0   5|   0     0 | 602k   18M|   0     0 |1025  4137 |02-12 20:01:18
  6   8  82   0   0   4|   0     0 | 611k   18M|   0     0 | 983  3916 |02-12 20:01:19
  5   6  85   0   0   5|   0     0 | 587k   17M|   0     0 |1009  4031 |02-12 20:01:20
  7   7  81   0   0   5|   0     0 | 602k   18M|   0     0 | 954  3851 |02-12 20:01:21
  5   8  82   0   0   5|   0     0 | 596k   17M|   0     0 | 975  3914 |02-12 20:01:22
  3   8  84   0   0   6|   0     0 | 610k   18M|   0     0 | 983  4022 |02-12 20:01:23
  5   9  82   0   0   4|   0     0 | 611k   18M|   0     0 | 959  3767 |02-12 20:01:24
  5   6  82   2   0   5|   0    20k| 615k   18M|   0     0 | 915  3741 |02-12 20:01:25
  5   6  83   0   0   7|   0     0 | 616k   18M|   0     0 | 995  3999 |02-12 20:01:26
  3   8  83   0   0   7|   0     0 | 604k   18M|   0     0 | 935  3870 |02-12 20:01:27
  5   7  83   0   0   6|   0    52k| 599k   17M|   0     0 | 979  4122 |02-12 20:01:28
  4   9  82   0   0   6|   0     0 | 617k   18M|   0     0 | 979  4075 |02-12 20:01:29
  5   8  83   0   0   4|   0     0 | 617k   18M|   0     0 | 982  4040 |02-12 20:01:30
  5   8  83   0   0   5|   0     0 | 601k   17M|   0     0 | 989  4031 |02-12 20:01:31
  7   8  81   0   0   4|   0     0 | 628k   18M|   0     0 | 966  3988 |02-12 20:01:32
  4   7  83   0   0   6|   0    16k| 629k   18M|   0     0 | 954  4081 |02-12 20:01:33
  5   6  81   0   0   8|   0     0 | 620k   18M|   0     0 | 956  3895 |02-12 20:01:34
  6   7  81   0   0   6|   0     0 | 608k   18M|   0     0 |1007  4071 |02-12 20:01:35
  4   6  84   0   0   6|   0     0 | 624k   18M|   0     0 | 979  4024 |02-12 20:01:36
  5   9  80   0   0   6|   0     0 | 624k   18M|   0     0 |1003  4138 |02-12 20:01:37
  3   8  83   0   0   6|   0    12k| 615k   18M|   0     0 |1042  3997 |02-12 20:01:38
  6   6  82   0   0   5|   0     0 | 625k   18M|   0     0 |1045  4159 |02-12 20:01:39
  6   7  82   0   0   5|   0     0 | 603k   17M|   0     0 | 957  3982 |02-12 20:01:40
  5   7  82   0   0   7|   0     0 | 637k   19M|   0     0 |1048  4308 |02-12 20:01:41
  6   7  82   0   0   5|   0     0 | 626k   18M|   0     0 |1047  4033 |02-12 20:01:42
  4   7  83   0   0   6|   0     0 | 603k   18M|   0     0 |1045  4148 |02-12 20:01:43
  3   5  88   0   0   4|   0    20k| 422k   12M|   0     0 | 723  2802 |02-12 20:01:44
  0   1  99   0   0   0|   0     0 |2472B 2486B|   0     0 |  70   240 |02-12 20:01:45
  0   1 100   0   0   0|   0     0 |5422B 2788B|   0     0 |  29    82 |02-12 20:01:46
  0   0 100   0   0   0|   0     0 |   0     0 |   0     0 |  24    51 |02-12 20:01:47
  0   0 100   0   0   0|   0     0 |   0     0 |   0     0 |  22    33 |02-12 20:01:48
  1   0 100   0   0   0|   0    16k|5422B 2788B|   0     0 |  23    82 |02-12 20:01:49
  1   0  99   0   0   0|   0     0 |   0     0 |   0     0 |  36    79 |02-12 20:01:50
  0   0 100   0   0   0|   0     0 |   0     0 |   0     0 |  22    43 |02-12 20:01:51
  1   1  99   0   0   0|   0     0 |7534B 4900B|   0     0 |  28    76 |02-12 20:01:52
  0   0 100   0   0   0|   0     0 |   0     0 |   0     0 |  22    39 |02-12 20:01:53
  0   0 100   0   0   0|   0     0 |2112B 2112B|   0     0 |  23    33 |02-12 20:01:54
  1   1  99   0   0   0|   0  4096B|5422B 2788B|   0     0 |  41   114 |02-12 20:01:55
  0   0  99   2   0   0|   0    48k|   0     0 |   0     0 |  24    49 |02-12 20:01:56
  3   2  95   0   0   0|   0     0 |3489B 2695B|   0     0 | 143   392 |02-12 20:01:57
  7   2  90   0   0   1|   0     0 |3904B 2362B|   0     0 | 133   446 |02-12 20:01:58
  0   0  99   0   0   0|   0     0 |3010B 2444B|   0     0 |  26    77 |02-12 20:01:59
  0   0 100   0   0   0|   0     0 |   0     0 |   0     0 |  34    68 |02-12 20:02:00
  0   0 100   0   0   0|   0    44k|   0     0 |   0     0 |  21    45 |02-12 20:02:01
  0   0  99   0   0   0|   0     0 |5422B 2788B|   0     0 |  26    69 |02-12 20:02:02
  0   0 100   0   0   0|   0     0 |   0     0 |   0     0 |  24    45 |02-12 20:02:03
  0   0 100   0   0   0|   0     0 |   0     0 |   0     0 |  23    35 |02-12 20:02:04
  1   0  99   0   0   0|   0     0 |5422B 2788B|   0     0 |  40   112 |02-12 20:02:05
  0   0 100   0   0   0|   0     0 |   0     0 |   0     0 |  25    52 |02-12 20:02:06
  0   0 100   0   0   0|   0     0 |   0     0 |   0     0 |  21    49 |02-12 20:02:07
  1   0 100   0   0   0|   0     0 |5422B 2788B|   0     0 |  24    61 |02-12 20:02:08
  0   0 100   0   0   0|   0     0 |   0     0 |   0     0 |  26    56 |02-12 20:02:09
  0   1  99   0   0   0|   0     0 | 247B  247B|   0     0 |  45   106 |02-12 20:02:10
  2   0  99   0   0   0|   0     0 |7846B 5249B|   0     0 |  44   138 |02-12 20:02:11
  7   3  90   0   0   0|   0     0 |1758B 1542B|   0     0 | 173   467 |02-12 20:02:12
  2   4  93   0   0   2|   0     0 | 265k 7916k|   0     0 | 502  1965 |02-12 20:02:13
  5   8  82   0   0   5|   0     0 | 596k   17M|   0     0 |1057  4137 |02-12 20:02:14
  5   7  84   0   0   4|   0     0 | 605k   18M|   0     0 |1026  4176 |02-12 20:02:15
  4   5  84   0   0   8|   0     0 | 571k   17M|   0     0 | 977  3842 |02-12 20:02:16
  5   6  84   0   0   6|   0     0 | 602k   17M|   0     0 | 990  3864 |02-12 20:02:17
  3   9  83   0   0   5|   0     0 | 615k   18M|   0     0 |1071  4137 |02-12 20:02:18
  3   6  85   0   0   6|   0     0 | 622k   18M|   0     0 |1024  3995 |02-12 20:02:19
  6   8  81   0   0   5|   0     0 | 616k   18M|   0     0 | 995  4102 |02-12 20:02:20
  4   6  86   0   0   4|   0     0 | 586k   17M|   0     0 |1057  4131 |02-12 20:02:21
  5   6  83   0   0   5|   0     0 | 582k   17M|   0     0 | 998  3950 |02-12 20:02:22
  6   4  85   0   0   5|   0     0 | 584k   17M|   0     0 | 953  3983 |02-12 20:02:23
  5   7  83   0   0   5|   0     0 | 618k   18M|   0     0 | 967  3985 |02-12 20:02:24
  6   8  82   0   0   5|   0     0 | 624k   18M|   0     0 | 950  3910 |02-12 20:02:25
  6   5  84   0   0   6|   0     0 | 542k   15M|   0     0 | 839  3660 |02-12 20:02:26
  6   8  81   2   0   4|   0    36k| 600k   18M|   0     0 | 940  3898 |02-12 20:02:27
  4   6  83   0   0   6|   0     0 | 605k   18M|   0     0 |1024  3935 |02-12 20:02:28
  5   7  85   0   0   3|   0     0 | 596k   17M|   0     0 | 965  3868 |02-12 20:02:29
  5   6  87   0   0   2|   0     0 | 603k   18M|   0     0 |1006  4022 |02-12 20:02:30
  5   6  84   0   0   5|   0     0 | 584k   17M|   0     0 |1027  4019 |02-12 20:02:31
  5   8  82   0   0   4|   0  8192B| 592k   17M|   0     0 | 979  3958 |02-12 20:02:32
  4   7  85   0   0   5|   0     0 | 622k   18M|   0     0 |1032  4051 |02-12 20:02:33
  5   6  85   0   0   4|   0     0 | 600k   18M|   0     0 |1008  4054 |02-12 20:02:34
  6   7  83   0   0   4|   0     0 | 610k   18M|   0     0 |1000  3948 |02-12 20:02:35
  5   7  85   0   0   4|   0     0 | 566k   17M|   0     0 | 900  3609 |02-12 20:02:36
  4   7  83   0   0   6|   0     0 | 607k   18M|   0     0 |1013  4069 |02-12 20:02:37
  4   6  84   0   0   6|   0     0 | 608k   18M|   0     0 |1018  3993 |02-12 20:02:38
  5   6  84   0   0   5|   0     0 | 589k   17M|   0     0 |1010  3896 |02-12 20:02:39
  8   6  82   0   0   4|   0     0 | 598k   17M|   0     0 | 918  3777 |02-12 20:02:40
  5   8  83   0   0   4|   0     0 | 574k   17M|   0     0 | 944  4031 |02-12 20:02:41
  4   8  84   0   0   4|   0     0 | 586k   17M|   0     0 |1021  3937 |02-12 20:02:42
  3   9  82   0   0   6|   0  8192B| 610k   18M|   0     0 |1090  4261 |02-12 20:02:43
  5   7  83   0   0   6|   0     0 | 583k   17M|   0     0 | 986  3977 |02-12 20:02:44
  4   6  86   0   0   4|   0     0 | 567k   17M|   0     0 | 897  3609 |02-12 20:02:45
  4   7  83   0   0   6|   0     0 | 588k   17M|   0     0 | 888  3778 |02-12 20:02:46
  4   6  86   0   0   4|   0     0 | 554k   16M|   0     0 | 841  3514 |02-12 20:02:47
  4   7  83   0   0   7|   0    16k| 590k   17M|   0     0 | 936  3958 |02-12 20:02:48
  5   6  85   0   0   4|   0     0 | 632k   18M|   0     0 | 986  4092 |02-12 20:02:49
  6   9  81   0   0   5|   0     0 | 590k   17M|   0     0 | 922  3887 |02-12 20:02:50
  4   6  85   0   0   5|   0     0 | 571k   17M|   0     0 | 858  3662 |02-12 20:02:51
  4   8  83   0   0   6|   0     0 | 586k   17M|   0     0 | 904  3820 |02-12 20:02:52
  6   6  84   0   0   4|   0     0 | 564k   16M|   0     0 | 885  3834 |02-12 20:02:53
  4   6  85   0   0   5|   0     0 | 579k   17M|   0     0 | 915  3779 |02-12 20:02:54
  4   8  83   0   0   5|   0     0 | 590k   17M|   0     0 | 977  3763 |02-12 20:02:55
  5   9  80   0   0   5|   0     0 | 591k   17M|   0     0 |1001  3971 |02-12 20:02:56
  4   7  82   1   0   6|   0    48k| 625k   18M|   0     0 | 979  3989 |02-12 20:02:57
  5   7  84   0   0   5|   0    56k| 600k   18M|   0     0 | 965  3958 |02-12 20:02:58
  5   7  82   0   0   6|   0     0 | 589k   17M|   0     0 | 931  3815 |02-12 20:02:59
  5   6  85   0   0   4|   0     0 | 577k   17M|   0     0 | 887  3768 |02-12 20:03:00
  6   8  81   0   0   6|   0     0 | 606k   18M|   0     0 | 958  3943 |02-12 20:03:01
  6   7  81   0   0   7|   0     0 | 592k   17M|   0     0 |1004  4160 |02-12 20:03:02
  3   5  87   0   0   5|   0  8192B| 562k   16M|   0     0 | 931  3804 |02-12 20:03:03
  3   7  85   0   0   5|   0     0 | 570k   17M|   0     0 | 909  3636 |02-12 20:03:04
  6   9  81   0   0   5|   0     0 | 602k   17M|   0     0 |1003  4041 |02-12 20:03:05
  4   6  86   0   0   4|   0     0 | 558k   16M|   0     0 | 911  3525 |02-12 20:03:06
  4   8  83   0   0   5|   0     0 | 596k   17M|   0     0 |1010  4151 |02-12 20:03:07
  4   7  83   0   0   5|   0     0 | 624k   18M|   0     0 | 984  4037 |02-12 20:03:08
  4   8  84   0   0   4|   0     0 | 583k   17M|   0     0 | 957  3701 |02-12 20:03:09
  4   8  84   0   0   4|   0     0 | 590k   17M|   0     0 | 890  3732 |02-12 20:03:10
  6   6  84   0   0   4|   0     0 | 584k   17M|   0     0 | 956  3815 |02-12 20:03:11
  6   9  79   0   0   6|   0     0 | 805k   24M|   0     0 | 714  2872 |02-12 20:03:12
  2   4  90   0   0   4|   0     0 | 414k   12M|   0     0 | 363  1317 |02-12 20:03:13
  1   1  99   0   0   0|   0     0 |4584B 4598B|   0     0 |  46   209 |02-12 20:03:14
  1   0  99   0   0   0|   0     0 |5422B 2788B|   0     0 |  44   105 |02-12 20:03:15
  0   0 100   0   0   0|   0     0 |   0     0 |   0     0 |  23    35 |02-12 20:03:16
  0   0 100   0   0   0|   0     0 |   0     0 |   0     0 |  24    46 |02-12 20:03:17
  0   0 100   0   0   0|   0    16k|5422B 2788B|   0     0 |  26    76 |02-12 20:03:18
  0   0 100   0   0   0|   0     0 |   0     0 |   0     0 |  25    47 |02-12 20:03:19
  0   0 100   0   0   0|   0     0 |   0     0 |   0     0 |  38    73 |02-12 20:03:20
  1   0 100   0   0   0|   0     0 |7534B 4900B|   0     0 |  22    59 |02-12 20:03:21
  0   0 100   0   0   0|   0     0 |   0     0 |   0     0 |  18    25 |02-12 20:03:22
  0   0 100   0   0   0|   0     0 |2112B 2112B|   0     0 |  19    32 |02-12 20:03:23
  0   0 100   0   0   0|   0     0 |5422B 2788B|   0     0 |  23    64 |02-12 20:03:24
  1   1  99   0   0   0|   0     0 |2021B 2093B|   0     0 |  48   119 |02-12 20:03:25
  8   6  86   0   0   0|   0     0 |2858B 2428B|   0     0 | 319   972 |02-12 20:03:26
  0   1 100   0   0   0|   0     0 |5844B 3500B|   0     0 |  27    84 |02-12 20:03:27
  0   0  98   2   0   0|   0    40k|   0     0 |   0     0 |  19    37 |02-12 20:03:28
  0   0 100   0   0   0|   0     0 |   0     0 |   0     0 |  20    33 |02-12 20:03:29
  0   0 100   0   0   0|   0     0 |5422B 2788B|   0     0 |  37    96 |02-12 20:03:30
  0   0 100   0   0   0|   0     0 |   0     0 |   0     0 |  18    35 |02-12 20:03:31
  1   1  99   0   0   0|   0     0 |2679B 5566B|   0     0 |  45   126 |02-12 20:03:32
  1   0  99   0   0   0|   0     0 |5422B 2788B|   0     0 |  28    67 |02-12 20:03:33
  0   0 100   0   0   0|   0  4096B|   0     0 |   0     0 |  24    44 |02-12 20:03:34
  0   0 100   0   0   0|   0     0 |   0     0 |   0     0 |  35    93 |02-12 20:03:35
  1   0  99   0   0   0|   0     0 |5422B 2788B|   0     0 |  30    70 |02-12 20:03:36
  0   0 100   0   0   0|   0     0 |   0     0 |   0     0 |  24    51 |02-12 20:03:37
  0   0 100   0   0   0|   0     0 |   0     0 |   0     0 |  25    49 |02-12 20:03:38
  9   4  88   0   0   0|   0     0 |8977B 6665B|   0     0 | 198   576 |02-12 20:03:39
  3   3  92   0   0   3|   0     0 | 272k 8135k|   0     0 | 570  2276 |02-12 20:03:40
  2   6  86   0   0   6|   0     0 | 580k   17M|   0     0 |1167  4504 |02-12 20:03:41
  5   8  83   0   0   5|   0     0 | 575k   17M|   0     0 |1009  3955 |02-12 20:03:42
  4   6  83   0   0   7|   0     0 | 621k   18M|   0     0 |1107  4379 |02-12 20:03:43
  5   7  83   0   0   6|   0     0 | 594k   17M|   0     0 | 979  3842 |02-12 20:03:44
  7   7  82   0   0   5|   0     0 | 601k   17M|   0     0 |1008  4199 |02-12 20:03:45
  5   6  84   0   0   5|   0     0 | 608k   18M|   0     0 |1120  4205 |02-12 20:03:46
  3   7  86   0   0   4|   0     0 | 575k   17M|   0     0 | 956  3621 |02-12 20:03:47
  4   6  84   0   0   6|   0     0 | 601k   17M|   0     0 | 922  3984 |02-12 20:03:48
  5   8  82   0   0   6|   0  8192B| 625k   18M|   0     0 | 994  4232 |02-12 20:03:49
  4  10  82   0   0   5|   0     0 | 625k   18M|   0     0 |1092  4261 |02-12 20:03:50
  4   6  85   0   0   5|   0     0 | 605k   17M|   0     0 | 992  4095 |02-12 20:03:51
  5   9  82   0   0   5|   0     0 | 602k   18M|   0     0 | 984  4022 |02-12 20:03:52
  3   8  83   0   0   6|   0     0 | 636k   19M|   0     0 |1043  4258 |02-12 20:03:53
  6   8  82   0   0   5|   0     0 | 625k   18M|   0     0 | 984  4139 |02-12 20:03:54
  3   7  84   0   0   6|   0     0 | 606k   18M|   0     0 | 962  3862 |02-12 20:03:55
  6   9  81   0   0   4|   0     0 | 613k   18M|   0     0 | 931  3871 |02-12 20:03:56
  4   8  83   0   0   5|   0     0 | 612k   18M|   0     0 | 874  3743 |02-12 20:03:57
  4   6  85   0   0   5|   0     0 | 588k   17M|   0     0 | 937  3802 |02-12 20:03:58
  6   8  71  10   0   6|   0   140k| 599k   18M|   0     0 | 985  4097 |02-12 20:03:59
  6   6  83   0   0   5|   0     0 | 618k   18M|   0     0 |1051  4339 |02-12 20:04:00
  5   6  85   0   0   4|   0     0 | 598k   17M|   0     0 | 941  3980 |02-12 20:04:01
  4   5  87   0   0   4|   0     0 | 608k   18M|   0     0 | 985  3967 |02-12 20:04:02
  6   8  80   0   0   6|   0     0 | 614k   18M|   0     0 | 907  3897 |02-12 20:04:03
  4   7  84   0   0   5|   0     0 | 597k   17M|   0     0 | 884  3707 |02-12 20:04:04
  6   8  81   0   0   5|   0     0 | 624k   18M|   0     0 |1051  4247 |02-12 20:04:05
  5   7  84   0   0   4|   0     0 | 613k   18M|   0     0 | 940  3994 |02-12 20:04:06
  4   7  84   0   0   4|   0     0 | 580k   17M|   0     0 | 970  4054 |02-12 20:04:07
  3  10  83   0   0   3|   0     0 | 618k   18M|   0     0 |1017  4132 |02-12 20:04:08
  6   8  82   0   0   5|   0     0 | 639k   19M|   0     0 | 990  4088 |02-12 20:04:09
  4   7  83   0   0   6|   0  8192B| 586k   17M|   0     0 | 940  3864 |02-12 20:04:10
  4   7  84   0   0   6|   0     0 | 626k   18M|   0     0 |1097  4121 |02-12 20:04:11
  6   6  82   0   0   6|   0     0 | 600k   17M|   0     0 | 971  3766 |02-12 20:04:12
  4   5  84   0   0   6|   0     0 | 593k   17M|   0     0 |1004  3990 |02-12 20:04:13
  3  10  82   0   0   5|   0     0 | 617k   18M|   0     0 |1004  3964 |02-12 20:04:14
  7  10  79   0   0   5|   0    16k| 613k   18M|   0     0 | 950  3963 |02-12 20:04:15
  5   6  84   0   0   5|   0     0 | 592k   17M|   0     0 | 987  4004 |02-12 20:04:16
  6   7  83   0   0   5|   0     0 | 590k   17M|   0     0 | 983  4048 |02-12 20:04:17
  6   9  80   0   0   6|   0     0 | 627k   18M|   0     0 |1051  4294 |02-12 20:04:18
  5   7  82   0   0   6|   0     0 | 589k   17M|   0     0 | 887  3760 |02-12 20:04:19
  6   5  82   0   0   7|   0     0 | 616k   18M|   0     0 | 994  4092 |02-12 20:04:20
  6   8  80   0   0   7|   0     0 | 617k   18M|   0     0 | 894  3827 |02-12 20:04:21
  4   7  84   0   0   6|   0     0 | 578k   17M|   0     0 | 889  3848 |02-12 20:04:22
  4   9  81   0   0   6|   0     0 | 618k   18M|   0     0 | 973  3837 |02-12 20:04:23
  4   7  84   0   0   5|   0     0 | 645k   19M|   0     0 |1031  4049 |02-12 20:04:24
  5   7  84   0   0   5|   0     0 | 595k   17M|   0     0 | 890  3653 |02-12 20:04:25
  5   8  82   0   0   5|   0     0 | 622k   18M|   0     0 | 988  3982 |02-12 20:04:26
  4   8  84   0   0   4|   0     0 | 617k   18M|   0     0 | 944  3642 |02-12 20:04:27
  4   7  83   0   0   6|   0     0 | 608k   18M|   0     0 |1097  4111 |02-12 20:04:28
  3   8  84   1   0   4|   0    28k| 620k   18M|   0     0 |1036  4082 |02-12 20:04:29
  5  10  81   0   0   5|   0     0 | 621k   18M|   0     0 |1118  4218 |02-12 20:04:30
  5   6  83   0   0   5|   0     0 | 621k   18M|   0     0 |1007  4036 |02-12 20:04:31
  6   8  80   0   0   6|   0     0 | 580k   17M|   0     0 |1011  4049 |02-12 20:04:32
  6   9  80   0   0   5|   0     0 | 597k   17M|   0     0 | 983  4047 |02-12 20:04:33
  6   5  85   0   0   4|   0     0 | 595k   17M|   0     0 | 957  3735 |02-12 20:04:34
  5   8  82   0   0   6|   0     0 | 613k   18M|   0     0 |1079  4286 |02-12 20:04:35
  5   9  82   0   0   4|   0     0 | 631k   18M|   0     0 | 971  3800 |02-12 20:04:36
  4   8  84   0   0   5|   0     0 | 586k   17M|   0     0 | 867  3627 |02-12 20:04:37
  5   8  83   0   0   5|   0     0 | 603k   18M|   0     0 |1025  4010 |02-12 20:04:38
  3   7  83   0   0   6|   0     0 | 614k   18M|   0     0 |1065  4215 |02-12 20:04:39
  2   2  95   0   0   1|   0     0 |  89k 2233k|   0     0 | 202   789 |02-12 20:04:40
  0   0 100   0   0   0|   0     0 |   0     0 |   0     0 |  24    40 |02-12 20:04:41
  0   0 100   0   0   0|   0     0 |   0     0 |   0     0 |  24    26 |02-12 20:04:42
  0   0 100   0   0   0|   0     0 |5422B 2788B|   0     0 |  33    63 |02-12 20:04:43
  0   0 100   0   0   0|   0     0 |   0     0 |   0     0 |  23    26 |02-12 20:04:44
  0   1 100   0   0   0|   0  8192B|   0     0 |   0     0 |  34    67 |02-12 20:04:45
  1   0  99   0   0   0|   0     0 |5524B 2980B|   0     0 |  26    63 |02-12 20:04:46
  0   0 100   0   0   0|   0     0 |2112B 2112B|   0     0 |  20    40 |02-12 20:04:47
  0   0 100   0   0   0|   0     0 |2112B 2112B|   0     0 |  18    25 |02-12 20:04:48
  1   0  99   0   0   0|   0     0 |5422B 2788B|   0     0 |  28    66 |02-12 20:04:49
  1   1  98   0   0   0|   0     0 |1895B 1851B|   0     0 |  47   123 |02-12 20:04:50
  8   5  87   0   0   1|   0    16k|3116B 2670B|   0     0 | 205   673 |02-12 20:04:51
  0   0 100   0   0   0|   0     0 |5422B 2788B|   0     0 |  22    56 |02-12 20:04:52
  0   0 100   0   0   0|   0     0 |   0     0 |   0     0 |  19    30 |02-12 20:04:53
  0   0 100   0   0   0|   0     0 |   0     0 |   0     0 |  18    25 |02-12 20:04:54
  1   0  99   0   0   0|   0     0 |5422B 2788B|   0     0 |  40    97 |02-12 20:04:55
  0   0 100   0   0   0|   0     0 |   0     0 |   0     0 |  25    44 |02-12 20:04:56
  0   0 100   0   0   0|   0     0 |   0     0 |   0     0 |  24    55 |02-12 20:04:57
  1   0 100   0   0   0|   0     0 |5422B 2788B|   0     0 |  25    68 |02-12 20:04:58
  0   0  98   1   0   0|   0    56k| 247B  247B|   0     0 |  31    69 |02-12 20:04:59
  1   1  99   0   0   0|   0     0 |2174B 2144B|   0     0 |  49   130 |02-12 20:05:00
