[7l----total-cpu-usage---- -dsk/total- -net/total- ---paging-- ---system-- ----system----
usr sys idl wai hiq siq| read  writ| recv  send|  in   out | int   csw |     time     
  2   3  93   0   0   2|  27k   67k|   0     0 |   0     0 | 466  1795 |02-12 20:05:05
  0   0 100   0   0   0|   0     0 |   0    66B|   0     0 |  23    43 |02-12 20:05:06
  0   0 100   0   0   0|   0     0 |5422B 2788B|   0     0 |  26    79 |02-12 20:05:07
  0   0 100   0   0   0|   0     0 |   0     0 |   0     0 |  24    43 |02-12 20:05:08
  0   0 100   0   0   0|   0     0 |   0     0 |   0     0 |  24    45 |02-12 20:05:09
  1   1  99   0   0   0|   0     0 |5422B 2788B|   0     0 |  33   102 |02-12 20:05:10
  0   0 100   0   0   0|   0  4096B|   0     0 |   0     0 |  21    34 |02-12 20:05:11
  1   1  98   0   0   0|   0     0 |2725B 2601B|   0     0 |  55   144 |02-12 20:05:12
  8   5  87   0   0   0|   0     0 |  55k 1441k|   0     0 | 304   989 |02-12 20:05:13
  3   4  89   0   0   4|   0     0 | 262k 7858k|   0     0 | 777  2961 |02-12 20:05:14
  2   2  96   0   0   0|   0     0 |  77k 2312k|   0     0 | 270   990 |02-12 20:05:15
  2   2  95   0   0   1|   0  4096B| 125k 3578k|   0     0 | 292  1160 |02-12 20:05:16
  1   0  98   0   0   2|   0     0 | 103k 3084k|   0     0 | 254  1060 |02-12 20:05:17
  1   2  95   0   0   2|   0     0 | 157k 4690k|   0     0 | 420  1705 |02-12 20:05:18
  1   1  97   0   0   1|   0     0 | 113k 3217k|   0     0 | 235  1000 |02-12 20:05:19
  2   1  95   0   0   2|   0     0 | 158k 4719k|   0     0 | 402  1605 |02-12 20:05:20
  1   2  95   0   0   2|   0  4096B| 165k 4948k|   0     0 | 443  1768 |02-12 20:05:21
  2   1  97   0   0   1|   0     0 | 103k 2928k|   0     0 | 250  1108 |02-12 20:05:22
  2   2  96   0   0   1|   0     0 | 175k 5239k|   0     0 | 375  1635 |02-12 20:05:23
  2   4  91   0   0   3|   0     0 | 321k 9609k|   0     0 | 724  3095 |02-12 20:05:24
  1   1  97   0   0   2|   0     0 | 110k 3119k|   0     0 | 261  1096 |02-12 20:05:25
  1   2  96   0   0   1|   0     0 | 181k 5435k|   0     0 | 459  1852 |02-12 20:05:26
  1   1  97   0   0   2|   0     0 | 106k 3162k|   0     0 | 261  1109 |02-12 20:05:27
  2   2  95   0   0   1|   0     0 | 159k 4587k|   0     0 | 445  1725 |02-12 20:05:28
  0   1  98   0   0   1|   0     0 |  57k 1708k|   0     0 | 156   608 |02-12 20:05:29
  1   1  94   4   0   1|   0    40k|  44k 1331k|   0     0 | 134   528 |02-12 20:05:30
  3   3  91   0   0   3|   0     0 | 247k 7257k|   0     0 | 608  2469 |02-12 20:05:31
  2   2  96   0   0   0|   0     0 |  69k 1996k|   0     0 | 190   739 |02-12 20:05:32
  1   2  95   0   0   3|   0     0 | 146k 4387k|   0     0 | 384  1499 |02-12 20:05:33
  2   3  92   0   0   3|   0     0 | 232k 6789k|   0     0 | 524  2063 |02-12 20:05:34
  3   3  91   0   0   3|   0     0 | 302k 9040k|   0     0 | 699  2920 |02-12 20:05:35
  0   2  97   0   0   1|   0  4096B|  86k 2564k|   0     0 | 235   865 |02-12 20:05:36
  1   1  97   0   0   1|   0     0 |  73k 2026k|   0     0 | 194   759 |02-12 20:05:37
  0   0  99   0   0   0|   0     0 |8400B  246k|   0     0 |  38   120 |02-12 20:05:38
  0   0 100   0   0   0|   0     0 |  16k  467k|   0     0 |  68   207 |02-12 20:05:39
  2   3  92   0   0   2|   0     0 | 190k 5541k|   0     0 | 503  1857 |02-12 20:05:40
  3   4  91   0   0   2|   0     0 | 272k 8139k|   0     0 | 668  2797 |02-12 20:05:41
  2   3  93   0   0   2|   0     0 | 242k 7266k|   0     0 | 596  2319 |02-12 20:05:42
  3   4  93   0   0   1|   0     0 | 224k 6533k|   0     0 | 557  2228 |02-12 20:05:43
  1   1  97   0   0   2|   0     0 | 132k 3961k|   0     0 | 339  1345 |02-12 20:05:44
  3   2  93   0   0   2|   0     0 | 167k 5014k|   0     0 | 455  1864 |02-12 20:05:45
  2   1  96   0   0   2|   0    20k| 185k 5406k|   0     0 | 391  1759 |02-12 20:05:46
  1   1  98   0   0   0|   0     0 | 141k 4211k|   0     0 | 273  1225 |02-12 20:05:47
  0   1  99   0   0   0|   0     0 |  50k 1516k|   0     0 | 111   518 |02-12 20:05:48
  2   4  90   0   0   5|   0     0 | 283k 8337k|   0     0 | 622  2629 |02-12 20:05:49
  2   3  95   0   0   1|   0     0 | 209k 6242k|   0     0 | 473  2084 |02-12 20:05:50
  1   2  95   0   0   3|   0     0 | 195k 5837k|   0     0 | 509  2185 |02-12 20:05:51
  2   2  95   0   0   2|   0     0 | 147k 4134k|   0     0 | 326  1533 |02-12 20:05:52
  1   1  97   0   0   1|   0     0 | 129k 3961k|   0     0 | 267  1152 |02-12 20:05:53
  0   1  99   0   0   0|   0     0 |  34k 1031k|   0     0 | 107   410 |02-12 20:05:54
  3   2  93   0   0   3|   0     0 | 184k 5356k|   0     0 | 441  1832 |02-12 20:05:55
  1   2  96   0   0   1|   0     0 | 160k 4801k|   0     0 | 397  1648 |02-12 20:05:56
  0   0  99   0   0   0|   0     0 |  27k  786k|   0     0 |  66   334 |02-12 20:05:57
  3   4  89   0   0   4|   0     0 | 355k   10M|   0     0 | 807  3608 |02-12 20:05:58
  1   1  98   0   0   1|   0     0 |  68k 2040k|   0     0 | 189   720 |02-12 20:05:59
  2   2  94   2   0   1|   0    44k|  93k 2794k|   0     0 | 274  1082 |02-12 20:06:00
  1   1  98   0   0   0|   0     0 |  26k  609k|   0     0 |  87   328 |02-12 20:06:01
  3   3  91   0   0   3|   0    52k| 293k 8766k|   0     0 | 730  2942 |02-12 20:06:02
  1   0  99   0   0   1|   0     0 |  39k 1171k|   0     0 | 119   483 |02-12 20:06:03
  2   1  93   0   0   4|   0     0 | 227k 6659k|   0     0 | 502  2230 |02-12 20:06:04
  1   3  93   0   0   4|   0     0 | 197k 5915k|   0     0 | 458  1902 |02-12 20:06:05
  2   2  95   0   0   2|   0     0 | 209k 6255k|   0     0 | 524  2062 |02-12 20:06:06
  0   0  99   0   0   0|   0  8192B|6542B   35k|   0     0 |  28    91 |02-12 20:06:07
  2   1  95   0   0   2|   0     0 | 217k 6501k|   0     0 | 532  2057 |02-12 20:06:08
  3   3  92   0   0   2|   0     0 | 210k 6278k|   0     0 | 529  2052 |02-12 20:06:09
  2   3  93   0   0   2|   0     0 | 227k 6651k|   0     0 | 579  2260 |02-12 20:06:10
  1   2  96   0   0   1|   0     0 | 109k 3256k|   0     0 | 289  1131 |02-12 20:06:11
  0   0  99   0   0   1|   0     0 |  37k 1122k|   0     0 | 113   441 |02-12 20:06:12
  1   0  98   0   0   1|   0     0 |  32k  666k|   0     0 |  91   395 |02-12 20:06:13
  1   1  99   0   0   1|   0     0 |4584B 4598B|   0     0 |  45   220 |02-12 20:06:14
  0   0 100   0   0   0|   0     0 |   0     0 |   0     0 |  35    82 |02-12 20:06:15
  1   1  99   0   0   0|   0     0 |5422B 2788B|   0     0 |  25    67 |02-12 20:06:16
  0   0 100   0   0   0|   0    16k|   0     0 |   0     0 |  22    45 |02-12 20:06:17
  0   0 100   0   0   0|   0     0 |   0     0 |   0     0 |  22    45 |02-12 20:06:18
  1   0 100   0   0   0|   0     0 |5422B 2788B|   0     0 |  28    64 |02-12 20:06:19
  0   0  99   0   0   0|   0     0 |   0     0 |   0     0 |  34    86 |02-12 20:06:20
  0   0 100   0   0   0|   0     0 |2112B 2112B|   0     0 |  23    38 |02-12 20:06:21
  1   0 100   0   0   0|   0     0 |5102B 1146B|   0     0 |  29    58 |02-12 20:06:22
  0   0 100   0   0   0|   0     0 |2432B 3754B|   0     0 |  22    49 |02-12 20:06:23
  0   0 100   0   0   0|   0     0 |   0     0 |   0     0 |  23    35 |02-12 20:06:24
  0   0 100   0   0   0|   0     0 |   0     0 |   0     0 |  35    82 |02-12 20:06:25
  1   0  99   0   0   0|   0     0 |5422B 2788B|   0     0 |  28    74 |02-12 20:06:26
  1   0  98   0   0   0|   0     0 |2111B 2183B|   0     0 |  65   100 |02-12 20:06:27
  6   4  90   0   0   0|   0     0 |1678B 1894B|   0     0 | 187   511 |02-12 20:06:28
  1   1  98   0   0   0|   0     0 |7168B 4144B|   0     0 |  53   239 |02-12 20:06:29
  0   0 100   0   0   0|   0     0 |   0     0 |   0     0 |  35    82 |02-12 20:06:30
  0   0  99   1   0   0|   0    36k|   0     0 |   0     0 |  22    47 |02-12 20:06:31
  1   1  98   0   0   0|   0     0 |8101B 8354B|   0     0 |  46   161 |02-12 20:06:32
  0   0 100   0   0   0|   0     0 |   0     0 |   0     0 |  25    54 |02-12 20:06:33
  0   0 100   0   0   0|   0     0 |   0     0 |   0     0 |  23    45 |02-12 20:06:34
  1   1  99   0   0   0|   0     0 |5422B 2788B|   0     0 |  36   102 |02-12 20:06:35
  0   0 100   0   0   0|   0     0 |   0     0 |   0     0 |  24    45 |02-12 20:06:36
  0   0 100   0   0   0|   0     0 |   0     0 |   0     0 |  22    53 |02-12 20:06:37
  1   1  99   0   0   0|   0  8192B|5422B 2788B|   0     0 |  21    70 |02-12 20:06:38
  0   0 100   0   0   0|   0     0 |   0     0 |   0     0 |  19    25 |02-12 20:06:39
  1   0  99   0   0   0|   0     0 |   0     0 |   0     0 |  32    79 |02-12 20:06:40
  0   0 100   0   0   0|   0     0 |5422B 2788B|   0     0 |  23    85 |02-12 20:06:41
  0   0 100   0   0   0|   0     0 |   0     0 |   0     0 |  23    39 |02-12 20:06:42
  1   0  99   0   0   0|   0     0 |1911B 1917B|   0     0 |  38    88 |02-12 20:06:43
  9   5  86   0   0   0|   0     0 |  29k  612k|   0     0 | 217   710 |02-12 20:06:44
  3   6  88   0   0   4|   0     0 | 289k 8655k|   0     0 | 809  3381 |02-12 20:06:45
  3   5  86   0   0   5|   0     0 | 345k   10M|   0     0 | 901  3734 |02-12 20:06:46
  4   4  88   0   0   4|   0     0 | 377k   11M|   0     0 | 805  3461 |02-12 20:06:47
  3   5  88   0   0   5|   0  8192B| 359k   11M|   0     0 | 849  3563 |02-12 20:06:48
  2   5  89   0   0   4|   0     0 | 369k   11M|   0     0 | 815  3536 |02-12 20:06:49
  4   5  88   0   0   4|   0     0 | 399k   12M|   0     0 | 989  4081 |02-12 20:06:50
  3   4  90   0   0   4|   0     0 | 365k   11M|   0     0 | 837  3520 |02-12 20:06:51
  3   5  89   0   0   3|   0     0 | 356k   10M|   0     0 | 848  3511 |02-12 20:06:52
  5   4  87   0   0   4|   0     0 | 394k   11M|   0     0 | 872  3743 |02-12 20:06:53
  3   4  89   0   0   4|   0     0 | 364k   11M|   0     0 | 854  3539 |02-12 20:06:54
  3   5  88   0   0   5|   0     0 | 350k   10M|   0     0 | 874  3493 |02-12 20:06:55
  3   4  89   0   0   5|   0     0 | 335k 9873k|   0     0 | 789  3075 |02-12 20:06:56
  2   3  91   0   0   4|   0     0 | 366k   11M|   0     0 | 863  3366 |02-12 20:06:57
  5   3  90   0   0   3|   0  4096B| 333k 9974k|   0     0 | 858  3436 |02-12 20:06:58
  3   4  90   0   0   3|   0     0 | 354k   10M|   0     0 | 850  3444 |02-12 20:06:59
  3   7  86   0   0   5|   0     0 | 383k   11M|   0     0 | 934  3841 |02-12 20:07:00
  2   4  91   0   0   4|   0     0 | 361k   11M|   0     0 | 924  3763 |02-12 20:07:01
  1   4  90   2   0   3|   0    68k| 291k 8568k|   0     0 | 670  2884 |02-12 20:07:02
  1   1  97   0   0   2|   0    64k| 155k 4650k|   0     0 | 388  1541 |02-12 20:07:03
  0   0 100   0   0   0|   0     0 | 840B   25k|   0     0 |  23    60 |02-12 20:07:04
  1   1  98   0   0   0|   0     0 |  48k 1293k|   0     0 | 138   559 |02-12 20:07:05
  2   2  94   0   0   2|   0     0 | 198k 5924k|   0     0 | 497  2266 |02-12 20:07:06
  3   3  90   0   0   4|   0     0 | 371k   11M|   0     0 | 900  3718 |02-12 20:07:07
  3   5  88   0   0   5|   0     0 | 356k   10M|   0     0 | 790  3411 |02-12 20:07:08
  4   4  90   0   0   2|   0     0 | 325k 9720k|   0     0 | 802  3127 |02-12 20:07:09
  2   3  91   0   0   3|   0     0 | 216k 6488k|   0     0 | 546  2089 |02-12 20:07:10
  2   4  93   0   0   2|   0     0 | 240k 7022k|   0     0 | 571  2310 |02-12 20:07:11
  2   5  93   0   0   1|   0     0 | 217k 6500k|   0     0 | 532  2101 |02-12 20:07:12
  1   3  94   0   0   2|   0  4096B| 177k 5317k|   0     0 | 417  1781 |02-12 20:07:13
  2   2  95   0   0   2|   0     0 | 187k 5442k|   0     0 | 418  1721 |02-12 20:07:14
  2   2  96   0   0   1|   0     0 | 168k 5042k|   0     0 | 426  1778 |02-12 20:07:15
  0   2  97   0   0   1|   0     0 | 165k 4944k|   0     0 | 430  1727 |02-12 20:07:16
  3   9  85   0   0   3|   0     0 | 390k   11M|   0     0 | 921  3858 |02-12 20:07:17
  2   4  91   0   0   3|   0     0 | 367k   11M|   0     0 | 838  3565 |02-12 20:07:18
  3   5  90   0   0   3|   0    16k| 366k   11M|   0     0 | 858  3597 |02-12 20:07:19
  4   6  87   0   0   3|   0     0 | 383k   11M|   0     0 | 907  3654 |02-12 20:07:20
  4   3  92   0   0   2|   0     0 | 366k   11M|   0     0 | 894  3524 |02-12 20:07:21
  3   5  90   0   0   3|   0     0 | 354k   10M|   0     0 | 929  3467 |02-12 20:07:22
  3   5  89   0   0   4|   0     0 | 338k 9973k|   0     0 | 769  3081 |02-12 20:07:23
  3   5  88   0   0   4|   0     0 | 392k   11M|   0     0 | 931  3764 |02-12 20:07:24
  3   5  89   0   0   3|   0     0 | 372k   11M|   0     0 | 902  3390 |02-12 20:07:25
  4   4  88   0   0   4|   0     0 | 370k   11M|   0     0 | 875  3529 |02-12 20:07:26
  2   4  87   0   0   7|   0     0 | 377k   11M|   0     0 | 869  3526 |02-12 20:07:27
  2   5  91   0   0   3|   0     0 | 345k   10M|   0     0 | 847  3390 |02-12 20:07:28
  3   5  87   0   0   5|   0     0 | 386k   11M|   0     0 | 913  3554 |02-12 20:07:29
  3   5  90   0   0   2|   0     0 | 357k   10M|   0     0 | 867  3380 |02-12 20:07:30
  3   4  88   0   0   5|   0     0 | 378k   11M|   0     0 | 952  3804 |02-12 20:07:31
  4   6  85   2   0   4|   0    40k| 382k   11M|   0     0 | 912  3668 |02-12 20:07:32
  2   4  90   0   0   4|   0     0 | 364k   11M|   0     0 | 794  3384 |02-12 20:07:33
  3   5  88   0   0   4|   0    36k| 379k   11M|   0     0 | 846  3519 |02-12 20:07:34
  3   7  85   0   0   4|   0     0 | 369k   11M|   0     0 | 848  3681 |02-12 20:07:35
  3   6  88   0   0   4|   0     0 | 381k   11M|   0     0 | 860  3684 |02-12 20:07:36
  3   4  91   0   0   3|   0     0 | 387k   11M|   0     0 | 931  3876 |02-12 20:07:37
  3   5  90   0   0   3|   0     0 | 366k   11M|   0     0 | 955  3750 |02-12 20:07:38
  3   6  88   0   0   4|   0     0 | 402k   12M|   0     0 | 944  3823 |02-12 20:07:39
  2   5  90   0   0   3|   0     0 | 369k   11M|   0     0 | 903  3478 |02-12 20:07:40
  5   3  90   0   0   2|   0     0 | 372k   11M|   0     0 | 892  3564 |02-12 20:07:41
  3   6  87   0   0   4|   0     0 | 387k   11M|   0     0 | 877  3523 |02-12 20:07:42
  1   5  92   0   0   2|   0     0 | 362k   11M|   0     0 | 859  3633 |02-12 20:07:43
  2   4  92   0   0   2|   0     0 | 275k 8102k|   0     0 | 589  2544 |02-12 20:07:44
  1   1  98   0   0   1|   0     0 |  10k 7386B|   0     0 |  55   284 |02-12 20:07:45
  0   0 100   0   0   0|   0     0 |   0     0 |   0     0 |  22    47 |02-12 20:07:46
  0   0 100   0   0   0|   0     0 |   0     0 |   0     0 |  20    39 |02-12 20:07:47
  1   0 100   0   0   0|   0     0 |5422B 2788B|   0     0 |  30    66 |02-12 20:07:48
  0   0 100   0   0   0|   0     0 |   0     0 |   0     0 |  23    43 |02-12 20:07:49
  1   0 100   0   0   0|   0     0 |   0     0 |   0     0 |  34    84 |02-12 20:07:50
  0   0 100   0   0   0|   0     0 |5422B 2788B|   0     0 |  27    81 |02-12 20:07:51
  0   0 100   0   0   0|   0     0 |2112B 2112B|   0     0 |  24    40 |02-12 20:07:52
  0   0 100   0   0   0|   0     0 |2112B 2112B|   0     0 |  22    35 |02-12 20:07:53
  1   0  99   0   0   0|   0     0 |5422B 2788B|   0     0 |  26    70 |02-12 20:07:54
  1   0  99   0   0   0|   0     0 | 313B 1289B|   0     0 |  44   100 |02-12 20:07:55
  8   4  89   0   0   0|   0     0 |4632B 3100B|   0     0 | 193   551 |02-12 20:07:56
  1   1  99   0   0   0|   0     0 |5488B 2920B|   0     0 |  46   219 |02-12 20:07:57
  0   0 100   0   0   0|   0     0 |   0     0 |   0     0 |  23    39 |02-12 20:07:58
  0   0 100   0   0   0|   0     0 |   0     0 |   0     0 |  23    41 |02-12 20:07:59
  1   1  99   0   0   0|   0     0 |5422B 2788B|   0     0 |  41    92 |02-12 20:08:00
  0   0 100   0   0   0|   0     0 |   0     0 |   0     0 |  24    69 |02-12 20:08:01
  0   0 100   0   0   0|   0     0 |   0     0 |   0     0 |  23    47 |02-12 20:08:02
  1   0  97   2   0   0|   0    28k|5422B 2788B|   0     0 |  23    81 |02-12 20:08:03
  0   0 100   0   0   0|   0     0 |   0     0 |   0     0 |  20    30 |02-12 20:08:04
  0   0 100   0   0   0|   0    20k|   0     0 |   0     0 |  23    47 |02-12 20:08:05
  1   1  99   0   0   0|   0     0 |5422B 2788B|   0     0 |  33   118 |02-12 20:08:06
  0   0 100   0   0   0|   0     0 |   0     0 |   0     0 |  24    50 |02-12 20:08:07
  0   0 100   0   0   0|   0     0 |   0     0 |   0     0 |  23    43 |02-12 20:08:08
  1   1  99   0   0   1|   0     0 |7317B 4639B|   0     0 |  39   116 |02-12 20:08:09
  7   4  89   0   0   0|   0     0 |1792B 2026B|   0     0 | 173   500 |02-12 20:08:10
  2   3  93   0   0   2|   0     0 | 169k 5007k|   0     0 | 460  2008 |02-12 20:08:11
  5   5  88   0   0   3|   0     0 | 329k 9680k|   0     0 | 841  3488 |02-12 20:08:12
  3   4  89   0   0   5|   0     0 | 360k   11M|   0     0 | 919  3885 |02-12 20:08:13
  2   4  92   0   0   3|   0     0 | 350k   10M|   0     0 | 831  3392 |02-12 20:08:14
  4   3  91   0   0   2|   0     0 | 371k   11M|   0     0 | 829  3595 |02-12 20:08:15
  3   6  87   0   0   4|   0     0 | 392k   11M|   0     0 | 946  3843 |02-12 20:08:16
  3   5  89   0   0   3|   0     0 | 368k   11M|   0     0 | 897  3615 |02-12 20:08:17
  3   4  90   0   0   3|   0     0 | 374k   11M|   0     0 | 881  3755 |02-12 20:08:18
  4   4  86   0   0   6|   0     0 | 392k   11M|   0     0 | 989  3830 |02-12 20:08:19
  3   5  89   0   0   3|   0  4096B| 367k   11M|   0     0 | 977  3646 |02-12 20:08:20
  4   4  90   0   0   2|   0     0 | 384k   11M|   0     0 | 885  3704 |02-12 20:08:21
  2   6  87   0   0   5|   0     0 | 393k   12M|   0     0 | 965  3735 |02-12 20:08:22
  3   6  87   0   0   4|   0     0 | 334k   10M|   0     0 | 779  3133 |02-12 20:08:23
  3   4  89   0   0   4|   0     0 | 379k   11M|   0     0 | 869  3521 |02-12 20:08:24
  2   4  90   0   0   4|   0     0 | 343k   10M|   0     0 | 888  3480 |02-12 20:08:25
  2   5  90   0   0   3|   0     0 | 363k   11M|   0     0 | 863  3521 |02-12 20:08:26
  3   5  89   0   0   4|   0     0 | 389k   11M|   0     0 | 883  3735 |02-12 20:08:27
  2   4  91   0   0   4|   0     0 | 380k   11M|   0     0 | 971  3908 |02-12 20:08:28
  3   6  89   0   0   3|   0     0 | 366k   11M|   0     0 | 848  3633 |02-12 20:08:29
  2   3  89   0   0   6|   0     0 | 364k   10M|   0     0 | 881  3676 |02-12 20:08:30
  3   3  90   0   0   4|   0  4096B| 375k   11M|   0     0 | 968  3942 |02-12 20:08:31
  4   6  86   0   0   4|   0     0 | 361k   10M|   0     0 | 939  3608 |02-12 20:08:32
  3   5  88   0   0   5|   0     0 | 394k   11M|   0     0 | 967  3883 |02-12 20:08:33
  3   5  88   1   0   3|   0    60k| 393k   11M|   0     0 | 972  3886 |02-12 20:08:34
  2   4  91   0   0   4|   0     0 | 352k   10M|   0     0 | 921  3571 |02-12 20:08:35
  4   4  89   0   0   4|   0    56k| 379k   11M|   0     0 | 859  3776 |02-12 20:08:36
  3   4  89   0   0   4|   0     0 | 382k   11M|   0     0 | 917  3853 |02-12 20:08:37
  3   5  89   0   0   3|   0     0 | 361k   11M|   0     0 | 789  3523 |02-12 20:08:38
  4   6  86   0   0   5|   0     0 | 391k   11M|   0     0 | 957  3729 |02-12 20:08:39
  3   6  87   0   0   5|   0     0 | 386k   11M|   0     0 | 873  3638 |02-12 20:08:40
  3   5  89   0   0   4|   0    16k| 369k   11M|   0     0 | 837  3650 |02-12 20:08:41
  3   3  90   0   0   4|   0     0 | 373k   11M|   0     0 | 868  3598 |02-12 20:08:42
  2   4  91   0   0   3|   0     0 | 363k   11M|   0     0 | 946  3614 |02-12 20:08:43
  4   5  88   0   0   4|   0     0 | 382k   11M|   0     0 | 953  3765 |02-12 20:08:44
  4   5  89   0   0   3|   0     0 | 375k   11M|   0     0 | 801  3382 |02-12 20:08:45
  3   5  88   0   0   4|   0     0 | 371k   11M|   0     0 | 848  3590 |02-12 20:08:46
  4   3  91   0   0   2|   0     0 | 380k   11M|   0     0 | 884  3689 |02-12 20:08:47
  2   5  90   0   0   4|   0     0 | 371k   11M|   0     0 | 945  3681 |02-12 20:08:48
  3   5  90   0   0   3|   0     0 | 365k   11M|   0     0 | 741  3322 |02-12 20:08:49
  4   4  88   0   0   4|   0     0 | 356k   10M|   0     0 | 803  3516 |02-12 20:08:50
  3   4  89   0   0   4|   0     0 | 347k   10M|   0     0 | 784  3310 |02-12 20:08:51
  3   4  91   0   0   3|   0     0 | 366k   11M|   0     0 | 830  3305 |02-12 20:08:52
  3   4  90   0   0   4|   0     0 | 355k   10M|   0     0 | 753  3373 |02-12 20:08:53
  4   4  89   0   0   4|   0     0 | 361k   11M|   0     0 | 885  3557 |02-12 20:08:54
  3   2  90   0   0   5|   0     0 | 366k   11M|   0     0 | 762  3317 |02-12 20:08:55
  4   4  91   0   0   2|   0     0 | 387k   11M|   0     0 | 827  3656 |02-12 20:08:56
  2   4  91   0   0   3|   0     0 | 283k 8442k|   0     0 | 634  2867 |02-12 20:08:57
  2   4  91   0   0   4|   0     0 | 376k   11M|   0     0 | 777  3424 |02-12 20:08:58
  2   5  90   0   0   3|   0     0 | 394k   12M|   0     0 | 830  3597 |02-12 20:08:59
  3   4  90   0   0   3|   0     0 | 351k   10M|   0     0 | 842  3443 |02-12 20:09:00
  5   7  86   0   0   2|   0     0 | 375k   11M|   0     0 | 897  3578 |02-12 20:09:01
  3   3  90   0   0   4|   0     0 | 369k   11M|   0     0 | 933  3611 |02-12 20:09:02
  2   4  90   0   0   5|   0     0 | 357k   10M|   0     0 | 821  3577 |02-12 20:09:03
  5   4  87   2   0   3|   0    20k| 401k   12M|   0     0 | 864  3813 |02-12 20:09:04
  4   4  88   0   0   5|   0     0 | 399k   12M|   0     0 | 997  4090 |02-12 20:09:05
  2   5  89   0   0   4|   0     0 | 356k   10M|   0     0 | 830  3510 |02-12 20:09:06
  3   7  86   0   0   5|   0     0 | 405k   12M|   0     0 | 882  3715 |02-12 20:09:07
  3   3  89   0   0   5|   0     0 | 409k   12M|   0     0 | 927  3933 |02-12 20:09:08
  3   4  90   0   0   4|   0     0 | 386k   11M|   0     0 | 784  3626 |02-12 20:09:09
  4   5  87   0   0   5|   0     0 | 387k   11M|   0     0 | 878  3660 |02-12 20:09:10
  1   1  98   0   0   0|   0  8192B|  55k 1442k|   0     0 | 165   662 |02-12 20:09:11
  0   1 100   0   0   0|   0     0 |2472B 2486B|   0     0 |  43   201 |02-12 20:09:12
  1   0  99   0   0   0|   0     0 |5422B 2788B|   0     0 |  25    67 |02-12 20:09:13
  0   0 100   0   0   0|   0     0 |   0     0 |   0     0 |  23    39 |02-12 20:09:14
  0   0 100   0   0   0|   0     0 |   0     0 |   0     0 |  24    43 |02-12 20:09:15
  1   1  99   0   0   0|   0     0 |5422B 2788B|   0     0 |  36    96 |02-12 20:09:16
  0   0 100   0   0   0|   0    16k|   0     0 |   0     0 |  25    63 |02-12 20:09:17
  0   0 100   0   0   0|   0     0 |   0     0 |   0     0 |  23    39 |02-12 20:09:18
  1   0  99   0   0   0|   0     0 |7534B 4900B|   0     0 |  23    68 |02-12 20:09:19
  0   0 100   0   0   0|   0     0 |   0     0 |   0     0 |  24    41 |02-12 20:09:20
  0   1  99   0   0   0|   0     0 |2112B 2112B|   0     0 |  34    81 |02-12 20:09:21
  1   0  99   0   0   0|   0     0 |5422B 2788B|   0     0 |  25    74 |02-12 20:09:22
  0   0 100   0   0   0|   0     0 |   0     0 |   0     0 |  23    53 |02-12 20:09:23
  0   0 100   0   0   0|   0     0 |   0     0 |   0     0 |  23    53 |02-12 20:09:24
  1   0  99   0   0   0|   0     0 |7137B 4143B|   0     0 |  36   100 |02-12 20:09:25
  1   0  99   0   0   0|   0     0 | 572B  848B|   0     0 |  45   115 |02-12 20:09:26
  8   3  89   0   0   0|   0     0 |1772B 2040B|   0     0 | 169   479 |02-12 20:09:27
  1   1  98   0   0   0|   0     0 |6812B 3476B|   0     0 |  45   229 |02-12 20:09:28
  0   0 100   0   0   0|   0     0 |   0     0 |   0     0 |  20    32 |02-12 20:09:29
  0   0 100   0   0   0|   0     0 |   0     0 |   0     0 |  24    53 |02-12 20:09:30
  1   1  99   0   0   0|   0     0 |5844B 3500B|   0     0 |  34   121 |02-12 20:09:31
  1   1  98   0   0   0|   0     0 |2679B 5566B|   0     0 |  49   125 |02-12 20:09:32
  0   0 100   0   0   0|   0     0 |   0     0 |   0     0 |  20    32 |02-12 20:09:33
  0   0 100   0   0   0|   0     0 |5422B 2788B|   0     0 |  24    73 |02-12 20:09:34
  0   0  98   2   0   0|   0    60k|   0     0 |   0     0 |  24    58 |02-12 20:09:35
  0   1 100   0   0   0|   0     0 |   0     0 |   0     0 |  32    73 |02-12 20:09:36
  1   0 100   0   0   0|   0    48k|5422B 2788B|   0     0 |  24    77 |02-12 20:09:37
  0   0 100   0   0   0|   0     0 |   0     0 |   0     0 |  20    42 |02-12 20:09:38
  0   0 100   0   0   0|   0     0 |   0     0 |   0     0 |  23    31 |02-12 20:09:39
  0   0 100   0   0   0|   0     0 |5422B 2788B|   0     0 |  22    88 |02-12 20:09:40
  0   1 100   0   0   0|   0     0 |   0     0 |   0     0 |  31    81 |02-12 20:09:41
  0   0 100   0   0   0|   0  8192B|  74B   74B|   0     0 |  22    48 |02-12 20:09:42
  7   2  91   0   0   1|   0     0 |8837B 5409B|   0     0 | 138   433 |02-12 20:09:43
  3   3  92   0   0   2|   0     0 | 143k 4276k|   0     0 | 382  1582 |02-12 20:09:44
  4   5  88   0   0   3|   0     0 | 469k   14M|   0     0 |1062  4385 |02-12 20:09:45
  4   6  84   0   0   6|   0     0 | 516k   15M|   0     0 | 978  4051 |02-12 20:09:46
  2   8  87   0   0   4|   0     0 | 519k   15M|   0     0 | 957  4075 |02-12 20:09:47
  5   6  85   0   0   5|   0     0 | 530k   16M|   0     0 |1101  4389 |02-12 20:09:48
  3   7  86   0   0   4|   0     0 | 489k   14M|   0     0 | 905  3648 |02-12 20:09:49
  5   7  85   0   0   4|   0     0 | 537k   16M|   0     0 | 968  4085 |02-12 20:09:50
  3   8  84   0   0   5|   0     0 | 537k   16M|   0     0 | 990  4051 |02-12 20:09:51
  3   7  86   0   0   5|   0     0 | 504k   15M|   0     0 | 926  3860 |02-12 20:09:52
  3   7  85   0   0   6|   0     0 | 539k   16M|   0     0 |1006  4057 |02-12 20:09:53
  5   7  83   0   0   5|   0     0 | 526k   15M|   0     0 | 962  3750 |02-12 20:09:54
  5  10  81   0   0   3|   0     0 | 506k   15M|   0     0 | 978  3860 |02-12 20:09:55
  5   7  81   0   0   7|   0     0 | 541k   16M|   0     0 |1112  4200 |02-12 20:09:56
  5   7  84   0   0   5|   0     0 | 529k   15M|   0     0 |1009  3999 |02-12 20:09:57
  6   6  83   0   0   5|   0  4096B| 514k   15M|   0     0 | 944  3815 |02-12 20:09:58
  3   4  86   0   0   7|   0     0 | 523k   15M|   0     0 |1051  4022 |02-12 20:09:59
  4   5  88   0   0   3|   0     0 | 516k   15M|   0     0 |1049  3999 |02-12 20:10:00
  4   6  84   0   0   5|   0     0 | 520k   15M|   0     0 | 960  3841 |02-12 20:10:01
  5   6  84   0   0   5|   0     0 | 531k   16M|   0     0 | 973  4028 |02-12 20:10:02
  4   7  84   0   0   5|   0     0 | 530k   16M|   0     0 | 970  4087 |02-12 20:10:03
  3   6  88   0   0   3|   0     0 | 515k   15M|   0     0 | 952  3827 |02-12 20:10:04
  5   8  84   0   0   4|   0     0 | 543k   16M|   0     0 | 981  3916 |02-12 20:10:05
  4   9  64  18   0   6|   0    36k| 540k   16M|   0     0 |1019  4063 |02-12 20:10:06
  5   5  86   0   0   3|   0     0 | 500k   15M|   0     0 | 974  3728 |02-12 20:10:07
  5   7  83   0   0   4|   0     0 | 547k   16M|   0     0 | 955  3829 |02-12 20:10:08
  4   5  87   0   0   4|   0     0 | 532k   16M|   0     0 |1046  4172 |02-12 20:10:09
  5   6  86   0   0   3|   0     0 | 521k   15M|   0     0 |1008  4045 |02-12 20:10:10
  5   6  84   0   0   5|   0     0 | 554k   16M|   0     0 |1006  4163 |02-12 20:10:11
  4   5  88   0   0   4|   0     0 | 540k   16M|   0     0 |1010  4343 |02-12 20:10:12
  5   7  83   0   0   6|   0  8192B| 515k   15M|   0     0 |1038  4142 |02-12 20:10:13
  5   6  85   0   0   4|   0     0 | 532k   15M|   0     0 | 963  4074 |02-12 20:10:14
  4   6  86   0   0   5|   0     0 | 525k   15M|   0     0 |1033  4250 |02-12 20:10:15
  7   6  84   0   0   3|   0     0 | 508k   15M|   0     0 | 999  4112 |02-12 20:10:16
  5   5  85   0   0   5|   0     0 | 537k   16M|   0     0 | 987  4048 |02-12 20:10:17
  5   6  86   0   0   4|   0    20k| 540k   16M|   0     0 |1077  4352 |02-12 20:10:18
  5   5  86   0   0   4|   0     0 | 520k   15M|   0     0 | 887  3752 |02-12 20:10:19
  4   8  82   0   0   6|   0     0 | 526k   15M|   0     0 |1049  4309 |02-12 20:10:20
  4   6  87   0   0   4|   0     0 | 518k   15M|   0     0 |1085  4322 |02-12 20:10:21
  3   9  83   0   0   5|   0     0 | 503k   15M|   0     0 | 972  3796 |02-12 20:10:22
  5   5  86   0   0   5|   0     0 | 520k   15M|   0     0 |1018  4015 |02-12 20:10:23
  4   7  84   0   0   6|   0     0 | 525k   15M|   0     0 |1072  4376 |02-12 20:10:24
  4   7  85   0   0   4|   0     0 | 540k   16M|   0     0 |1093  4386 |02-12 20:10:25
  4   9  82   0   0   5|   0     0 | 522k   15M|   0     0 |1036  4273 |02-12 20:10:26
  3   6  86   0   0   5|   0     0 | 534k   16M|   0     0 |1050  4316 |02-12 20:10:27
  4   6  87   0   0   3|   0     0 | 524k   15M|   0     0 |1089  4324 |02-12 20:10:28
  4   8  83   0   0   5|   0     0 | 513k   15M|   0     0 |1030  4109 |02-12 20:10:29
  4   6  85   0   0   5|   0     0 | 522k   15M|   0     0 |1061  4246 |02-12 20:10:30
  3   7  86   0   0   5|   0     0 | 515k   15M|   0     0 |1017  4181 |02-12 20:10:31
  5   7  83   0   0   5|   0     0 | 513k   15M|   0     0 | 877  3825 |02-12 20:10:32
  4   7  86   0   0   4|   0     0 | 538k   16M|   0     0 |1095  4352 |02-12 20:10:33
  4   7  84   0   0   6|   0     0 | 520k   15M|   0     0 | 994  3914 |02-12 20:10:34
  5   6  85   0   0   5|   0     0 | 511k   15M|   0     0 | 987  4033 |02-12 20:10:35
  5   5  84   2   0   4|   0    44k| 518k   15M|   0     0 |1028  4216 |02-12 20:10:36
  3   8  83   0   0   7|   0     0 | 526k   15M|   0     0 |1043  4164 |02-12 20:10:37
  3   6  86   0   0   6|   0     0 | 520k   15M|   0     0 | 963  3969 |02-12 20:10:38
  4   6  86   0   0   3|   0    68k| 526k   15M|   0     0 | 962  4137 |02-12 20:10:39
  3   8  85   0   0   5|   0     0 | 530k   15M|   0     0 | 949  3972 |02-12 20:10:40
  6   6  84   0   0   5|   0     0 | 527k   15M|   0     0 | 946  4004 |02-12 20:10:41
  5   7  84   0   0   5|   0     0 | 528k   15M|   0     0 | 966  3898 |02-12 20:10:42
  4   6  85   0   0   5|   0     0 | 520k   15M|   0     0 |1121  4377 |02-12 20:10:43
  2   4  93   0   0   2|   0     0 | 229k 6581k|   0     0 | 491  1904 |02-12 20:10:44
  1   0  99   0   0   0|   0     0 |4584B 4598B|   0     0 |  45   205 |02-12 20:10:45
  0   0 100   0   0   0|   0     0 | 102B  192B|   0     0 |  33    98 |02-12 20:10:46
  1   0  99   0   0   0|   0     0 |5422B 2788B|   0     0 |  31    74 |02-12 20:10:47
  0   0 100   0   0   0|   0     0 |   0     0 |   0     0 |  25    45 |02-12 20:10:48
  0   0 100   0   0   0|   0     0 |   0     0 |   0     0 |  23    36 |02-12 20:10:49
  0   0 100   0   0   0|   0     0 |5422B 2788B|   0     0 |  28    69 |02-12 20:10:50
  1   1  99   0   0   0|   0     0 |   0     0 |   0     0 |  34    71 |02-12 20:10:51
  0   0 100   0   0   0|   0     0 |2112B 2112B|   0     0 |  20    27 |02-12 20:10:52
  0   0  99   0   0   1|   0     0 |5422B 2788B|   0     0 |  20    59 |02-12 20:10:53
  0   0 100   0   0   0|   0     0 |   0     0 |   0     0 |  18    31 |02-12 20:10:54
  0   0 100   0   0   0|   0     0 |2112B 2112B|   0     0 |  18    25 |02-12 20:10:55
  0   1  99   0   0   0|   0     0 |5422B 2788B|   0     0 |  30    91 |02-12 20:10:56
  0   0 100   0   0   0|   0     0 |   0     0 |   0     0 |  20    37 |02-12 20:10:57
  0   0 100   0   0   0|   0     0 |   0     0 |   0     0 |  18    29 |02-12 20:10:58
  1   0 100   0   0   0|   0     0 |5422B 2788B|   0     0 |  20    53 |02-12 20:10:59
  0   0 100   0   0   0|   0     0 |  74B   74B|   0     0 |  23    62 |02-12 20:11:00
  1   1  98   0   0   0|   0     0 |2287B 2203B|   0     0 |  49   144 |02-12 20:11:01
  8   4  88   0   0   0|   0     0 |8146B 5106B|   0     0 | 203   699 |02-12 20:11:02
  0   0 100   0   0   0|   0     0 |   0     0 |   0     0 |  22    36 |02-12 20:11:03
  0   0 100   0   0   0|   0     0 |   0     0 |   0     0 |  18    25 |02-12 20:11:04
  1   0 100   0   0   0|   0     0 |5422B 2788B|   0     0 |  19    62 |02-12 20:11:05
  0   1  99   0   0   0|   0     0 | 102B  192B|   0     0 |  29    73 |02-12 20:11:06
  0   0  99   1   0   0|   0    32k|   0     0 |   0     0 |  22    55 |02-12 20:11:07
  0   0 100   0   0   0|   0     0 |5422B 2788B|   0     0 |  20    56 |02-12 20:11:08
  0   0 100   0   0   0|   0     0 |   0     0 |   0     0 |  18    25 |02-12 20:11:09
  0   0 100   0   0   0|   0    20k|   0     0 |   0     0 |  20    43 |02-12 20:11:10
  1   0  99   0   0   0|   0     0 |5422B 2788B|   0     0 |  33    94 |02-12 20:11:11
  0   0 100   0   0   0|   0     0 |   0     0 |   0     0 |  20    35 |02-12 20:11:12
  0   0 100   0   0   0|   0     0 |   0     0 |   0     0 |  18    27 |02-12 20:11:13
  0   0 100   0   0   0|   0     0 |5422B 2788B|   0     0 |  19    57 |02-12 20:11:14
  0   0 100   0   0   0|   0     0 |   0     0 |   0     0 |  18    27 |02-12 20:11:15
  1   1  99   0   0   0|   0     0 | 247B  247B|   0     0 |  39    96 |02-12 20:11:16
  2   2  96   0   0   0|   0     0 |8486B 5236B|   0     0 |  66   319 |02-12 20:11:17
  8   3  88   0   0   1|   0     0 | 101k 2999k|   0     0 | 324  1282 |02-12 20:11:18
  2   6  88   0   0   4|   0     0 | 461k   14M|   0     0 |1030  4254 |02-12 20:11:19
  4   8  85   0   0   4|   0  8192B| 487k   14M|   0     0 | 957  4001 |02-12 20:11:20
  5   7  82   0   0   6|   0     0 | 510k   15M|   0     0 | 924  4037 |02-12 20:11:21
  3   7  85   0   0   6|   0     0 | 541k   16M|   0     0 | 970  4054 |02-12 20:11:22
  4   8  84   0   0   5|   0     0 | 528k   15M|   0     0 |1004  3849 |02-12 20:11:23
  3   8  85   0   0   4|   0     0 | 528k   15M|   0     0 | 934  3933 |02-12 20:11:24
  4   5  87   0   0   5|   0     0 | 536k   16M|   0     0 |1000  4116 |02-12 20:11:25
  4   7  85   0   0   4|   0     0 | 528k   15M|   0     0 | 902  3891 |02-12 20:11:26
  5   7  85   0   0   4|   0     0 | 539k   16M|   0     0 | 998  3978 |02-12 20:11:27
  3   8  84   0   0   5|   0     0 | 543k   16M|   0     0 |1080  4277 |02-12 20:11:28
  3   6  87   0   0   5|   0     0 | 522k   15M|   0     0 |1034  4181 |02-12 20:11:29
  5   7  83   0   0   6|   0     0 | 520k   15M|   0     0 |1053  4203 |02-12 20:11:30
  3   7  83   0   0   7|   0     0 | 526k   15M|   0     0 |1011  4030 |02-12 20:11:31
  5   8  84   0   0   3|   0     0 | 537k   16M|   0     0 | 995  3867 |02-12 20:11:32
  6   6  83   0   0   6|   0     0 | 542k   16M|   0     0 |1071  4139 |02-12 20:11:33
  5   8  82   0   0   5|   0     0 | 537k   16M|   0     0 | 973  3915 |02-12 20:11:34
  5   8  83   0   0   4|   0  4096B| 535k   16M|   0     0 |1009  3946 |02-12 20:11:35
  6   6  83   0   0   5|   0     0 | 514k   15M|   0     0 | 985  3861 |02-12 20:11:36
  5   7  84   0   0   5|   0     0 | 536k   16M|   0     0 | 994  4001 |02-12 20:11:37
  3   8  84   1   0   4|   0    72k| 541k   16M|   0     0 |1005  3914 |02-12 20:11:38
  4   4  89   0   0   4|   0     0 | 523k   15M|   0     0 | 974  3877 |02-12 20:11:39
  4   7  86   0   0   3|   0    64k| 525k   15M|   0     0 |1032  3999 |02-12 20:11:40
  4   7  85   0   0   4|   0     0 | 532k   16M|   0     0 | 995  3990 |02-12 20:11:41
  5   6  85   0   0   4|   0     0 | 510k   15M|   0     0 | 953  3781 |02-12 20:11:42
  2   6  86   0   0   5|   0     0 | 548k   16M|   0     0 |1145  4558 |02-12 20:11:43
  4   8  85   0   0   3|   0     0 | 548k   16M|   0     0 |1064  4320 |02-12 20:11:44
  5   7  84   0   0   5|   0     0 | 511k   15M|   0     0 | 918  3767 |02-12 20:11:45
  6   6  85   0   0   4|   0  8192B| 534k   16M|   0     0 | 934  3952 |02-12 20:11:46
  3   7  84   0   0   6|   0     0 | 539k   16M|   0     0 | 939  3914 |02-12 20:11:47
  3   5  87   0   0   4|   0     0 | 515k   15M|   0     0 | 967  4023 |02-12 20:11:48
  3   6  86   0   0   6|   0     0 | 486k   14M|   0     0 | 851  3523 |02-12 20:11:49
  5   5  85   0   0   5|   0     0 | 532k   16M|   0     0 |1016  4006 |02-12 20:11:50
  6   6  83   0   0   5|   0    16k| 518k   15M|   0     0 |1046  4088 |02-12 20:11:51
  6   6  85   0   0   3|   0     0 | 545k   16M|   0     0 | 933  3919 |02-12 20:11:52
  5   5  86   0   0   4|   0     0 | 532k   16M|   0     0 | 989  4006 |02-12 20:11:53
  4   6  88   0   0   3|   0     0 | 520k   15M|   0     0 | 883  3821 |02-12 20:11:54
  4   8  85   0   0   4|   0     0 | 526k   15M|   0     0 | 931  3853 |02-12 20:11:55
  3   7  84   0   0   5|   0     0 | 540k   16M|   0     0 |1034  4104 |02-12 20:11:56
  6   7  81   0   0   6|   0     0 | 541k   16M|   0     0 | 994  4072 |02-12 20:11:57
  4   8  84   0   0   5|   0     0 | 547k   16M|   0     0 |1011  4139 |02-12 20:11:58
  4   8  84   0   0   5|   0     0 | 531k   16M|   0     0 |1007  3990 |02-12 20:11:59
  5   7  84   0   0   5|   0     0 | 531k   15M|   0     0 | 994  4169 |02-12 20:12:00
  4   6  84   0   0   6|   0     0 | 525k   15M|   0     0 | 947  3974 |02-12 20:12:01
  3   8  84   0   0   5|   0     0 | 529k   16M|   0     0 | 961  3955 |02-12 20:12:02
  4   6  84   0   0   7|   0     0 | 541k   16M|   0     0 |1036  4150 |02-12 20:12:03
  4   6  84   0   0   6|   0     0 | 528k   15M|   0     0 | 932  3917 |02-12 20:12:04
  4   9  83   0   0   5|   0     0 | 535k   16M|   0     0 | 952  3849 |02-12 20:12:05
  4   8  83   0   0   6|   0  8192B| 528k   15M|   0     0 | 988  4011 |02-12 20:12:06
  4   5  87   0   0   4|   0     0 | 529k   15M|   0     0 | 955  3846 |02-12 20:12:07
  3   6  84   1   0   6|   0    24k| 532k   16M|   0     0 |1006  4093 |02-12 20:12:08
  4   6  86   0   0   4|   0     0 | 538k   16M|   0     0 | 962  3858 |02-12 20:12:09
  2   6  89   0   0   3|   0     0 | 536k   16M|   0     0 |1087  4099 |02-12 20:12:10
  4   9  84   0   0   4|   0     0 | 537k   16M|   0     0 | 951  3940 |02-12 20:12:11
  4   7  85   0   0   4|   0     0 | 554k   16M|   0     0 | 992  4001 |02-12 20:12:12
  2   7  86   0   0   6|   0     0 | 527k   15M|   0     0 |1040  4211 |02-12 20:12:13
  5   7  80   0   0   7|   0     0 | 553k   16M|   0     0 |1095  4327 |02-12 20:12:14
  4   8  85   0   0   4|   0     0 | 532k   15M|   0     0 |1000  4041 |02-12 20:12:15
  5   7  83   0   0   5|   0     0 | 525k   15M|   0     0 | 983  4009 |02-12 20:12:16
  4   4  85   0   0   7|   0     0 | 552k   16M|   0     0 |1038  4359 |02-12 20:12:17
  3   4  91   0   0   3|   0     0 | 258k 7436k|   0     0 | 518  2199 |02-12 20:12:18
  1   1  99   0   0   0|   0     0 |4584B 4598B|   0     0 |  55   242 |02-12 20:12:19
  0   0 100   0   0   0|   0     0 |   0     0 |   0     0 |  23    34 |02-12 20:12:20
  0   2  99   0   0   0|   0    24k|5422B 2788B|   0     0 |  42   109 |02-12 20:12:21
  0   0 100   0   0   0|   0     0 |   0     0 |   0     0 |  23    48 |02-12 20:12:22
  0   0 100   0   0   0|   0     0 |   0     0 |   0     0 |  20    34 |02-12 20:12:23
  1   0  99   0   0   0|   0     0 |5422B 2788B|   0     0 |  26    67 |02-12 20:12:24
  0   0 100   0   0   0|   0     0 |   0     0 |   0     0 |  24    37 |02-12 20:12:25
  0   0 100   0   0   0|   0     0 |   0     0 |   0     0 |  31    58 |02-12 20:12:26
  0   1  99   0   0   0|   0     0 |7534B 4900B|   0     0 |  33    97 |02-12 20:12:27
  0   0 100   0   0   0|   0     0 |   0     0 |   0     0 |  23    48 |02-12 20:12:28
  0   0 100   0   0   0|   0     0 |2112B 2112B|   0     0 |  24    37 |02-12 20:12:29
  1   0  99   0   0   0|   0     0 |5422B 2788B|   0     0 |  26    72 |02-12 20:12:30
  0   0 100   0   0   0|   0     0 |   0     0 |   0     0 |  19    29 |02-12 20:12:31
  1   0  99   0   0   0|   0     0 |   0     0 |   0     0 |  35    86 |02-12 20:12:32
  2   2  97   0   0   0|   0     0 |  10k   10k|   0     0 |  68   220 |02-12 20:12:33
  9   5  87   0   0   0|   0     0 |3468B 3206B|   0     0 | 215   790 |02-12 20:12:34
  0   0 100   0   0   0|   0     0 |  66B    0 |   0     0 |  19    32 |02-12 20:12:35
  0   0 100   0   0   0|   0     0 |   0     0 |   0     0 |  22    49 |02-12 20:12:36
  1   1  99   0   0   0|   0     0 |5422B 2788B|   0     0 |  52   148 |02-12 20:12:37
  0   0 100   0   0   0|   0     0 |   0     0 |   0     0 |  23    45 |02-12 20:12:38
  0   0  97   3   0   0|   0    56k|   0     0 |   0     0 |  25    53 |02-12 20:12:39
  1   0  99   0   0   0|   0     0 |5422B 2788B|   0     0 |  22    57 |02-12 20:12:40
  0   0 100   0   0   0|   0     0 |   0     0 |   0     0 |  22   109 |02-12 20:12:41
  0   1 100   0   0   0|   0    44k|   0     0 |   0     0 |  32    81 |02-12 20:12:42
  0   0 100   0   0   0|   0     0 |5422B 2788B|   0     0 |  26    55 |02-12 20:12:43
  0   0 100   0   0   0|   0     0 |   0     0 |   0     0 |  23    46 |02-12 20:12:44
  0   0 100   0   0   0|   0     0 |   0     0 |   0     0 |  23    49 |02-12 20:12:45
  0   0 100   0   0   0|   0     0 |5524B 2980B|   0     0 |  24    67 |02-12 20:12:46
  1   0  99   0   0   0|   0     0 |   0     0 |   0     0 |  32    89 |02-12 20:12:47
  0   0 100   0   0   0|   0     0 |   0     0 |   0     0 |  23    47 |02-12 20:12:48
  1   1  99   0   0   0|   0     0 |7317B 4639B|   0     0 |  36   112 |02-12 20:12:49
  6   2  92   0   0   0|   0     0 |1726B  910B|   0     0 | 121   361 |02-12 20:12:50
  3   6  90   0   0   1|   0     0 | 165k 4942k|   0     0 | 491  2065 |02-12 20:12:51
  5   7  82   0   0   6|   0  8192B| 458k   13M|   0     0 |1042  4112 |02-12 20:12:52
  3   7  85   0   0   5|   0     0 | 518k   15M|   0     0 | 968  3992 |02-12 20:12:53
  5   5  85   0   0   5|   0     0 | 546k   16M|   0     0 |1128  4214 |02-12 20:12:54
  4   6  85   0   0   5|   0     0 | 531k   15M|   0     0 | 961  3769 |02-12 20:12:55
  4   6  87   0   0   3|   0     0 | 549k   16M|   0     0 |1081  4344 |02-12 20:12:56
  4   8  84   0   0   4|   0     0 | 545k   16M|   0     0 | 828  4044 |02-12 20:12:57
  5   7  84   0   0   4|   0     0 | 538k   16M|   0     0 |1089  4061 |02-12 20:12:58
  4   6  85   0   0   4|   0     0 | 544k   16M|   0     0 |1050  3854 |02-12 20:12:59
  4   6  86   0   0   5|   0     0 | 544k   16M|   0     0 | 978  4237 |02-12 20:13:00
  4   6  85   0   0   5|   0     0 | 526k   15M|   0     0 |1035  4192 |02-12 20:13:01
  5   9  81   0   0   6|   0     0 | 524k   15M|   0     0 |1003  4138 |02-12 20:13:02
  4  10  83   0   0   5|   0     0 | 544k   16M|   0     0 |1264  4135 |02-12 20:13:03
  6   5  85   0   0   4|   0     0 | 559k   16M|   0     0 |1103  4006 |02-12 20:13:04
  3   5  86   0   0   7|   0     0 | 524k   15M|   0     0 |1028  3835 |02-12 20:13:05
  4   8  84   0   0   4|   0     0 | 551k   16M|   0     0 |1047  4252 |02-12 20:13:06
  4   6  83   0   0   6|   0     0 | 533k   15M|   0     0 |1018  3799 |02-12 20:13:07
  3   7  86   0   0   4|   0  4096B| 537k   16M|   0     0 |1008  4048 |02-12 20:13:08
  5   7  83   0   0   5|   0     0 | 537k   16M|   0     0 |1119  3965 |02-12 20:13:09
  4   6  84   2   0   5|   0    36k| 536k   16M|   0     0 |1170  3966 |02-12 20:13:10
  4   8  85   0   0   4|   0     0 | 529k   15M|   0     0 |1011  4060 |02-12 20:13:11
  3   9  83   0   0   4|   0     0 | 545k   16M|   0     0 |1075  3950 |02-12 20:13:12
  3   7  84   0   0   5|   0    36k| 546k   16M|   0     0 |1178  4154 |02-12 20:13:13
  3   6  87   0   0   4|   0     0 | 517k   15M|   0     0 |1137  4001 |02-12 20:13:14
  4   6  84   0   0   6|   0     0 | 542k   16M|   0     0 |1134  4077 |02-12 20:13:15
  4   8  84   0   0   5|   0     0 | 546k   16M|   0     0 |1064  4165 |02-12 20:13:16
  4   6  85   0   0   5|   0     0 | 510k   15M|   0     0 | 934  3771 |02-12 20:13:17
  3   6  87   0   0   4|   0     0 | 538k   16M|   0     0 |1281  4295 |02-12 20:13:18
  4   8  84   0   0   4|   0     0 | 549k   16M|   0     0 |1029  3829 |02-12 20:13:19
  4   8  85   0   0   4|   0     0 | 525k   15M|   0     0 | 980  3867 |02-12 20:13:20
  3   6  86   0   0   6|   0     0 | 535k   16M|   0     0 |1145  4198 |02-12 20:13:21
  5   7  84   0   0   4|   0     0 | 544k   16M|   0     0 |1160  3943 |02-12 20:13:22
  4   8  84   0   0   4|   0     0 | 520k   15M|   0     0 |1109  3833 |02-12 20:13:23
  4   6  85   0   0   5|   0     0 | 536k   16M|   0     0 | 927  4092 |02-12 20:13:24
  4   8  82   0   0   6|   0     0 | 555k   16M|   0     0 | 960  4046 |02-12 20:13:25
  4   6  86   0   0   4|   0     0 | 511k   15M|   0     0 | 900  3691 |02-12 20:13:26
  5   8  83   0   0   4|   0     0 | 541k   16M|   0     0 |1088  3974 |02-12 20:13:27
  6   6  84   0   0   4|   0     0 | 544k   16M|   0     0 |1124  4205 |02-12 20:13:28
  3   7  85   0   0   5|   0     0 | 528k   15M|   0     0 |1089  4190 |02-12 20:13:29
  5   5  86   0   0   5|   0     0 | 532k   16M|   0     0 |1223  4221 |02-12 20:13:30
  4   6  87   0   0   4|   0     0 | 548k   16M|   0     0 |1229  4314 |02-12 20:13:31
  4   8  82   0   0   6|   0     0 | 522k   15M|   0     0 |1060  3791 |02-12 20:13:32
  5   7  82   0   0   6|   0     0 | 523k   15M|   0     0 |1019  3802 |02-12 20:13:33
  6   7  81   0   0   7|   0     0 | 552k   16M|   0     0 |1153  4054 |02-12 20:13:34
  3   9  83   0   0   6|   0     0 | 535k   16M|   0     0 |1062  4173 |02-12 20:13:35
  4   7  85   0   0   5|   0     0 | 521k   15M|   0     0 |1069  4068 |02-12 20:13:36
  4   6  84   0   0   6|   0     0 | 537k   16M|   0     0 |1034  3895 |02-12 20:13:37
  4   6  86   0   0   5|   0     0 | 544k   16M|   0     0 |1038  4074 |02-12 20:13:38
  4   8  85   0   0   4|   0     0 | 511k   15M|   0     0 |1039  3795 |02-12 20:13:39
  6   7  80   1   0   6|   0    44k| 539k   16M|   0     0 |1092  4284 |02-12 20:13:40
  3   9  83   0   0   6|   0     0 | 535k   16M|   0     0 | 932  4059 |02-12 20:13:41
  3   6  86   0   0   4|   0     0 | 510k   15M|   0     0 | 982  3631 |02-12 20:13:42
  5   7  83   0   0   6|   0     0 | 545k   16M|   0     0 |1039  3907 |02-12 20:13:43
  4   8  84   0   0   5|   0    24k| 543k   16M|   0     0 | 946  4099 |02-12 20:13:44
  3   8  84   0   0   6|   0     0 | 525k   15M|   0     0 |1018  3947 |02-12 20:13:45
  4   6  85   0   0   5|   0     0 | 553k   16M|   0     0 |1012  4027 |02-12 20:13:46
  4   5  87   0   0   3|   0     0 | 531k   16M|   0     0 |1014  4098 |02-12 20:13:47
  3   7  85   0   0   5|   0     0 | 513k   15M|   0     0 |1077  4226 |02-12 20:13:48
  4   6  88   0   0   3|   0     0 | 535k   16M|   0     0 |1103  3802 |02-12 20:13:49
  4   6  85   0   0   5|   0     0 | 519k   15M|   0     0 |1118  3911 |02-12 20:13:50
  1   3  93   0   0   3|   0     0 | 300k 8852k|   0     0 | 486  2154 |02-12 20:13:51
  1   1  97   0   0   0|   0     0 |9686B 7320B|   0     0 |  74   286 |02-12 20:13:52
  0   0 100   0   0   0|   0     0 | 320B  132B|   0     0 |  19    46 |02-12 20:13:53
  0   0 100   0   0   0|   0     0 |   0     0 |   0     0 |  23    49 |02-12 20:13:54
  0   0 100   0   0   0|   0     0 |   0     0 |   0     0 |  23    37 |02-12 20:13:55
  0   0 100   0   0   0|   0     0 |5422B 2788B|   0     0 |  23    63 |02-12 20:13:56
  0   1 100   0   0   0|   0     0 |   0     0 |   0     0 |  31    80 |02-12 20:13:57
  0   0 100   0   0   0|   0     0 |   0     0 |   0     0 |  23    46 |02-12 20:13:58
  0   1 100   0   0   0|   0     0 |5422B 2788B|   0     0 |  26    69 |02-12 20:13:59
  0   0 100   0   0   0|   0     0 |   0     0 |   0     0 |  22    31 |02-12 20:14:00
  0   0 100   0   0   0|   0     0 |   0     0 |   0     0 |  23    43 |02-12 20:14:01
  1   0  99   0   0   0|   0     0 |5422B 2788B|   0     0 |  35   109 |02-12 20:14:02
  0   0 100   0   0   0|   0     0 |   0     0 |   0     0 |  23    35 |02-12 20:14:03
  0   0 100   0   0   0|   0     0 |   0     0 |   0     0 |  23    46 |02-12 20:14:04
  1   0  99   0   0   0|   0     0 |7534B 4900B|   0     0 |  26    78 |02-12 20:14:05
  0   0 100   0   0   0|   0     0 |   0     0 |   0     0 |  23    51 |02-12 20:14:06
  0   1  99   0   0   0|   0     0 |2112B 2112B|   0     0 |  35    86 |02-12 20:14:07
  1   0  99   0   0   0|   0     0 |5422B 2788B|   0     0 |  24    67 |02-12 20:14:08
  0   0 100   0   0   0|   0     0 |   0     0 |   0     0 |  23    40 |02-12 20:14:09
  0   0  99   2   0   0|   0    28k|   0     0 |   0     0 |  23    46 |02-12 20:14:10
  1   0 100   0   0   0|   0     0 |5422B 2788B|   0     0 |  24    69 |02-12 20:14:11
  1   1  99   0   0   0|   0     0 |   0     0 |   0     0 |  35    83 |02-12 20:14:12
  0   0 100   0   0   0|   0     0 |   0     0 |   0     0 |  23    49 |02-12 20:14:13
  1   0  99   0   0   0|   0    52k|5422B 2788B|   0     0 |  26    89 |02-12 20:14:14
  0   0 100   0   0   0|   0     0 |   0     0 |   0     0 |  23    44 |02-12 20:14:15
  0   0 100   0   0   0|   0     0 |   0     0 |   0     0 |  24    36 |02-12 20:14:16
  0   1  99   0   0   0|   0     0 |5422B 2788B|   0     0 |  41   112 |02-12 20:14:17
  0   0 100   0   0   0|   0     0 |   0     0 |   0     0 |  23    40 |02-12 20:14:18
  0   0 100   0   0   0|   0  4096B|   0     0 |   0     0 |  23    44 |02-12 20:14:19
  1   0  99   0   0   0|   0     0 |5422B 2788B|   0     0 |  20    57 |02-12 20:14:20
  0   0 100   0   0   0|   0     0 |  74B   74B|   0     0 |  22    39 |02-12 20:14:21
  1   1  99   0   0   0|   0     0 |2109B 1991B|   0     0 |  49   134 |02-12 20:14:22
  8   4  88   0   0   1|   0     0 |7066B 4748B|   0     0 | 133   469 |02-12 20:14:23
  1   1  98   0   0   0|   0     0 |1324B  644B|   0     0 |  46   219 |02-12 20:14:24
  0   0 100   0   0   0|   0  8192B|   0     0 |   0     0 |  18    33 |02-12 20:14:25
  0   0 100   0   0   0|   0     0 |5422B 2788B|   0     0 |  24    66 |02-12 20:14:26
  1   0  99   0   0   0|   0     0 |   0     0 |   0     0 |  31    90 |02-12 20:14:27
  0   0 100   0   0   0|   0     0 |   0     0 |   0     0 |  19    27 |02-12 20:14:28
  1   0  99   0   0   0|   0     0 |5422B 2788B|   0     0 |  25    78 |02-12 20:14:29
  0   0 100   0   0   0|   0     0 |   0     0 |   0     0 |  19    29 |02-12 20:14:30
  0   0 100   0   0   0|   0     0 |   0     0 |   0     0 |  18    25 |02-12 20:14:31
  1   1  99   0   0   0|   0     0 |5422B 2788B|   0     0 |  35    93 |02-12 20:14:32
  1   1  98   0   0   0|   0     0 |2819B 6161B|   0     0 |  52   163 |02-12 20:14:33
  1   0  99   0   0   0|   0     0 |2519B 2527B|   0     0 |  49   155 |02-12 20:14:34
