[7l----total-cpu-usage---- -dsk/total- -net/total- ---paging-- ---system-- ----system----
usr sys idl wai hiq siq| read  writ| recv  send|  in   out | int   csw |     time     
  5   4  91   0   0   1|  14k  188k|   0     0 |   0     0 |2954  8302 |02-12 18:59:24
  2   1  98   0   0   0|   0     0 |7384B 5217B|   0     0 | 211   569 |02-12 18:59:25
  3   1  96   0   0   0|   0     0 |2004B 1500B|   0     0 | 360   885 |02-12 18:59:26
  0   0 100   0   0   0|   0     0 |   0     0 |   0     0 |  19    91 |02-12 18:59:27
  0   0 100   0   0   0|   0     0 |5478B 2805B|   0     0 |  20    96 |02-12 18:59:28
  0   0 100   0   0   0|   0     0 |  90B   90B|   0     0 | 186    82 |02-12 18:59:29
  0   0 100   0   0   0|   0     0 |   0     0 |   0     0 |  19    77 |02-12 18:59:30
  6   1  93   0   0   0|   0     0 | 276k  231k|   0     0 | 877  2054 |02-12 18:59:31
 29   6  63   0   0   3|   0     0 |  13M   13M|   0     0 |2604  9493 |02-12 18:59:32
 22   3  73   0   0   2|   0     0 |  13M   13M|   0     0 |2004  8961 |02-12 18:59:33
 10   2  85   0   0   2|   0     0 |  13M   13M|   0     0 |2126  8996 |02-12 18:59:34
  6   2  89   0   0   2|   0     0 |  13M   13M|   0     0 |2428  9053 |02-12 18:59:35
  6   3  89   0   0   2|   0     0 |  13M   13M|   0     0 |3070  9318 |02-12 18:59:36
  4   2  91   0   0   3|   0     0 |  13M   13M|   0     0 |3086  9391 |02-12 18:59:37
  4   3  90   0   0   2|   0     0 |  13M   13M|   0     0 |3033  9067 |02-12 18:59:38
 10   3  84   0   0   2|   0     0 |  13M   13M|   0     0 |3097  9175 |02-12 18:59:39
 13   3  82   0   0   3|   0     0 |  13M   13M|   0     0 |3161  9089 |02-12 18:59:40
 12   3  83   0   0   2|   0     0 |  13M   13M|   0     0 |3016  8977 |02-12 18:59:41
  5   3  90   0   0   2|   0     0 |  13M   13M|   0     0 |3014  8942 |02-12 18:59:42
 11   3  83   0   0   2|   0     0 |  13M   13M|   0     0 |3150  8962 |02-12 18:59:43
  3   3  92   0   0   2|   0     0 |  13M   13M|   0     0 |3321  8946 |02-12 18:59:44
  3   3  93   0   0   2|   0     0 |  13M   13M|   0     0 |3467  9133 |02-12 18:59:45
 12   2  84   0   0   2|   0     0 |  13M   13M|   0     0 |3276  9059 |02-12 18:59:46
  2   2  93   0   0   2|   0     0 |  13M   13M|   0     0 |3323  9169 |02-12 18:59:47
  3   3  92   0   0   3|   0     0 |  13M   13M|   0     0 |3373  9187 |02-12 18:59:48
  2   2  94   0   0   2|   0     0 |  13M   13M|   0     0 |3342  9076 |02-12 18:59:49
  5   3  89   0   0   3|   0     0 |  13M   13M|   0     0 |3240  9223 |02-12 18:59:50
  9   3  86   0   0   2|   0     0 |  13M   13M|   0     0 |3585  9795 |02-12 18:59:51
  2   2  94   0   0   2|   0     0 |  13M   13M|   0     0 |3235  9150 |02-12 18:59:52
  3   3  92   0   0   2|   0     0 |  13M   13M|   0     0 |3517  9661 |02-12 18:59:53
 11   3  83   0   0   3|   0     0 |  12M   12M|   0     0 |3466  9110 |02-12 18:59:54
 10   3  83   2   0   2|   0    72k|  13M   13M|   0     0 |3473  9374 |02-12 18:59:55
 12   3  81   0   0   3|   0     0 |  13M   13M|   0     0 |3527  9215 |02-12 18:59:56
  6   3  89   0   0   2|   0   104k|  13M   13M|   0     0 |3234  9088 |02-12 18:59:57
  9   2  86   0   0   2|   0     0 |  13M   13M|   0     0 |3303  9581 |02-12 18:59:58
  5   2  91   0   0   2|   0     0 |  13M   13M|   0     0 |3341  9162 |02-12 18:59:59
 10   3  84   0   0   3|   0     0 |  13M   13M|   0     0 |3459  9435 |02-12 19:00:00
  3   2  92   0   0   2|   0     0 |  13M   13M|   0     0 |3306  9316 |02-12 19:00:01
  3   3  92   0   0   2|   0     0 |  13M   13M|   0     0 |3512  9140 |02-12 19:00:02
  2   2  93   0   0   3|   0     0 |  13M   13M|   0     0 |3443  9256 |02-12 19:00:03
  2   3  93   0   0   2|   0     0 |  13M   13M|   0     0 |3594  9295 |02-12 19:00:04
  2   2  93   0   0   2|   0     0 |  13M   13M|   0     0 |3183  9263 |02-12 19:00:05
  2   3  92   0   0   3|   0     0 |  13M   13M|   0     0 |3162  9276 |02-12 19:00:06
  3   3  92   0   0   2|   0     0 |  13M   13M|   0     0 |3364  9249 |02-12 19:00:07
  3   3  92   0   0   2|   0     0 |  13M   13M|   0     0 |3416  9347 |02-12 19:00:08
  2   3  94   0   0   1|   0     0 |  12M   12M|   0     0 |3321  9073 |02-12 19:00:09
  3   4  92   0   0   1|   0     0 |  13M   13M|   0     0 |3475  9427 |02-12 19:00:10
  2   3  93   0   0   2|   0     0 |  13M   13M|   0     0 |3384  9325 |02-12 19:00:11
  1   3  93   0   0   3|   0     0 |  13M   13M|   0     0 |3604  9292 |02-12 19:00:12
  2   3  93   0   0   2|   0     0 |  13M   12M|   0     0 |3444  9373 |02-12 19:00:13
  2   2  95   0   0   1|   0     0 |  13M   13M|   0     0 |3398  9092 |02-12 19:00:14
  2   2  93   0   0   3|   0     0 |  13M   13M|   0     0 |3412  9270 |02-12 19:00:15
  3   3  91   0   0   2|   0     0 |  13M   13M|   0     0 |3552  9552 |02-12 19:00:16
  2   3  93   0   0   2|   0     0 |  13M   13M|   0     0 |3416  9145 |02-12 19:00:17
  2   3  93   0   0   2|   0     0 |  13M   13M|   0     0 |3274  9255 |02-12 19:00:18
  3   2  93   0   0   2|   0     0 |  13M   12M|   0     0 |3525  9272 |02-12 19:00:19
  2   3  94   0   0   1|   0     0 |  13M   13M|   0     0 |3408  9185 |02-12 19:00:20
  3   3  92   0   0   2|   0     0 |  13M   13M|   0     0 |3350  9348 |02-12 19:00:21
  3   3  92   0   0   2|   0     0 |  13M   13M|   0     0 |3511  9250 |02-12 19:00:22
  3   2  93   0   0   2|   0     0 |  13M   13M|   0     0 |3404  9171 |02-12 19:00:23
  5   3  90   0   0   2|   0     0 |  13M   13M|   0     0 |3235  9312 |02-12 19:00:24
  2   2  94   0   0   2|   0     0 |  13M   13M|   0     0 |3140  9191 |02-12 19:00:25
  3   2  92   0   0   2|   0    24k|  13M   13M|   0     0 |3471  9297 |02-12 19:00:26
  2   2  94   0   0   2|   0    20k|  13M   13M|   0     0 |3537  9239 |02-12 19:00:27
  2   3  92   0   0   3|   0     0 |  13M   13M|   0     0 |3226  9148 |02-12 19:00:28
  1   3  94   0   0   2|   0     0 |  13M   13M|   0     0 |3247  9210 |02-12 19:00:29
  3   3  92   0   0   2|   0     0 |  13M   13M|   0     0 |3377  9256 |02-12 19:00:30
  2   2  94   0   0   2|   0     0 |  13M   12M|   0     0 |3323  9272 |02-12 19:00:31
  6   2  92   0   0   1|   0  8192B|4819k 4747k|   0     0 |1417  3468 |02-12 19:00:32
  6   5  89   0   0   0|   0     0 |4224B 4224B|   0     0 |  70   176 |02-12 19:00:33
  5   6  89   0   0   0|   0     0 |   0     0 |   0     0 |  28    93 |02-12 19:00:34
  5   6  89   0   0   0|   0     0 |5478B 2805B|   0     0 |  68   221 |02-12 19:00:35
  5   6  89   0   0   0|   0     0 |   0     0 |   0     0 |  40   139 |02-12 19:00:36
  5   5  89   0   0   0|   0     0 |   0     0 |   0     0 |  52   142 |02-12 19:00:37
  5   6  89   0   0   0|   0     0 |7259B 4160B|   0     0 |  38   171 |02-12 19:00:38
  8   5  87   0   0   0|   0     0 |1840B 2412B|   0     0 | 279   704 |02-12 19:00:39
 12   4  84   0   0   0|   0     0 |  15k   14k|   0     0 | 734  1689 |02-12 19:00:40
  0   0 100   0   0   0|   0     0 |5478B 2805B|   0     0 |  37   121 |02-12 19:00:41
  0   0 100   0   0   0|   0     0 |   0     0 |   0     0 |  23    44 |02-12 19:00:42
  0   0 100   0   0   0|   0     0 |   0     0 |   0     0 |  23    59 |02-12 19:00:43
  0   0 100   0   0   0|   0     0 |5478B 2805B|   0     0 |  21    74 |02-12 19:00:44
  0   0 100   0   0   0|   0     0 |   0     0 |   0     0 |  19    27 |02-12 19:00:45
  0   0 100   0   0   0|   0     0 |   0     0 |   0     0 |  33    90 |02-12 19:00:46
  0   0 100   0   0   0|   0     0 |5478B 2805B|   0     0 |  20    73 |02-12 19:00:47
  0   0 100   0   0   0|   0     0 |   0     0 |   0     0 |  20    33 |02-12 19:00:48
  0   0 100   0   0   0|   0     0 |   0     0 |   0     0 |  23    37 |02-12 19:00:49
  0   0 100   0   0   0|   0     0 |7307B 4656B|   0     0 |  35   125 |02-12 19:00:50
  2   1  98   0   0   0|   0     0 |1726B 2026B|   0     0 | 223   587 |02-12 19:00:51
  0   0  99   0   0   0|   0     0 |3367B 2561B|   0     0 | 111   308 |02-12 19:00:52
  4   1  95   0   0   0|   0     0 |  11k   10k|   0     0 | 413  1072 |02-12 19:00:53
  1   0  99   0   0   0|   0     0 | 694B 1324B|   0     0 | 126   352 |02-12 19:00:54
  0   0 100   0   0   0|   0     0 |   0     0 |   0     0 |  23   115 |02-12 19:00:55
  0   0 100   0   0   0|   0     0 |5478B 2805B|   0     0 |  37   155 |02-12 19:00:56
  0   0 100   1   0   0|   0    72k|   0     0 |   0     0 |  22    91 |02-12 19:00:57
  0   0 100   0   0   0|   0    60k|   0     0 |   0     0 |  18    72 |02-12 19:00:58
 25   4  69   0   0   2|   0     0 |6558k 6543k|   0     0 |2043  6531 |02-12 19:00:59
 20   3  73   0   0   3|   0     0 |  13M   13M|   0     0 |1859  9226 |02-12 19:01:00
 19   3  75   0   0   3|   0     0 |  13M   13M|   0     0 |1715  9220 |02-12 19:01:01
  9   2  86   0   0   2|   0     0 |  13M   13M|   0     0 |1614  9308 |02-12 19:01:02
  5   3  89   0   0   3|   0    16k|  13M   13M|   0     0 |2292  9331 |02-12 19:01:03
  4   3  91   0   0   2|   0     0 |  13M   13M|   0     0 |2763  9236 |02-12 19:01:04
  2   2  94   0   0   2|   0     0 |  13M   13M|   0     0 |2698  9097 |02-12 19:01:05
  8   3  86   0   0   3|   0     0 |  13M   13M|   0     0 |2919  9505 |02-12 19:01:06
 12   3  81   0   0   3|   0     0 |  13M   13M|   0     0 |2486  9067 |02-12 19:01:07
 11   2  85   0   0   2|   0     0 |  13M   13M|   0     0 |2478  9076 |02-12 19:01:08
  8   2  87   0   0   3|   0     0 |  13M   13M|   0     0 |2683  9179 |02-12 19:01:09
 10   3  85   0   0   2|   0     0 |  13M   13M|   0     0 |2894  9185 |02-12 19:01:10
  9   2  86   0   0   2|   0     0 |  13M   13M|   0     0 |2578  9280 |02-12 19:01:11
  9   3  87   0   0   2|   0     0 |  13M   13M|   0     0 |2379  9231 |02-12 19:01:12
  2   3  92   0   0   2|   0    84k|  13M   13M|   0     0 |2766  9306 |02-12 19:01:13
  3   2  93   0   0   3|   0     0 |  13M   13M|   0     0 |2806  9338 |02-12 19:01:14
  3   3  92   0   0   2|   0     0 |  13M   13M|   0     0 |2658  9161 |02-12 19:01:15
  3   3  92   0   0   3|   0     0 |  13M   13M|   0     0 |2748  9214 |02-12 19:01:16
  5   3  89   0   0   3|   0     0 |  13M   13M|   0     0 |2879  9437 |02-12 19:01:17
  4   2  91   0   0   3|   0     0 |  13M   13M|   0     0 |2780  9434 |02-12 19:01:18
  7   2  89   0   0   2|   0     0 |  13M   13M|   0     0 |2744  9639 |02-12 19:01:19
  2   3  93   0   0   3|   0     0 |  13M   13M|   0     0 |2708  9266 |02-12 19:01:20
  4   3  91   0   0   2|   0     0 |  13M   13M|   0     0 |2789  9247 |02-12 19:01:21
 11   3  82   0   0   3|   0     0 |  13M   13M|   0     0 |3057  9181 |02-12 19:01:22
 13   4  80   0   0   3|   0     0 |  12M   12M|   0     0 |2961  9374 |02-12 19:01:23
 11   3  84   0   0   2|   0    32k|  13M   13M|   0     0 |3063  9308 |02-12 19:01:24
  7   3  88   0   0   2|   0     0 |  13M   13M|   0     0 |3038  9283 |02-12 19:01:25
 12   3  81   0   0   3|   0     0 |  13M   13M|   0     0 |3499  9380 |02-12 19:01:26
  5   2  90   0   0   3|   0     0 |  13M   13M|   0     0 |3291  9732 |02-12 19:01:27
  3   4  91   0   0   2|   0    44k|  13M   13M|   0     0 |3404  9321 |02-12 19:01:28
  2   2  93   0   0   2|   0     0 |  13M   13M|   0     0 |3076  9495 |02-12 19:01:29
  1   2  94   0   0   2|   0     0 |  13M   13M|   0     0 |3055  9420 |02-12 19:01:30
  3   3  92   0   0   3|   0     0 |  13M   13M|   0     0 |3088  9225 |02-12 19:01:31
  3   3  92   0   0   3|   0     0 |  13M   13M|   0     0 |3338  9392 |02-12 19:01:32
  3   3  93   0   0   2|   0     0 |  13M   13M|   0     0 |3236  9258 |02-12 19:01:33
  2   3  93   0   0   2|   0  4096B|  13M   13M|   0     0 |3402  9147 |02-12 19:01:34
  3   2  93   0   0   3|   0     0 |  13M   13M|   0     0 |3317  9243 |02-12 19:01:35
  2   2  93   0   0   3|   0     0 |  13M   13M|   0     0 |3256  9366 |02-12 19:01:36
  3   3  93   0   0   2|   0     0 |  13M   13M|   0     0 |3376  9374 |02-12 19:01:37
  2   2  93   0   0   3|   0     0 |  13M   13M|   0     0 |3387  9282 |02-12 19:01:38
  2   3  93   0   0   3|   0     0 |  13M   13M|   0     0 |3329  9327 |02-12 19:01:39
  3   2  93   0   0   2|   0     0 |  13M   13M|   0     0 |3251  9390 |02-12 19:01:40
  2   3  93   0   0   2|   0     0 |  13M   13M|   0     0 |3291  9137 |02-12 19:01:41
  2   3  92   0   0   3|   0     0 |  13M   13M|   0     0 |3343  9234 |02-12 19:01:42
  2   3  94   0   0   2|   0     0 |  13M   12M|   0     0 |3217  9185 |02-12 19:01:43
  3   2  93   0   0   2|   0     0 |  13M   13M|   0     0 |3151  9167 |02-12 19:01:44
  3   3  93   0   0   2|   0     0 |  13M   13M|   0     0 |3052  9329 |02-12 19:01:45
  3   3  93   0   0   2|   0     0 |  13M   13M|   0     0 |3327  9405 |02-12 19:01:46
  2   3  94   0   0   2|   0     0 |  13M   13M|   0     0 |3081  9372 |02-12 19:01:47
  2   2  93   0   0   2|   0     0 |  13M   13M|   0     0 |3251  9312 |02-12 19:01:48
  2   2  94   0   0   2|   0     0 |  13M   13M|   0     0 |2935  9264 |02-12 19:01:49
  2   3  93   0   0   2|   0     0 |  13M   13M|   0     0 |2883  9301 |02-12 19:01:50
  3   3  93   0   0   2|   0     0 |  12M   12M|   0     0 |3126  9346 |02-12 19:01:51
  3   3  92   0   0   2|   0     0 |  13M   13M|   0     0 |3225  9176 |02-12 19:01:52
  3   3  93   0   0   2|   0     0 |  13M   13M|   0     0 |3384  9189 |02-12 19:01:53
  2   2  93   0   0   2|   0    20k|  13M   13M|   0     0 |3466  9152 |02-12 19:01:54
  2   3  93   0   0   2|   0     0 |  13M   13M|   0     0 |3529  9278 |02-12 19:01:55
  2   2  94   0   0   2|   0     0 |  13M   13M|   0     0 |3291  9237 |02-12 19:01:56
  2   3  92   0   0   3|   0     0 |  13M   13M|   0     0 |3324  9366 |02-12 19:01:57
  3   3  92   0   0   3|   0     0 |  13M   13M|   0     0 |3306  9235 |02-12 19:01:58
  4   2  92   1   0   1|   0    40k|  10M   10M|   0     0 |3050  9522 |02-12 19:01:59
 10   5  85   0   0   0|   0    48k|3281k 3230k|   0     0 |1030  3886 |02-12 19:02:00
  5   6  89   0   0   0|   0     0 |4224B 4224B|   0     0 |  41   122 |02-12 19:02:01
  5   6  89   0   0   0|   0     0 |   0     0 |   0     0 |  58   149 |02-12 19:02:02
  5   6  89   0   0   0|   0     0 |5478B 2805B|   0     0 |  36   133 |02-12 19:02:03
  5   6  90   0   0   0|   0     0 |   0     0 |   0     0 |  55   134 |02-12 19:02:04
  5   6  89   0   0   0|   0  8192B|1829B 1851B|   0     0 |  44   134 |02-12 19:02:05
  6   6  87   0   0   0|   0     0 |7912B 4461B|   0     0 | 236   588 |02-12 19:02:06
 13   5  82   0   0   0|   0     0 |  15k   19k|   0     0 | 783  1801 |02-12 19:02:07
  0   0 100   0   0   0|   0     0 |   0     0 |   0     0 |  20    33 |02-12 19:02:08
  0   0 100   0   0   0|   0     0 |5478B 2805B|   0     0 |  20    58 |02-12 19:02:09
  0   0 100   0   0   0|   0     0 |   0     0 |   0     0 |  18    40 |02-12 19:02:10
  0   0 100   0   0   0|   0     0 |   0     0 |   0     0 |  29    87 |02-12 19:02:11
  0   0 100   0   0   0|   0     0 |5478B 2805B|   0     0 |  21    57 |02-12 19:02:12
  0   0 100   0   0   0|   0     0 |   0     0 |   0     0 |  18    27 |02-12 19:02:13
  0   0 100   0   0   0|   0     0 |   0     0 |   0     0 |  19    26 |02-12 19:02:14
  0   0 100   0   0   0|   0     0 |5478B 2805B|   0     0 |  18    73 |02-12 19:02:15
  0   0 100   0   0   0|   0     0 |   0     0 |   0     0 |  30    75 |02-12 19:02:16
  0   0 100   0   0   0|   0     0 |  74B   74B|   0     0 |  22    35 |02-12 19:02:17
  0   0 100   0   0   0|   0     0 |8129B 5332B|   0     0 |  53   174 |02-12 19:02:18
  2   1  98   0   0   0|   0     0 |2599B 3209B|   0     0 | 288   756 |02-12 19:02:19
  1   1  98   0   0   0|   0     0 |3308B 1406B|   0     0 | 150   376 |02-12 19:02:20
  4   1  94   0   0   0|   0     0 |7482B 5377B|   0     0 | 549  1355 |02-12 19:02:21
  0   0 100   0   0   0|   0     0 |   0     0 |   0     0 |  23   104 |02-12 19:02:22
  0   0 100   0   0   0|   0     0 |   0     0 |   0     0 |  23   113 |02-12 19:02:23
  0   0 100   0   0   0|   0     0 |5900B 3517B|   0     0 |  25   132 |02-12 19:02:24
  0   0 100   0   0   0|   0     0 |   0     0 |   0     0 |  25    91 |02-12 19:02:25
 24   4  71   0   0   1|   0     0 |7417k 7380k|   0     0 |2463  7557 |02-12 19:02:26
 23   4  71   0   0   2|   0     0 |  13M   13M|   0     0 |2286  8942 |02-12 19:02:27
 14   3  81   0   0   3|   0     0 |  13M   13M|   0     0 |2432  8771 |02-12 19:02:28
  8   2  87   0   0   2|   0     0 |  12M   13M|   0     0 |2771  8919 |02-12 19:02:29
  5   2  90   1   0   2|   0    68k|  13M   13M|   0     0 |2926  9038 |02-12 19:02:30
  5   3  91   0   0   2|   0     0 |  12M   12M|   0     0 |2979  9178 |02-12 19:02:31
  3   3  91   0   0   3|   0     0 |  12M   12M|   0     0 |3250  8965 |02-12 19:02:32
 11   3  85   0   0   1|   0     0 |  13M   13M|   0     0 |3364  9063 |02-12 19:02:33
 12   3  83   0   0   2|   0     0 |  12M   12M|   0     0 |3475  9021 |02-12 19:02:34
  7   3  88   0   0   2|   0     0 |  13M   13M|   0     0 |3467  9093 |02-12 19:02:35
 11   3  83   0   0   2|   0     0 |  12M   12M|   0     0 |3491  9192 |02-12 19:02:36
  5   3  91   0   0   1|   0     0 |  13M   13M|   0     0 |3361  9064 |02-12 19:02:37
 11   3  85   0   0   2|   0     0 |  13M   13M|   0     0 |3212  8792 |02-12 19:02:38
 13   3  82   0   0   2|   0     0 |  13M   13M|   0     0 |3382  9175 |02-12 19:02:39
  2   2  93   0   0   2|   0    96k|  13M   13M|   0     0 |3548  9236 |02-12 19:02:40
  3   3  92   0   0   2|   0     0 |  12M   13M|   0     0 |3499  9214 |02-12 19:02:41
  3   3  93   0   0   2|   0     0 |  13M   13M|   0     0 |3366  9176 |02-12 19:02:42
  2   2  94   0   0   2|   0     0 |  13M   13M|   0     0 |3508  9338 |02-12 19:02:43
  4   3  92   0   0   2|   0     0 |  12M   12M|   0     0 |3482  9200 |02-12 19:02:44
  5   2  90   0   0   3|   0     0 |  13M   13M|   0     0 |3619  9701 |02-12 19:02:45
  5   3  90   0   0   2|   0     0 |  13M   13M|   0     0 |3371  9298 |02-12 19:02:46
  3   3  92   0   0   2|   0     0 |  13M   13M|   0     0 |3490  9275 |02-12 19:02:47
  4   2  91   0   0   3|   0     0 |  13M   13M|   0     0 |3330  9246 |02-12 19:02:48
 12   3  83   0   0   2|   0     0 |  13M   13M|   0     0 |3200  9053 |02-12 19:02:49
 11   2  85   0   0   2|   0     0 |  13M   13M|   0     0 |3301  9373 |02-12 19:02:50
 12   3  82   0   0   2|   0     0 |  12M   12M|   0     0 |3255  9207 |02-12 19:02:51
 11   2  84   0   0   2|   0     0 |  13M   13M|   0     0 |3298  9223 |02-12 19:02:52
  4   3  91   0   0   2|   0     0 |  12M   12M|   0     0 |3433  9298 |02-12 19:02:53
  3   3  92   0   0   2|   0     0 |  13M   13M|   0     0 |3309  9150 |02-12 19:02:54
 10   3  85   0   0   2|   0     0 |  13M   13M|   0     0 |3283  9187 |02-12 19:02:55
  6   3  89   0   0   2|   0    32k|  13M   13M|   0     0 |3215  9139 |02-12 19:02:56
  2   3  93   0   0   2|   0     0 |  13M   12M|   0     0 |3282  9216 |02-12 19:02:57
  3   2  93   0   0   2|   0     0 |  13M   13M|   0     0 |3346  9313 |02-12 19:02:58
  3   2  93   0   0   2|   0     0 |  13M   13M|   0     0 |3284  9356 |02-12 19:02:59
  2   3  92   0   0   3|   0     0 |  13M   13M|   0     0 |3565  9326 |02-12 19:03:00
  2   3  92   1   0   2|   0    92k|  13M   13M|   0     0 |3397  9278 |02-12 19:03:01
  3   3  93   0   0   2|   0     0 |  13M   13M|   0     0 |3103  9275 |02-12 19:03:02
  2   3  93   0   0   2|   0     0 |  13M   13M|   0     0 |3531  9444 |02-12 19:03:03
  3   3  92   0   0   2|   0     0 |  12M   12M|   0     0 |3450  9267 |02-12 19:03:04
  2   3  93   0   0   2|   0     0 |  13M   13M|   0     0 |3463  9176 |02-12 19:03:05
  3   3  93   0   0   2|   0     0 |  13M   13M|   0     0 |3452  9510 |02-12 19:03:06
  2   2  93   0   0   2|   0     0 |  13M   13M|   0     0 |3596  9377 |02-12 19:03:07
  2   3  94   0   0   2|   0     0 |  13M   13M|   0     0 |3499  9386 |02-12 19:03:08
  2   2  93   0   0   2|   0     0 |  13M   13M|   0     0 |3320  9387 |02-12 19:03:09
  3   3  92   0   0   3|   0     0 |  13M   12M|   0     0 |3294  9379 |02-12 19:03:10
  2   2  93   0   0   3|   0  4096B|  13M   13M|   0     0 |3264  9183 |02-12 19:03:11
  2   2  93   0   0   2|   0     0 |  12M   12M|   0     0 |3640  9326 |02-12 19:03:12
  3   3  92   0   0   2|   0     0 |  13M   13M|   0     0 |3485  9255 |02-12 19:03:13
  2   3  92   0   0   3|   0     0 |  12M   13M|   0     0 |3289  9107 |02-12 19:03:14
  2   3  92   0   0   2|   0     0 |  13M   13M|   0     0 |3518  9401 |02-12 19:03:15
  2   2  94   0   0   2|   0     0 |  13M   13M|   0     0 |3507  9307 |02-12 19:03:16
  3   2  93   0   0   2|   0     0 |  13M   13M|   0     0 |3450  9192 |02-12 19:03:17
  2   2  93   0   0   2|   0     0 |  13M   13M|   0     0 |3405  9561 |02-12 19:03:18
  1   1  97   0   0   1|   0     0 |4692k 4693k|   0     0 |1393  3638 |02-12 19:03:19
  1   1  97   0   0   1|   0     0 |5417k 5404k|   0     0 |1442  4093 |02-12 19:03:20
  1   1  98   0   0   0|   0     0 |3675k 3670k|   0     0 | 946  2951 |02-12 19:03:21
  0   0 100   0   0   0|   0     0 | 387k  384k|   0     0 | 115   403 |02-12 19:03:22
  0   0 100   0   0   0|   0     0 |  35k   36k|   0     0 |  37   139 |02-12 19:03:23
  1   1  97   0   0   1|   0     0 |8458k 8453k|   0     0 |2134  6292 |02-12 19:03:24
  2   3  93   0   0   2|   0     0 |  13M   13M|   0     0 |3441  9304 |02-12 19:03:25
  5   3  91   0   0   2|   0     0 |  12M   12M|   0     0 |3382  9083 |02-12 19:03:26
  8   5  87   0   0   0|   0    20k|2705k 2670k|   0     0 | 809  2056 |02-12 19:03:27
  6   5  89   0   0   0|   0     0 |9702B 7029B|   0     0 |  29   122 |02-12 19:03:28
  5   6  90   0   0   0|   0     0 |   0     0 |   0     0 |  64   165 |02-12 19:03:29
  5   5  89   0   0   0|   0     0 |   0     0 |   0     0 |  24    90 |02-12 19:03:30
  6   5  89   0   0   0|   0     0 |5478B 2805B|   0     0 |  78   255 |02-12 19:03:31
  5   6  89   0   0   0|   0    32k|1895B 1851B|   0     0 |  41   136 |02-12 19:03:32
  6   6  87   0   0   0|   0    16k|1726B 1916B|   0     0 | 269   652 |02-12 19:03:33
 12   4  84   0   0   0|   0     0 |  19k   18k|   0     0 | 703  1581 |02-12 19:03:34
  0   0 100   0   0   0|   0     0 |1776B  528B|   0     0 |  20    45 |02-12 19:03:35
  0   0 100   0   0   0|   0     0 |   0     0 |   0     0 |  32    73 |02-12 19:03:36
  0   0 100   0   0   0|   0     0 |5478B 2805B|   0     0 |  24    71 |02-12 19:03:37
  0   0 100   0   0   0|   0     0 |   0     0 |   0     0 |  24    43 |02-12 19:03:38
  0   0 100   0   0   0|   0     0 |   0     0 |   0     0 |  23    59 |02-12 19:03:39
  0   0 100   0   0   0|   0     0 |5478B 2805B|   0     0 |  23    81 |02-12 19:03:40
  0   0 100   0   0   0|   0     0 |   0     0 |   0     0 |  34    79 |02-12 19:03:41
  0   0 100   0   0   0|   0  8192B|   0     0 |   0     0 |  23    55 |02-12 19:03:42
  0   0 100   0   0   0|   0     0 |5478B 2805B|   0     0 |  24    97 |02-12 19:03:43
  0   0 100   0   0   0|   0     0 |1715B 1355B|   0     0 |  32    87 |02-12 19:03:44
  2   1  97   0   0   0|   0     0 |1906B 2412B|   0     0 | 218   569 |02-12 19:03:45
  0   1  99   0   0   0|   0     0 |8763B 5410B|   0     0 | 121   342 |02-12 19:03:46
  2   1  97   0   0   0|   0     0 |3044B 2230B|   0     0 | 265   684 |02-12 19:03:47
  3   1  96   0   0   0|   0     0 |3112B 5056B|   0     0 | 515  1205 |02-12 19:03:48
  0   0 100   0   0   0|   0     0 |5712B 3327B|   0     0 |  36   171 |02-12 19:03:49
  0   0 100   0   0   0|   0     0 |1008B  890B|   0     0 |  49   152 |02-12 19:03:50
  0   0 100   0   0   0|   0     0 |1110B  872B|   0     0 |  64   206 |02-12 19:03:51
  0   0 100   0   0   0|   0     0 |6146B 3323B|   0     0 |  42   181 |02-12 19:03:52
 31   7  60   0   0   2|  76k    0 |7707k 7573k|   0     0 |1873  6690 |02-12 19:03:53
 23   4  71   0   0   2|   0     0 |  13M   13M|   0     0 |1336  6554 |02-12 19:03:54
 18   3  77   0   0   1|   0     0 |  13M   13M|   0     0 |1224  6317 |02-12 19:03:55
  4   3  91   0   0   2|   0     0 |  13M   12M|   0     0 |1185  6215 |02-12 19:03:56
  7   3  88   0   0   2|   0     0 |  13M   13M|   0     0 |1527  6396 |02-12 19:03:57
  6   3  89   0   0   2|   0     0 |  13M   12M|   0     0 |1726  6369 |02-12 19:03:58
  3   2  93   0   0   2|   0     0 |  13M   13M|   0     0 |1733  6184 |02-12 19:03:59
  9   2  88   0   0   1|   0     0 |  11M   11M|   0     0 |1722  5817 |02-12 19:04:00
 11   2  86   0   0   1|   0     0 |8496k 8360k|   0     0 |1238  4442 |02-12 19:04:01
  1   1  98   0   0   0|   0     0 |2410k 2546k|   0     0 | 341  1255 |02-12 19:04:02
  8   3  88   0   0   1|   0     0 |8293k 8284k|   0     0 |1268  4459 |02-12 19:04:03
  5   1  92   1   0   1|   0    96k|9775k 9771k|   0     0 |1362  5118 |02-12 19:04:04
  1   1  97   0   0   1|   0     0 |4214k 4065k|   0     0 | 569  2200 |02-12 19:04:05
 18   3  77   0   0   2|   0     0 |9646k 9692k|   0     0 |1170  4879 |02-12 19:04:06
 14   3  81   0   0   2|   0     0 |  13M   13M|   0     0 |1635  6610 |02-12 19:04:07
 10   3  86   0   0   1|   0   152k|  13M   12M|   0     0 |1615  6555 |02-12 19:04:08
 11   2  86   0   0   2|   0     0 |  12M   13M|   0     0 |1509  6308 |02-12 19:04:09
  4   3  91   0   0   2|   0     0 |  12M   12M|   0     0 |1616  6280 |02-12 19:04:10
  6   2  90   0   0   2|   0     0 |  13M   13M|   0     0 |1671  6543 |02-12 19:04:11
  6   2  90   0   0   2|   0     0 |  13M   13M|   0     0 |1710  6530 |02-12 19:04:12
  5   3  90   0   0   2|   0  8192B|  13M   13M|   0     0 |1792  6645 |02-12 19:04:13
  6   3  89   0   0   2|   0     0 |  13M   13M|   0     0 |1872  6752 |02-12 19:04:14
  5   3  90   0   0   2|   0     0 |  13M   13M|   0     0 |1901  6883 |02-12 19:04:15
  5   3  91   0   0   1|   0     0 |  13M   13M|   0     0 |1904  6688 |02-12 19:04:16
  6   3  90   0   0   1|   0     0 |  13M   13M|   0     0 |1831  6437 |02-12 19:04:17
  5   2  92   0   0   1|   0    32k|  13M   13M|   0     0 |1902  6396 |02-12 19:04:18
  2   2  94   0   0   2|   0     0 |  13M   13M|   0     0 |1896  6472 |02-12 19:04:19
 11   2  86   0   0   1|   0     0 |  13M   13M|   0     0 |1955  6647 |02-12 19:04:20
 11   2  84   0   0   2|   0     0 |  13M   13M|   0     0 |2030  6706 |02-12 19:04:21
 10   3  86   0   0   2|   0     0 |  13M   13M|   0     0 |1931  6555 |02-12 19:04:22
  4   2  93   0   0   1|   0     0 |  13M   13M|   0     0 |1880  6629 |02-12 19:04:23
  3   3  93   0   0   1|   0     0 |  13M   13M|   0     0 |1854  6390 |02-12 19:04:24
  3   2  94   0   0   1|   0     0 |  13M   13M|   0     0 |1917  6443 |02-12 19:04:25
  3   3  93   0   0   1|   0     0 |  13M   13M|   0     0 |1928  6345 |02-12 19:04:26
  7   3  89   0   0   1|   0     0 |  13M   13M|   0     0 |1843  6489 |02-12 19:04:27
  6   3  90   0   0   1|   0     0 |  13M   13M|   0     0 |1895  6526 |02-12 19:04:28
  3   3  93   0   0   1|   0     0 |  13M   13M|   0     0 |1959  6641 |02-12 19:04:29
  3   2  93   0   0   2|   0     0 |  13M   13M|   0     0 |1911  6544 |02-12 19:04:30
  2   3  94   0   0   1|   0     0 |  13M   13M|   0     0 |1919  6433 |02-12 19:04:31
  3   3  93   0   0   1|   0     0 |  13M   13M|   0     0 |1915  6515 |02-12 19:04:32
 12   2  84   0   0   2|   0     0 |  13M   13M|   0     0 |2184  6850 |02-12 19:04:33
  3   3  93   0   0   1|   0     0 |  13M   13M|   0     0 |1942  6384 |02-12 19:04:34
  2   3  90   3   0   2|   0    68k|  13M   13M|   0     0 |2011  6648 |02-12 19:04:35
  2   2  95   0   0   2|   0     0 |  13M   13M|   0     0 |2051  6633 |02-12 19:04:36
  3   2  93   0   0   2|   0     0 |  13M   13M|   0     0 |1888  6415 |02-12 19:04:37
  3   2  94   0   0   1|   0     0 |  13M   13M|   0     0 |2003  6563 |02-12 19:04:38
  2   2  95   0   0   1|   0     0 |  13M   13M|   0     0 |1934  6480 |02-12 19:04:39
  2   3  94   0   0   1|   0     0 |  13M   13M|   0     0 |1812  6411 |02-12 19:04:40
  3   3  93   0   0   2|   0     0 |  13M   13M|   0     0 |2060  6849 |02-12 19:04:41
  0   0  99   0   0   0|   0     0 | 840k  811k|   0     0 | 179   582 |02-12 19:04:42
  1   1  97   0   0   1|   0     0 |5115k 5116k|   0     0 | 843  2959 |02-12 19:04:43
  0   0 100   0   0   0|   0     0 |2497k 2490k|   0     0 | 326  1439 |02-12 19:04:44
  2   2  95   0   0   1|   0     0 |9659k 9658k|   0     0 |1452  5039 |02-12 19:04:45
  3   3  92   0   0   2|   0     0 |  13M   13M|   0     0 |2135  6774 |02-12 19:04:46
  2   2  94   0   0   1|   0     0 |  13M   13M|   0     0 |1994  6652 |02-12 19:04:47
  2   2  94   0   0   2|   0    24k|  12M   12M|   0     0 |1850  6214 |02-12 19:04:48
  2   3  93   0   0   2|   0     0 |  13M   13M|   0     0 |1926  6316 |02-12 19:04:49
  2   3  93   0   0   2|   0     0 |  13M   13M|   0     0 |1934  6521 |02-12 19:04:50
  2   2  94   0   0   2|   0     0 |  13M   13M|   0     0 |1980  6534 |02-12 19:04:51
  2   2  93   0   0   2|   0     0 |  13M   13M|   0     0 |2008  6662 |02-12 19:04:52
  3   3  91   0   0   2|   0     0 |  13M   12M|   0     0 |3035  9012 |02-12 19:04:53
 10   5  85   0   0   1|   0     0 |6297k 6205k|   0     0 |1784  5158 |02-12 19:04:54
  5   6  89   0   0   0|   0     0 |4728B 4530B|   0     0 |  41   150 |02-12 19:04:55
  5   6  89   0   0   0|   0     0 |5478B 2805B|   0     0 |  72   209 |02-12 19:04:56
  5   5  89   0   0   0|   0     0 | 168B  102B|   0     0 |  54   197 |02-12 19:04:57
  5   6  89   0   0   0|   0     0 | 336B  212B|   0     0 |  70   202 |02-12 19:04:58
  6   5  89   0   0   0|   0     0 |7673B 5012B|   0     0 |  55   181 |02-12 19:04:59
  7   6  87   0   0   0|   0     0 |1726B 2026B|   0     0 | 263   658 |02-12 19:05:00
 20   4  76   0   0   0|   0     0 |  16k   17k|   0     0 | 780  1860 |02-12 19:05:01
  0   0 100   0   0   0|   0     0 |5748B 3009B|   0     0 |  44   139 |02-12 19:05:02
  0   0 100   0   0   0|   0     0 | 366B  746B|   0     0 |  32    86 |02-12 19:05:03
  0   0 100   0   0   0|   0     0 | 438B  306B|   0     0 |  31    63 |02-12 19:05:04
  0   0 100   0   0   0|   0     0 |5646B 2907B|   0     0 |  25    73 |02-12 19:05:05
  0   0  99   1   0   0|   0    76k| 168B  110B|   0     0 |  28    72 |02-12 19:05:06
  0   0 100   0   0   0|   0     0 | 168B  102B|   0     0 |  36    95 |02-12 19:05:07
  0   0 100   0   0   0|   0     0 |5478B 2805B|   0     0 |  20    63 |02-12 19:05:08
  0   0 100   0   0   0|   0    60k|   0     0 |   0     0 |  24    54 |02-12 19:05:09
  0   0 100   0   0   0|   0     0 | 102B  380B|   0     0 |  29    58 |02-12 19:05:10
  0   0 100   0   0   0|   0     0 |5946B 3009B|   0     0 |  30    97 |02-12 19:05:11
  0   0 100   0   0   0|   0     0 |2195B 4515B|   0     0 |  63   189 |02-12 19:05:12
  2   1  98   0   0   0|   0     0 |2690B 2538B|   0     0 | 218   565 |02-12 19:05:13
  0   0 100   0   0   0|   0     0 |8125B 5140B|   0     0 | 107   331 |02-12 19:05:14
  4   2  94   0   0   0|   0     0 |5560B 6730B|   0     0 | 688  1665 |02-12 19:05:15
  0   0 100   0   0   0|   0     0 | 570B  322B|   0     0 |  53   172 |02-12 19:05:16
  0   0 100   0   0   0|   0     0 |5880B 3287B|   0     0 |  53   213 |02-12 19:05:17
  0   0 100   0   0   0|   0     0 | 840B  510B|   0     0 |  45   141 |02-12 19:05:18
  0   0 100   0   0   0|   0  8192B| 936B 1776B|   0     0 |  54   196 |02-12 19:05:19
  2   0  98   0   0   0|   0     0 |  33k   20k|   0     0 | 224   509 |02-12 19:05:20
 32   7  59   0   0   3|   0     0 |  11M   11M|   0     0 |2113  7935 |02-12 19:05:21
 23   3  72   0   0   3|   0     0 |  13M   13M|   0     0 |1358  6567 |02-12 19:05:22
 11   2  85   0   0   2|   0     0 |  13M   13M|   0     0 |1340  6505 |02-12 19:05:23
  3   2  93   0   0   1|   0     0 |  13M   13M|   0     0 |1427  6587 |02-12 19:05:24
  5   2  91   0   0   2|   0     0 |  13M   13M|   0     0 |1568  6525 |02-12 19:05:25
 11   3  85   0   0   2|   0     0 |  13M   13M|   0     0 |1655  6465 |02-12 19:05:26
  3   2  93   0   0   2|   0     0 |  13M   13M|   0     0 |1716  6616 |02-12 19:05:27
 11   2  86   0   0   1|   0     0 |  13M   13M|   0     0 |1635  6386 |02-12 19:05:28
 11   2  85   0   0   2|   0     0 |  13M   13M|   0     0 |1750  6411 |02-12 19:05:29
  8   3  88   0   0   1|   0     0 |  13M   13M|   0     0 |1729  6367 |02-12 19:05:30
  8   2  88   0   0   1|   0     0 |  13M   13M|   0     0 |1754  6504 |02-12 19:05:31
  8   4  86   0   0   2|   0     0 |  13M   13M|   0     0 |1829  6550 |02-12 19:05:32
  9   3  87   0   0   1|   0     0 |  13M   13M|   0     0 |1678  6324 |02-12 19:05:33
  3   3  93   0   0   2|   0     0 |  13M   13M|   0     0 |1787  6383 |02-12 19:05:34
  3   2  94   0   0   1|   0   296k|  13M   13M|   0     0 |1734  6336 |02-12 19:05:35
  3   3  93   0   0   2|   0     0 |  13M   13M|   0     0 |1935  6683 |02-12 19:05:36
  3   3  92   0   0   2|   0    96k|  13M   13M|   0     0 |1998  6576 |02-12 19:05:37
  3   3  93   0   0   1|   0     0 |  13M   13M|   0     0 |1788  6302 |02-12 19:05:38
  3   3  93   0   0   1|   0     0 |  13M   13M|   0     0 |1958  6589 |02-12 19:05:39
  3   3  92   0   0   2|   0     0 |  13M   13M|   0     0 |1952  6655 |02-12 19:05:40
  4   2  92   0   0   2|   0     0 |  13M   13M|   0     0 |2004  6696 |02-12 19:05:41
  6   3  90   0   0   1|   0     0 |  13M   13M|   0     0 |1955  6575 |02-12 19:05:42
  8   3  87   0   0   2|   0     0 |  13M   13M|   0     0 |1944  6722 |02-12 19:05:43
 11   2  85   0   0   2|   0     0 |  13M   13M|   0     0 |2020  6837 |02-12 19:05:44
 12   3  84   0   0   2|   0     0 |  13M   13M|   0     0 |2024  6845 |02-12 19:05:45
  2   2  93   0   0   2|   0     0 |  13M   13M|   0     0 |1902  6512 |02-12 19:05:46
  3   2  94   0   0   1|   0     0 |  13M   13M|   0     0 |1849  6561 |02-12 19:05:47
  6   3  90   0   0   2|   0     0 |  13M   13M|   0     0 |2113  6911 |02-12 19:05:48
  8   3  87   0   0   2|   0     0 |  13M   13M|   0     0 |1940  6586 |02-12 19:05:49
  7   3  88   0   0   2|   0    40k|  13M   13M|   0     0 |1961  6612 |02-12 19:05:50
  3   2  94   0   0   1|   0     0 |  13M   13M|   0     0 |2133  6838 |02-12 19:05:51
  3   2  93   0   0   2|   0     0 |  13M   13M|   0     0 |1928  6538 |02-12 19:05:52
  3   2  94   0   0   2|   0     0 |  13M   13M|   0     0 |1946  6547 |02-12 19:05:53
  3   2  93   0   0   2|   0     0 |  13M   13M|   0     0 |1978  6568 |02-12 19:05:54
  3   2  94   0   0   2|   0     0 |  13M   13M|   0     0 |2030  6564 |02-12 19:05:55
  3   2  94   0   0   1|   0     0 |  13M   13M|   0     0 |1949  6469 |02-12 19:05:56
  3   2  93   0   0   2|   0     0 |  13M   13M|   0     0 |1951  6614 |02-12 19:05:57
  3   3  93   0   0   1|   0     0 |  13M   13M|   0     0 |1844  6317 |02-12 19:05:58
  3   2  93   0   0   2|   0     0 |  13M   13M|   0     0 |1907  6701 |02-12 19:05:59
  3   3  93   0   0   1|   0     0 |  13M   13M|   0     0 |1805  6249 |02-12 19:06:00
  3   3  93   0   0   2|   0     0 |  13M   13M|   0     0 |1905  6369 |02-12 19:06:01
  3   2  93   0   0   2|   0     0 |  13M   13M|   0     0 |2092  6846 |02-12 19:06:02
  3   2  93   0   0   2|   0     0 |  13M   13M|   0     0 |1898  6705 |02-12 19:06:03
  2   2  95   0   0   1|   0     0 |  13M   13M|   0     0 |1814  6356 |02-12 19:06:04
  3   3  93   0   0   1|   0     0 |  13M   13M|   0     0 |1984  6720 |02-12 19:06:05
  2   3  93   0   0   2|   0     0 |  13M   13M|   0     0 |2051  6750 |02-12 19:06:06
  3   3  93   0   0   2|   0     0 |  13M   13M|   0     0 |1942  6534 |02-12 19:06:07
  3   3  93   0   0   2|   0    64k|  13M   13M|   0     0 |1915  6523 |02-12 19:06:08
  3   4  92   0   0   1|   0     0 |  13M   13M|   0     0 |2014  6724 |02-12 19:06:09
  2   3  94   0   0   2|   0   100k|  13M   13M|   0     0 |1977  6524 |02-12 19:06:10
  2   2  95   0   0   2|   0     0 |  13M   13M|   0     0 |1831  6298 |02-12 19:06:11
  3   2  94   0   0   1|   0     0 |  13M   13M|   0     0 |2011  6678 |02-12 19:06:12
  2   2  95   0   0   1|   0     0 |  13M   13M|   0     0 |2129  6745 |02-12 19:06:13
  3   2  93   0   0   2|   0     0 |  13M   13M|   0     0 |1936  6448 |02-12 19:06:14
  2   2  94   0   0   1|   0     0 |  13M   13M|   0     0 |1891  6346 |02-12 19:06:15
  3   2  94   0   0   1|   0     0 |  13M   13M|   0     0 |2044  6602 |02-12 19:06:16
  3   2  93   0   0   1|   0     0 |  13M   13M|   0     0 |2099  6871 |02-12 19:06:17
  2   2  95   0   0   1|   0     0 |  13M   13M|   0     0 |1853  6264 |02-12 19:06:18
  3   3  93   0   0   1|   0     0 |  13M   13M|   0     0 |1798  6441 |02-12 19:06:19
  3   2  93   0   0   2|   0     0 |  13M   13M|   0     0 |1837  6405 |02-12 19:06:20
  5   4  90   0   0   1|   0    24k|  13M   13M|   0     0 |4184    12k|02-12 19:06:21
 10   7  83   0   0   0|   0     0 |1533k 1513k|   0     0 | 588  1555 |02-12 19:06:22
  5   5  89   0   0   0|   0     0 |4458B 4612B|   0     0 |  66   197 |02-12 19:06:23
  5   5  89   0   0   0|   0     0 |   0     0 |   0     0 |  25    90 |02-12 19:06:24
  5   5  89   0   0   0|   0     0 |5478B 2805B|   0     0 |  75   203 |02-12 19:06:25
  5   6  89   0   0   0|   0     0 |   0     0 |   0     0 |  24    89 |02-12 19:06:26
  6   5  89   0   0   0|   0     0 |   0     0 |   0     0 |  76   213 |02-12 19:06:27
  5   6  89   0   0   0|   0     0 |7729B 5368B|   0     0 |  54   223 |02-12 19:06:28
  9   7  84   0   0   0|   0     0 |5096B 6894B|   0     0 | 656  1494 |02-12 19:06:29
 15   3  81   0   0   0|   0     0 |  13k   13k|   0     0 | 356   923 |02-12 19:06:30
  0   0 100   0   0   0|   0     0 |5478B 2805B|   0     0 |  23    77 |02-12 19:06:31
  0   0 100   0   0   0|   0     0 |   0     0 |   0     0 |  38   105 |02-12 19:06:32
  0   0 100   0   0   0|   0     0 |   0     0 |   0     0 |  23    49 |02-12 19:06:33
  0   0 100   0   0   0|   0     0 |5478B 2805B|   0     0 |  24    67 |02-12 19:06:34
  0   0 100   0   0   0|   0     0 |   0     0 |   0     0 |  18    41 |02-12 19:06:35
  0   0 100   0   0   0|   0     0 |   0     0 |   0     0 |  18    27 |02-12 19:06:36
  0   0 100   0   0   0|   0     0 |5478B 2805B|   0     0 |  41   133 |02-12 19:06:37
  0   0 100   0   0   0|   0     0 |   0     0 |   0     0 |  23    47 |02-12 19:06:38
  0   0 100   0   0   0|   0    44k|   0     0 |   0     0 |  22    64 |02-12 19:06:39
  0   0 100   0   0   0|   0     0 |5478B 2805B|   0     0 |  23    69 |02-12 19:06:40
  0   0 100   0   0   0|   0     0 |   0     0 |   0     0 |  24    45 |02-12 19:06:41
  0   0 100   0   0   0|   0     0 |1829B 1851B|   0     0 |  47   130 |02-12 19:06:42
  2   1  98   0   0   0|   0     0 |7204B 4831B|   0     0 | 210   583 |02-12 19:06:43
  0   0  99   0   0   0|   0     0 |3235B 2561B|   0     0 | 110   306 |02-12 19:06:44
  4   1  96   0   0   0|   0     0 |2998B 2230B|   0     0 | 400   980 |02-12 19:06:45
  1   0  98   0   0   0|   0     0 |7846B 7285B|   0     0 | 320   839 |02-12 19:06:46
  0   0 100   0   0   0|   0     0 |   0     0 |   0     0 |  34   148 |02-12 19:06:47
  0   0 100   0   0   0|   0     0 |   0     0 |   0     0 |  23    84 |02-12 19:06:48
  0   0 100   0   0   0|   0     0 |5478B 2805B|   0     0 |  22   107 |02-12 19:06:49
  3   0  96   0   0   0|   0     0 |  28k   18k|   0     0 | 339   763 |02-12 19:06:50
 48   9  39   0   0   4|   0     0 |  12M   12M|   0     0 |2033  8145 |02-12 19:06:51
 21   3  74   0   0   2|   0     0 |  13M   13M|   0     0 |1102  6128 |02-12 19:06:52
 16   3  79   0   0   2|   0     0 |  13M   13M|   0     0 |1245  6406 |02-12 19:06:53
  4   2  92   0   0   2|   0     0 |  13M   13M|   0     0 |1449  6580 |02-12 19:06:54
  7   3  89   0   0   1|   0     0 |  13M   13M|   0     0 |1628  6609 |02-12 19:06:55
  7   2  89   0   0   1|   0  8192B|  13M   13M|   0     0 |1563  6323 |02-12 19:06:56
  3   2  93   0   0   2|   0     0 |  13M   13M|   0     0 |1495  6157 |02-12 19:06:57
  8   3  87   0   0   2|   0     0 |  13M   13M|   0     0 |1655  6417 |02-12 19:06:58
 12   3  84   0   0   2|   0     0 |  13M   13M|   0     0 |1812  6715 |02-12 19:06:59
 11   2  85   0   0   2|   0     0 |  13M   13M|   0     0 |1855  6605 |02-12 19:07:00
 12   3  83   0   0   2|   0     0 |  13M   13M|   0     0 |1860  6742 |02-12 19:07:01
 10   3  85   0   0   2|   0   292k|  13M   13M|   0     0 |1706  6547 |02-12 19:07:02
  8   4  87   0   0   1|   0     0 |  13M   13M|   0     0 |1967  6904 |02-12 19:07:03
  5   2  92   0   0   1|   0     0 |  13M   13M|   0     0 |1679  6198 |02-12 19:07:04
 10   2  86   0   0   2|   0     0 |  13M   13M|   0     0 |1569  6162 |02-12 19:07:05
  2   3  94   0   0   1|   0     0 |  13M   13M|   0     0 |1893  6682 |02-12 19:07:06
  3   3  93   0   0   1|   0     0 |  13M   13M|   0     0 |1955  6749 |02-12 19:07:07
  2   2  95   0   0   2|   0     0 |  13M   13M|   0     0 |1786  6293 |02-12 19:07:08
  3   3  93   0   0   2|   0     0 |  13M   13M|   0     0 |1885  6571 |02-12 19:07:09
  5   3  91   0   0   1|   0    80k|  13M   13M|   0     0 |1883  6712 |02-12 19:07:10
  6   3  90   0   0   2|   0     0 |  13M   13M|   0     0 |2013  6735 |02-12 19:07:11
  4   2  92   0   0   2|   0    72k|  13M   13M|   0     0 |1922  6536 |02-12 19:07:12
 14   3  82   0   0   2|   0     0 |  13M   13M|   0     0 |2056  6949 |02-12 19:07:13
 12   3  84   0   0   1|   0     0 |  13M   13M|   0     0 |2003  6703 |02-12 19:07:14
  7   2  89   0   0   2|   0     0 |  13M   13M|   0     0 |1985  6693 |02-12 19:07:15
 11   3  84   0   0   2|   0     0 |  13M   13M|   0     0 |2067  6823 |02-12 19:07:16
  2   3  94   0   0   1|   0    32k|  13M   13M|   0     0 |1923  6522 |02-12 19:07:17
  6   2  91   0   0   1|   0     0 |  13M   13M|   0     0 |2017  6661 |02-12 19:07:18
  8   3  87   0   0   2|   0     0 |  13M   13M|   0     0 |1963  6594 |02-12 19:07:19
  2   2  94   0   0   1|   0     0 |  13M   13M|   0     0 |1882  6502 |02-12 19:07:20
  9   3  85   0   0   2|   0     0 |  13M   13M|   0     0 |2198  7115 |02-12 19:07:21
  7   3  88   0   0   2|   0     0 |  13M   13M|   0     0 |1777  6381 |02-12 19:07:22
  2   2  94   0   0   1|   0     0 |  12M   12M|   0     0 |1875  6335 |02-12 19:07:23
  3   2  93   0   0   2|   0     0 |  13M   13M|   0     0 |1999  6578 |02-12 19:07:24
  2   2  94   0   0   2|   0     0 |  13M   13M|   0     0 |1956  6555 |02-12 19:07:25
  2   3  93   0   0   2|   0     0 |  13M   13M|   0     0 |1983  6566 |02-12 19:07:26
  3   3  93   0   0   1|   0  8192B|  13M   13M|   0     0 |2061  6821 |02-12 19:07:27
  3   3  93   0   0   1|   0     0 |  13M   13M|   0     0 |2018  6535 |02-12 19:07:28
  4   2  92   0   0   2|   0     0 |  13M   13M|   0     0 |1990  6578 |02-12 19:07:29
  3   2  93   0   0   2|   0     0 |  13M   13M|   0     0 |2016  6575 |02-12 19:07:30
  3   2  94   0   0   1|   0     0 |  13M   13M|   0     0 |1956  6532 |02-12 19:07:31
  3   3  93   0   0   1|   0     0 |  13M   13M|   0     0 |2187  7003 |02-12 19:07:32
  2   2  94   0   0   2|   0     0 |  13M   13M|   0     0 |2074  6718 |02-12 19:07:33
  2   3  94   0   0   1|   0     0 |  13M   13M|   0     0 |1989  6575 |02-12 19:07:34
  2   2  94   0   0   2|   0     0 |  13M   13M|   0     0 |2019  6757 |02-12 19:07:35
  3   2  94   0   0   1|   0     0 |  13M   12M|   0     0 |1970  6473 |02-12 19:07:36
  2   2  95   0   0   2|   0     0 |  13M   13M|   0     0 |1985  6570 |02-12 19:07:37
  3   3  93   0   0   2|   0     0 |  13M   13M|   0     0 |1969  6557 |02-12 19:07:38
  2   3  94   0   0   1|   0     0 |  13M   13M|   0     0 |2120  6692 |02-12 19:07:39
  2   2  94   0   0   1|   0     0 |  13M   13M|   0     0 |2131  6837 |02-12 19:07:40
  2   2  94   0   0   1|   0    28k|  13M   13M|   0     0 |1986  6539 |02-12 19:07:41
  3   2  94   0   0   1|   0     0 |  13M   13M|   0     0 |1894  6469 |02-12 19:07:42
  2   2  94   0   0   2|   0     0 |  13M   13M|   0     0 |1874  6867 |02-12 19:07:43
  4   3  92   0   0   1|   0     0 |  13M   13M|   0     0 |2015  6816 |02-12 19:07:44
  2   3  94   0   0   1|   0     0 |  13M   13M|   0     0 |1861  6231 |02-12 19:07:45
  2   2  94   0   0   2|   0     0 |  13M   13M|   0     0 |1943  6473 |02-12 19:07:46
  2   3  93   0   0   1|   0     0 |  13M   13M|   0     0 |2086  6865 |02-12 19:07:47
  2   3  94   0   0   1|   0    20k|  13M   13M|   0     0 |1912  6576 |02-12 19:07:48
  2   3  94   0   0   2|   0     0 |  13M   13M|   0     0 |1974  6588 |02-12 19:07:49
  3   3  93   0   0   1|   0     0 |  13M   13M|   0     0 |2252  7020 |02-12 19:07:50
  4   1  95   0   0   0|   0     0 |1285k 1268k|   0     0 | 347  1004 |02-12 19:07:51
  6   6  88   0   0   0|   0     0 |4224B 4224B|   0     0 |  51   143 |02-12 19:07:52
  5   6  89   0   0   0|   0     0 |5478B 2805B|   0     0 |  68   193 |02-12 19:07:53
  5   6  89   0   0   0|   0     0 |2682B 5592B|   0     0 |  84   244 |02-12 19:07:54
  5   5  89   0   0   0|   0     0 |   0     0 |   0     0 |  18    85 |02-12 19:07:55
  5   5  89   0   0   0|   0     0 |5478B 2805B|   0     0 |  54   177 |02-12 19:07:56
  5   6  89   0   0   0|   0     0 |1943B 2359B|   0     0 |  55   177 |02-12 19:07:57
  7   6  87   0   0   0|   0  4096B|1870B 2026B|   0     0 | 280   660 |02-12 19:07:58
 20   4  76   0   0   0|   0     0 |  21k   20k|   0     0 | 676  1633 |02-12 19:07:59
  0   0 100   0   0   0|   0     0 |   0     0 |   0     0 |  18    39 |02-12 19:08:00
  0   0 100   0   0   0|   0     0 |   0     0 |   0     0 |  18    30 |02-12 19:08:01
  0   0 100   0   0   0|   0     0 |5478B 2805B|   0     0 |  30    96 |02-12 19:08:02
  0   0 100   0   0   0|   0     0 |   0     0 |   0     0 |  22    50 |02-12 19:08:03
  0   0 100   0   0   0|   0     0 |   0     0 |   0     0 |  18    25 |02-12 19:08:04
  0   0 100   0   0   0|   0     0 |5478B 2805B|   0     0 |  19    64 |02-12 19:08:05
  0   0 100   0   0   0|   0     0 |   0     0 |   0     0 |  18    23 |02-12 19:08:06
  0   0 100   0   0   0|   0     0 |   0     0 |   0     0 |  30    88 |02-12 19:08:07
  0   0 100   0   0   0|   0     0 |5478B 2805B|   0     0 |  30    75 |02-12 19:08:08
  0   0 100   0   0   0|   0     0 |   0     0 |   0     0 |  24    46 |02-12 19:08:09
  0   0 100   0   0   0|   0     0 |   0     0 |   0     0 |  24    49 |02-12 19:08:10
  0   0 100   0   0   0|   0     0 |5478B 2805B|   0     0 |  23    98 |02-12 19:08:11
  0   0 100   0   0   0|   0    60k|   0     0 |   0     0 |  38    97 |02-12 19:08:12
  0   0 100   0   0   0|   0    52k|   0     0 |   0     0 |  26    61 |02-12 19:08:13
  0   0 100   0   0   0|   0     0 |5478B 2805B|   0     0 |  21    73 |02-12 19:08:14
  0   0 100   0   0   0|   0     0 |   0     0 |   0     0 |  23    57 |02-12 19:08:15
  0   0 100   0   0   0|   0     0 |2155B 2203B|   0     0 |  43   123 |02-12 19:08:16
