[7l----total-cpu-usage---- -dsk/total- -net/total- ---paging-- ---system-- ----system----
usr sys idl wai hiq siq| read  writ| recv  send|  in   out | int   csw |     time     
  5   4  91   0   0   1|  13k  180k|   0     0 |   0     0 |2991  8432 |02-12 19:17:13
  0   0 100   0   0   0|   0     0 |5544B 2805B|   0     0 |  33   123 |02-12 19:17:14
  0   0 100   0   0   0|   0     0 |   0     0 |   0     0 |  25    65 |02-12 19:17:15
  0   0 100   0   0   0|   0     0 |2593B 2601B|   0     0 |  52   142 |02-12 19:17:16
  5   2  93   0   0   0|   0     0 |8480B 5663B|   0     0 | 529  1255 |02-12 19:17:17
  0   0 100   0   0   0|   0     0 |   0     0 |   0     0 |  23    87 |02-12 19:17:18
  0   0 100   0   0   0|   0     0 |   0     0 |   0     0 |  35   130 |02-12 19:17:19
  0   0 100   0   0   0|   0     0 |5478B 2805B|   0     0 |  28   131 |02-12 19:17:20
  0   0 100   0   0   0|   0     0 |   0     0 |   0     0 |  25   103 |02-12 19:17:21
  4   0  96   0   0   0|   0     0 |  92k   79k|   0     0 | 742  1652 |02-12 19:17:22
 14   3  81   0   0   2|   0     0 |6614k 6609k|   0     0 |1359  5725 |02-12 19:17:23
 16   2  80   0   0   1|   0     0 |6769k 6769k|   0     0 | 934  5270 |02-12 19:17:24
  9   1  89   0   0   1|   0     0 |7006k 7006k|   0     0 | 674  5156 |02-12 19:17:25
  5   2  90   2   0   1|   0   392k|6607k 6606k|   0     0 | 964  5128 |02-12 19:17:26
  6   1  91   0   0   1|   0  4096B|6810k 6809k|   0     0 |1302  5014 |02-12 19:17:27
  3   3  94   0   0   1|   0     0 |6766k 6765k|   0     0 |1400  4945 |02-12 19:17:28
  3   2  94   0   0   1|   0     0 |6805k 6803k|   0     0 |1462  4968 |02-12 19:17:29
  2   2  95   0   0   1|   0     0 |6753k 6752k|   0     0 |1506  4848 |02-12 19:17:30
  4   1  94   0   0   1|   0     0 |6832k 6835k|   0     0 |1592  4969 |02-12 19:17:31
  2   1  96   0   0   1|   0     0 |6829k 6825k|   0     0 |1452  4836 |02-12 19:17:32
  2   2  95   0   0   1|   0     0 |6598k 6599k|   0     0 |1458  4823 |02-12 19:17:33
  2   2  94   0   0   1|   0     0 |7007k 7005k|   0     0 |1573  5043 |02-12 19:17:34
  2   1  97   0   0   1|   0     0 |6773k 6772k|   0     0 |1561  4860 |02-12 19:17:35
  8   2  89   0   0   1|   0     0 |6711k 6704k|   0     0 |1481  4793 |02-12 19:17:36
  8   2  89   0   0   1|   0     0 |6743k 6743k|   0     0 |1549  4898 |02-12 19:17:37
  8   2  90   0   0   1|   0     0 |6837k 6833k|   0     0 |1397  4823 |02-12 19:17:38
  7   1  91   0   0   1|   0     0 |6600k 6600k|   0     0 |1548  4948 |02-12 19:17:39
  9   1  89   0   0   1|   0     0 |6630k 6629k|   0     0 |1519  4778 |02-12 19:17:40
  2   2  95   0   0   1|   0     0 |6625k 6633k|   0     0 |1327  5015 |02-12 19:17:41
  2   1  96   0   0   1|   0     0 |6745k 6741k|   0     0 |1486  4834 |02-12 19:17:42
  2   1  96   0   0   2|   0     0 |6838k 6839k|   0     0 |1429  5018 |02-12 19:17:43
  2   2  96   0   0   1|   0     0 |6701k 6700k|   0     0 |1514  4760 |02-12 19:17:44
  1   1  96   0   0   1|   0     0 |6770k 6768k|   0     0 |1675  4780 |02-12 19:17:45
  1   1  96   0   0   1|   0     0 |6706k 6708k|   0     0 |1413  4663 |02-12 19:17:46
  2   1  96   0   0   1|   0  4096B|6695k 6695k|   0     0 |1703  4848 |02-12 19:17:47
  2   2  96   0   0   1|   0     0 |6735k 6733k|   0     0 |1628  4844 |02-12 19:17:48
  2   2  96   0   0   1|   0     0 |6853k 6852k|   0     0 |1729  4946 |02-12 19:17:49
  2   1  97   0   0   1|   0     0 |6838k 6835k|   0     0 |1830  4782 |02-12 19:17:50
  1   2  96   0   0   1|   0     0 |6633k 6632k|   0     0 |1807  4816 |02-12 19:17:51
  2   2  96   0   0   1|   0    32k|6742k 6739k|   0     0 |1592  4767 |02-12 19:17:52
  1   1  96   0   0   1|   0     0 |6689k 6691k|   0     0 |1475  4670 |02-12 19:17:53
  3   2  95   0   0   1|   0     0 |6757k 6755k|   0     0 |1681  4905 |02-12 19:17:54
  8   2  90   0   0   1|   0     0 |6862k 6864k|   0     0 |1767  5025 |02-12 19:17:55
  2   2  95   0   0   1|   0     0 |6705k 6704k|   0     0 |1768  4830 |02-12 19:17:56
  1   2  94   3   0   1|   0   116k|6884k 6881k|   0     0 |1856  4840 |02-12 19:17:57
  4   1  94   0   0   1|   0     0 |6641k 6642k|   0     0 |1820  4858 |02-12 19:17:58
  2   2  96   0   0   1|   0     0 |6830k 6830k|   0     0 |1813  4811 |02-12 19:17:59
  3   2  95   0   0   1|   0     0 |6933k 6929k|   0     0 |1829  4967 |02-12 19:18:00
  2   2  96   0   0   1|   0     0 |7338k 7337k|   0     0 |1717  5153 |02-12 19:18:01
  1   2  96   0   0   1|   0     0 |6974k 6974k|   0     0 |1671  4857 |02-12 19:18:02
  2   2  95   0   0   1|   0     0 |6985k 6981k|   0     0 |1739  4997 |02-12 19:18:03
  1   2  97   0   0   1|   0     0 |6851k 6852k|   0     0 |1704  4903 |02-12 19:18:04
  1   1  97   0   0   1|   0     0 |6973k 6971k|   0     0 |1755  4948 |02-12 19:18:05
  1   2  96   0   0   1|   0     0 |6690k 6689k|   0     0 |1774  4792 |02-12 19:18:06
  2   2  95   0   0   1|   0     0 |6807k 6808k|   0     0 |1540  4850 |02-12 19:18:07
  1   2  97   0   0   1|   0     0 |6709k 6708k|   0     0 |1721  4829 |02-12 19:18:08
  1   1  96   0   0   1|   0     0 |6789k 6785k|   0     0 |1894  4919 |02-12 19:18:09
  2   2  96   0   0   1|   0     0 |6866k 6866k|   0     0 |1733  4902 |02-12 19:18:10
  1   2  96   0   0   1|   0     0 |6771k 6770k|   0     0 |1879  4897 |02-12 19:18:11
  1   2  96   0   0   1|   0     0 |6883k 6882k|   0     0 |1784  5002 |02-12 19:18:12
  1   2  97   0   0   1|   0     0 |6918k 6918k|   0     0 |1813  4978 |02-12 19:18:13
  2   2  96   0   0   1|   0     0 |6967k 6966k|   0     0 |1588  5003 |02-12 19:18:14
  2   2  96   0   0   1|   0     0 |6797k 6794k|   0     0 |1692  5011 |02-12 19:18:15
  2   2  96   0   0   1|   0     0 |7013k 7014k|   0     0 |1627  5110 |02-12 19:18:16
  1   2  96   0   0   1|   0     0 |6931k 6931k|   0     0 |1712  5010 |02-12 19:18:17
  2   1  96   0   0   1|   0  8192B|6723k 6719k|   0     0 |1817  4839 |02-12 19:18:18
  1   2  97   0   0   1|   0     0 |6725k 6725k|   0     0 |1669  4746 |02-12 19:18:19
  2   2  96   0   0   1|   0     0 |6747k 6747k|   0     0 |1723  4870 |02-12 19:18:20
  1   1  97   0   0   1|   0     0 |6840k 6838k|   0     0 |1696  5017 |02-12 19:18:21
  2   1  95   0   0   1|   0     0 |5625k 5623k|   0     0 |1460  4035 |02-12 19:18:22
  4   1  95   0   0   0|   0    20k|6336B 6336B|   0     0 |  67   169 |02-12 19:18:23
  6   6  89   0   0   0|   0     0 |5478B 2805B|   0     0 |  71   191 |02-12 19:18:24
  5   6  89   0   0   0|   0     0 |   0     0 |   0     0 |  47   155 |02-12 19:18:25
  5   5  89   0   0   0|   0     0 |   0     0 |   0     0 |  25   107 |02-12 19:18:26
  4   7  89   0   0   0|   0     0 |5478B 2805B|   0     0 |  53   191 |02-12 19:18:27
  4   7  89   1   0   0|   0    24k|   0     0 |   0     0 |  23    99 |02-12 19:18:28
  5   6  89   0   0   0|   0     0 |2725B 2601B|   0     0 |  95   269 |02-12 19:18:29
 15   7  78   0   0   0|   0     0 |  14k   12k|   0     0 | 841  1909 |02-12 19:18:30
  0   0 100   0   0   0|   0     0 | 294B  132B|   0     0 |  93   219 |02-12 19:18:31
  0   0 100   0   0   0|   0     0 |   0     0 |   0     0 |  19    26 |02-12 19:18:32
  0   0 100   0   0   0|   0     0 |5478B 2805B|   0     0 |  19    71 |02-12 19:18:33
  0   0 100   0   0   0|   0     0 |   0     0 |   0     0 |  19    27 |02-12 19:18:34
  0   0 100   0   0   0|   0     0 |   0     0 |   0     0 |  33    95 |02-12 19:18:35
  0   0 100   0   0   0|   0     0 |5478B 2805B|   0     0 |  21    60 |02-12 19:18:36
  0   0 100   0   0   0|   0     0 |   0     0 |   0     0 |  24    43 |02-12 19:18:37
  0   0 100   0   0   0|   0     0 |   0     0 |   0     0 |  22    39 |02-12 19:18:38
  0   0 100   0   0   0|   0     0 |5900B 3517B|   0     0 |  24   111 |02-12 19:18:39
  0   0 100   0   0   0|   0     0 |   0     0 |   0     0 |  40    97 |02-12 19:18:40
  0   0 100   0   0   0|   0     0 |   0     0 |   0     0 |  23    43 |02-12 19:18:41
  0   0 100   0   0   0|   0     0 |5791B 4094B|   0     0 |  32   102 |02-12 19:18:42
  2   1  98   0   0   0|   0     0 |3308B 2478B|   0     0 | 219   584 |02-12 19:18:43
  0   0 100   0   0   0|   0     0 |1390B  960B|   0     0 |  99   262 |02-12 19:18:44
  0   0 100   0   0   0|   0     0 |5478B 2805B|   0     0 |  32   102 |02-12 19:18:45
  0   0 100   0   0   0|   0     0 |   0     0 |   0     0 |  18    25 |02-12 19:18:46
  0   0 100   0   0   0|   0     0 |2043B 1917B|   0     0 |  32    96 |02-12 19:18:47
  3   1  96   0   0   0|   0     0 |8468B 4969B|   0     0 | 356   879 |02-12 19:18:48
  2   0  98   0   0   0|   0     0 | 592B 1186B|   0     0 | 209   523 |02-12 19:18:49
  0   0 100   0   0   0|   0     0 |   0     0 |   0     0 |  36   139 |02-12 19:18:50
  0   0 100   0   0   0|   0     0 |5478B 2805B|   0     0 |  25   139 |02-12 19:18:51
  0   0 100   0   0   0|   0     0 |   0     0 |   0     0 |  21    71 |02-12 19:18:52
 16   3  79   0   0   1|   0  8192B|3681k 3670k|   0     0 |1827  5439 |02-12 19:18:53
 11   2  86   0   0   1|   0     0 |6744k 6742k|   0     0 | 901  5276 |02-12 19:18:54
 15   2  81   0   0   1|   0     0 |6821k 6820k|   0     0 |1074  5447 |02-12 19:18:55
  6   2  91   0   0   1|   0     0 |7061k 7062k|   0     0 | 800  5154 |02-12 19:18:56
  6   2  92   0   0   1|   0     0 |6770k 6768k|   0     0 |1170  5000 |02-12 19:18:57
  3   1  95   0   0   1|   0     0 |6839k 6839k|   0     0 |1272  4871 |02-12 19:18:58
  4   1  92   1   0   1|   0    60k|6739k 6738k|   0     0 |1295  4873 |02-12 19:18:59
  1   2  96   0   0   1|   0     0 |6830k 6831k|   0     0 |1405  4862 |02-12 19:19:00
  4   2  94   0   0   1|   0     0 |6674k 6671k|   0     0 |1598  4874 |02-12 19:19:01
  2   2  95   0   0   1|   0     0 |6892k 6892k|   0     0 |1386  4841 |02-12 19:19:02
  3   2  94   0   0   1|   0     0 |6683k 6682k|   0     0 |1545  4839 |02-12 19:19:03
  1   2  97   0   0   1|   0    88k|6840k 6838k|   0     0 |1597  4827 |02-12 19:19:04
  2   1  96   0   0   1|   0     0 |6889k 6887k|   0     0 |1565  4908 |02-12 19:19:05
  7   2  91   0   0   1|   0     0 |6714k 6714k|   0     0 |1591  4744 |02-12 19:19:06
 11   1  86   0   0   1|   0     0 |6821k 6820k|   0     0 |1692  5020 |02-12 19:19:07
  7   1  90   0   0   1|   0     0 |6809k 6809k|   0     0 |1626  4681 |02-12 19:19:08
  8   2  89   0   0   1|   0     0 |6682k 6682k|   0     0 |1608  4676 |02-12 19:19:09
  3   2  94   0   0   1|   0     0 |6841k 6830k|   0     0 |1675  4876 |02-12 19:19:10
  2   2  95   0   0   1|   0     0 |7009k 7014k|   0     0 |1757  5271 |02-12 19:19:11
  9   2  89   0   0   1|   0     0 |6944k 6935k|   0     0 |1674  4908 |02-12 19:19:12
  5   1  93   0   0   1|   0     0 |6708k 6715k|   0     0 |1808  4778 |02-12 19:19:13
  1   2  96   0   0   1|   0     0 |6879k 6879k|   0     0 |1501  4642 |02-12 19:19:14
  2   1  96   0   0   1|   0     0 |6783k 6783k|   0     0 |1609  4805 |02-12 19:19:15
  1   1  97   0   0   1|   0     0 |6945k 6942k|   0     0 |1589  4892 |02-12 19:19:16
  2   1  96   0   0   1|   0     0 |6919k 6900k|   0     0 |1611  5010 |02-12 19:19:17
  2   2  96   0   0   1|   0     0 |6844k 6862k|   0     0 |1520  4746 |02-12 19:19:18
  2   1  96   0   0   1|   0    32k|6796k 6794k|   0     0 |1575  4876 |02-12 19:19:19
  1   2  96   0   0   1|   0     0 |6737k 6739k|   0     0 |1593  4787 |02-12 19:19:20
  1   1  97   0   0   1|   0     0 |6924k 6923k|   0     0 |1507  4971 |02-12 19:19:21
  1   2  96   0   0   1|   0     0 |6910k 6908k|   0     0 |1631  4896 |02-12 19:19:22
  1   2  97   0   0   1|   0     0 |6787k 6787k|   0     0 |1614  4834 |02-12 19:19:23
  1   2  95   0   0   2|   0  4096B|6931k 6931k|   0     0 |1624  5033 |02-12 19:19:24
  1   1  97   0   0   1|   0     0 |6867k 6864k|   0     0 |1681  4933 |02-12 19:19:25
  2   2  96   0   0   1|   0     0 |6718k 6717k|   0     0 |1632  4794 |02-12 19:19:26
  2   2  95   0   0   1|   0     0 |6923k 6922k|   0     0 |1704  4901 |02-12 19:19:27
 11   1  87   0   0   1|   0     0 |6780k 6777k|   0     0 |1690  4886 |02-12 19:19:28
  1   2  96   0   0   1|   0    36k|6763k 6765k|   0     0 |1515  4758 |02-12 19:19:29
  2   2  96   0   0   1|   0    28k|6800k 6800k|   0     0 |1603  4877 |02-12 19:19:30
  4   2  94   0   0   1|   0     0 |6722k 6720k|   0     0 |1621  4835 |02-12 19:19:31
  1   3  95   0   0   1|   0     0 |6821k 6821k|   0     0 |1487  4848 |02-12 19:19:32
  2   2  96   0   0   1|   0     0 |6848k 6848k|   0     0 |1697  4941 |02-12 19:19:33
  1   2  97   0   0   1|   0     0 |6661k 6658k|   0     0 |1693  4745 |02-12 19:19:34
  2   2  96   0   0   1|   0     0 |6831k 6831k|   0     0 |1890  4923 |02-12 19:19:35
  1   2  96   0   0   1|   0     0 |6787k 6787k|   0     0 |1926  4901 |02-12 19:19:36
  2   2  96   0   0   1|   0     0 |6872k 6868k|   0     0 |1839  4915 |02-12 19:19:37
  2   2  96   0   0   1|   0     0 |6829k 6830k|   0     0 |1741  4831 |02-12 19:19:38
  1   1  97   0   0   1|   0     0 |7037k 7036k|   0     0 |1823  5043 |02-12 19:19:39
  1   2  96   0   0   1|   0     0 |6898k 6895k|   0     0 |1720  4883 |02-12 19:19:40
  1   1  97   0   0   1|   0     0 |6772k 6773k|   0     0 |1815  4863 |02-12 19:19:41
  1   1  97   0   0   1|   0     0 |6737k 6735k|   0     0 |1470  4789 |02-12 19:19:42
  2   2  96   0   0   1|   0     0 |6678k 6671k|   0     0 |1749  4847 |02-12 19:19:43
  1   2  96   0   0   1|   0     0 |6712k 6717k|   0     0 |1590  4784 |02-12 19:19:44
  1   1  97   0   0   1|   0     0 |6806k 6805k|   0     0 |1678  4784 |02-12 19:19:45
  1   1  96   0   0   1|   0     0 |6738k 6737k|   0     0 |1768  4848 |02-12 19:19:46
  1   1  96   0   0   1|   0     0 |6830k 6830k|   0     0 |1789  4953 |02-12 19:19:47
  2   2  96   0   0   1|   0     0 |6936k 6935k|   0     0 |1722  4909 |02-12 19:19:48
  1   2  96   0   0   1|   0     0 |6849k 6846k|   0     0 |1632  4856 |02-12 19:19:49
  1   1  96   0   0   1|   0    20k|6772k 6773k|   0     0 |1559  4934 |02-12 19:19:50
  1   2  97   0   0   1|   0     0 |6787k 6787k|   0     0 |1664  4964 |02-12 19:19:51
  2   2  96   0   0   1|   0     0 |6722k 6719k|   0     0 |1629  4833 |02-12 19:19:52
  1   0  98   0   0   0|   0     0 |1923k 1923k|   0     0 | 487  1465 |02-12 19:19:53
  7   4  89   0   0   0|   0     0 |6336B 6336B|   0     0 | 121   237 |02-12 19:19:54
  6   6  89   0   0   0|   0  8192B|7727B 5159B|   0     0 |  69   261 |02-12 19:19:55
  5   6  89   0   0   0|   0     0 |   0     0 |   0     0 |  27    92 |02-12 19:19:56
  5   5  90   0   0   0|   0     0 |   0     0 |   0     0 |  49   134 |02-12 19:19:57
  6   5  89   0   0   0|   0     0 |   0     0 |   0     0 |  19    72 |02-12 19:19:58
  6   5  89   0   0   0|   0     0 |7389B 4656B|   0     0 |  85   277 |02-12 19:19:59
  7   6  87   0   0   0|   0  4096B|1400B  844B|   0     0 | 196   507 |02-12 19:20:00
 12   5  82   0   0   0|   0    32k|8432B 9276B|   0     0 | 740  1738 |02-12 19:20:01
  0   0 100   0   0   0|   0     0 |5772B 3127B|   0     0 |  89   237 |02-12 19:20:02
  0   0 100   0   0   0|   0     0 |   0     0 |   0     0 |  18    42 |02-12 19:20:03
  0   0 100   0   0   0|   0     0 |   0     0 |   0     0 |  18    25 |02-12 19:20:04
  0   0 100   0   0   0|   0     0 |5478B 2805B|   0     0 |  38   135 |02-12 19:20:05
  0   0 100   0   0   0|   0     0 |   0     0 |   0     0 |  23    43 |02-12 19:20:06
  0   0 100   0   0   0|   0     0 |   0     0 |   0     0 |  23    52 |02-12 19:20:07
  0   0 100   0   0   0|   0     0 |5478B 2805B|   0     0 |  23    76 |02-12 19:20:08
  0   0 100   0   0   0|   0     0 |   0     0 |   0     0 |  22    39 |02-12 19:20:09
  0   0 100   0   0   0|   0     0 |   0     0 |   0     0 |  42   110 |02-12 19:20:10
  0   0 100   0   0   0|   0     0 |5478B 2805B|   0     0 |  23    93 |02-12 19:20:11
  0   0 100   0   0   0|   0     0 |   0     0 |   0     0 |  20    38 |02-12 19:20:12
  0   0 100   0   0   0|   0     0 |   0     0 |   0     0 |  18    27 |02-12 19:20:13
  0   0 100   0   0   0|   0     0 |5478B 2805B|   0     0 |  21    56 |02-12 19:20:14
  0   0 100   0   0   0|   0     0 |   0     0 |   0     0 |  36    97 |02-12 19:20:15
  0   0 100   0   0   0|   0     0 |1895B 1851B|   0     0 |  35    82 |02-12 19:20:16
  2   0  98   0   0   0|   0     0 |7270B 4831B|   0     0 | 215   605 |02-12 19:20:17
  0   0 100   0   0   0|   0     0 |1324B  644B|   0     0 |  92   243 |02-12 19:20:18
  0   0 100   0   0   0|   0     0 |   0     0 |   0     0 |  22    61 |02-12 19:20:19
  0   0  99   0   0   0|   0     0 |7193B 4160B|   0     0 |  49   168 |02-12 19:20:20
  1   0  99   0   0   0|   0     0 |1596B 1340B|   0     0 | 138   330 |02-12 19:20:21
  4   1  95   0   0   0|   0     0 |2182B 2572B|   0     0 | 408   989 |02-12 19:20:22
  0   0 100   0   0   0|   0     0 |5478B 2805B|   0     0 |  22   142 |02-12 19:20:23
  0   0 100   0   0   0|   0     0 |   0     0 |   0     0 |  23    89 |02-12 19:20:24
  0   0 100   0   0   0|   0     0 |   0     0 |   0     0 |  37   129 |02-12 19:20:25
  0   0 100   0   0   0|   0  8192B|5478B 2805B|   0     0 |  20   103 |02-12 19:20:26
 17   2  79   0   0   1|   0     0 |3593k 3575k|   0     0 |1805  4921 |02-12 19:20:27
 10   2  87   0   0   1|   0     0 |6476k 6475k|   0     0 |1367  5036 |02-12 19:20:28
 16   2  81   0   0   1|   0     0 |6542k 6528k|   0     0 |1346  4899 |02-12 19:20:29
  7   1  90   0   0   1|   0     0 |6762k 6769k|   0     0 |1263  4654 |02-12 19:20:30
  6   2  91   0   0   1|   0    12k|6716k 6717k|   0     0 |1507  4998 |02-12 19:20:31
  3   2  93   0   0   1|   0    64k|6693k 6689k|   0     0 |1589  4876 |02-12 19:20:32
  3   2  95   0   0   0|   0     0 |6619k 6620k|   0     0 |1620  4799 |02-12 19:20:33
  2   1  96   0   0   1|   0     0 |6717k 6717k|   0     0 |1731  4714 |02-12 19:20:34
  4   1  94   0   0   1|   0     0 |6497k 6492k|   0     0 |1863  4793 |02-12 19:20:35
  3   2  95   0   0   1|   0    80k|6583k 6586k|   0     0 |1744  4730 |02-12 19:20:36
  2   1  96   0   0   1|   0     0 |6653k 6652k|   0     0 |1717  4771 |02-12 19:20:37
  2   2  96   0   0   1|   0     0 |6717k 6715k|   0     0 |1594  4877 |02-12 19:20:38
  1   1  97   0   0   1|   0     0 |6594k 6594k|   0     0 |1595  4701 |02-12 19:20:39
  3   2  94   0   0   1|   0     0 |6675k 6674k|   0     0 |1740  4856 |02-12 19:20:40
  7   1  91   0   0   1|   0     0 |6766k 6764k|   0     0 |1620  4847 |02-12 19:20:41
  8   2  90   0   0   1|   0     0 |6988k 6988k|   0     0 |1750  4971 |02-12 19:20:42
  8   2  89   0   0   1|   0     0 |6580k 6580k|   0     0 |1683  4852 |02-12 19:20:43
  8   2  89   0   0   1|   0     0 |6296k 6296k|   0     0 |1723  4670 |02-12 19:20:44
  1   1  97   0   0   1|   0     0 |7029k 6993k|   0     0 |1883  5043 |02-12 19:20:45
  2   2  95   0   0   1|   0     0 |6690k 6729k|   0     0 |1838  5001 |02-12 19:20:46
  2   1  95   0   0   2|   0     0 |7229k 7227k|   0     0 |1850  5089 |02-12 19:20:47
  2   2  96   0   0   1|   0     0 |6764k 6765k|   0     0 |1705  4833 |02-12 19:20:48
  7   2  90   0   0   1|   0     0 |6569k 6568k|   0     0 |1545  4683 |02-12 19:20:49
  2   2  95   0   0   1|   0     0 |6617k 6614k|   0     0 |1652  4890 |02-12 19:20:50
  1   2  96   0   0   1|   0     0 |6637k 6637k|   0     0 |1727  4742 |02-12 19:20:51
  1   2  96   0   0   1|   0     0 |6669k 6669k|   0     0 |1661  4679 |02-12 19:20:52
  2   2  96   0   0   1|   0     0 |6617k 6615k|   0     0 |1710  4694 |02-12 19:20:53
  1   1  96   0   0   1|   0     0 |6735k 6734k|   0     0 |1750  4932 |02-12 19:20:54
  2   2  96   0   0   1|   0     0 |6708k 6709k|   0     0 |1691  5017 |02-12 19:20:55
  2   1  97   0   0   1|   0    32k|6634k 6631k|   0     0 |1609  4770 |02-12 19:20:56
  1   2  96   0   0   1|   0     0 |6683k 6682k|   0     0 |1661  4859 |02-12 19:20:57
  2   1  96   0   0   1|   0     0 |6590k 6590k|   0     0 |1637  4735 |02-12 19:20:58
  1   2  95   0   0   1|   0     0 |6853k 6850k|   0     0 |1762  4984 |02-12 19:20:59
  1   2  97   0   0   1|   0     0 |6812k 6804k|   0     0 |1688  4835 |02-12 19:21:00
  1   1  97   0   0   1|   0  4096B|6749k 6757k|   0     0 |1774  4877 |02-12 19:21:01
  2   2  95   0   0   1|   0     0 |6677k 6671k|   0     0 |1735  4868 |02-12 19:21:02
  3   1  95   0   0   1|   0    48k|6578k 6569k|   0     0 |1791  4784 |02-12 19:21:03
  1   1  97   0   0   1|   0     0 |6722k 6733k|   0     0 |1780  4835 |02-12 19:21:04
  4   2  93   0   0   1|   0     0 |6563k 6562k|   0     0 |1742  4759 |02-12 19:21:05
  1   1  96   0   0   1|   0    72k|6822k 6801k|   0     0 |1805  4980 |02-12 19:21:06
  1   2  96   0   0   1|   0     0 |6685k 6703k|   0     0 |1610  4726 |02-12 19:21:07
  2   2  96   0   0   1|   0     0 |6607k 6611k|   0     0 |1801  4888 |02-12 19:21:08
  1   1  97   0   0   1|   0     0 |6586k 6585k|   0     0 |1651  4662 |02-12 19:21:09
  1   1  97   0   0   1|   0     0 |6608k 6595k|   0     0 |1812  4897 |02-12 19:21:10
  1   1  97   0   0   0|   0     0 |6660k 6673k|   0     0 |1843  4865 |02-12 19:21:11
  1   2  96   0   0   1|   0     0 |6656k 6653k|   0     0 |1671  4807 |02-12 19:21:12
  1   1  96   0   0   1|   0     0 |6617k 6591k|   0     0 |1663  4767 |02-12 19:21:13
  1   1  97   0   0   1|   0     0 |6621k 6633k|   0     0 |1769  4655 |02-12 19:21:14
  1   2  96   0   0   1|   0     0 |6634k 6645k|   0     0 |1770  4870 |02-12 19:21:15
  1   2  97   0   0   0|   0     0 |6612k 6595k|   0     0 |1749  4764 |02-12 19:21:16
  1   2  96   0   0   1|   0     0 |6622k 6639k|   0     0 |1732  4742 |02-12 19:21:17
  2   2  95   0   0   1|   0     0 |6692k 6685k|   0     0 |1869  4981 |02-12 19:21:18
  2   1  96   0   0   1|   0     0 |6611k 6599k|   0     0 |1733  4797 |02-12 19:21:19
  2   2  96   0   0   1|   0     0 |6790k 6782k|   0     0 |1702  4910 |02-12 19:21:20
  2   2  95   0   0   1|   0     0 |6523k 6545k|   0     0 |1721  4754 |02-12 19:21:21
  2   2  95   0   0   1|   0     0 |6756k 6756k|   0     0 |1779  4910 |02-12 19:21:22
  1   1  96   0   0   1|   0     0 |6592k 6581k|   0     0 |1749  4665 |02-12 19:21:23
  2   2  96   0   0   1|   0     0 |6538k 6548k|   0     0 |1710  4798 |02-12 19:21:24
  1   2  97   0   0   1|   0     0 |6516k 6507k|   0     0 |1755  4845 |02-12 19:21:25
  1   1  97   0   0   1|   0     0 |6825k 6812k|   0     0 |1684  4779 |02-12 19:21:26
  0   0  99   0   0   1|   0    20k|1937k 1952k|   0     0 | 482  1424 |02-12 19:21:27
  8   4  88   0   0   0|   0     0 |6336B 6336B|   0     0 | 118   296 |02-12 19:21:28
  5   6  89   0   0   0|   0     0 |   0     0 |   0     0 |  22    81 |02-12 19:21:29
  5   6  89   0   0   0|   0     0 |5478B 2805B|   0     0 |  57   222 |02-12 19:21:30
  5   5  89   0   0   0|   0     0 |   0     0 |   0     0 |  49   163 |02-12 19:21:31
  5   6  89   0   0   0|   0  8192B|   0     0 |   0     0 |  24    82 |02-12 19:21:32
  5   6  89   1   0   0|   0    32k|7259B 4160B|   0     0 |  76   261 |02-12 19:21:33
  7   6  87   0   0   0|   0     0 |1662B 1340B|   0     0 | 204   492 |02-12 19:21:34
 12   5  83   0   0   0|   0     0 |8726B 9408B|   0     0 | 799  1886 |02-12 19:21:35
  0   0 100   0   0   0|   0     0 |5478B 2805B|   0     0 |  21    63 |02-12 19:21:36
  0   0 100   0   0   0|   0     0 |   0     0 |   0     0 |  22    36 |02-12 19:21:37
  0   0 100   0   0   0|   0     0 |   0     0 |   0     0 |  22    42 |02-12 19:21:38
  0   0 100   0   0   0|   0     0 |5478B 2805B|   0     0 |  19    77 |02-12 19:21:39
  0   0 100   0   0   0|   0     0 |   0     0 |   0     0 |  32    84 |02-12 19:21:40
  0   0 100   0   0   0|   0     0 |   0     0 |   0     0 |  25    49 |02-12 19:21:41
  0   0 100   0   0   0|   0     0 |5900B 3517B|   0     0 |  25    83 |02-12 19:21:42
  0   0 100   0   0   0|   0     0 |   0     0 |   0     0 |  23    51 |02-12 19:21:43
  0   0 100   0   0   0|   0     0 |   0     0 |   0     0 |  24    53 |02-12 19:21:44
  0   0 100   0   0   0|   0     0 |5478B 2805B|   0     0 |  36   115 |02-12 19:21:45
  0   0 100   0   0   0|   0     0 |   0     0 |   0     0 |  22    33 |02-12 19:21:46
  0   0 100   0   0   0|   0     0 |   0     0 |   0     0 |  19    43 |02-12 19:21:47
  0   0 100   0   0   0|   0     0 |7389B 4722B|   0     0 |  35   117 |02-12 19:21:48
  2   1  98   0   0   0|   0     0 |2902B 2604B|   0     0 | 285   731 |02-12 19:21:49
  0   0 100   0   0   0|   0     0 |  66B    0 |   0     0 |  37   123 |02-12 19:21:50
  0   0 100   0   0   0|   0     0 |5552B 2879B|   0     0 |  25    88 |02-12 19:21:51
  1   1  99   0   0   0|   0     0 |3369B 2621B|   0     0 | 156   368 |02-12 19:21:52
  5   1  94   0   0   0|   0     0 |3966B 5932B|   0     0 | 607  1511 |02-12 19:21:53
  0   0 100   0   0   0|   0     0 |5765B 4094B|   0     0 |  33   175 |02-12 19:21:54
  0   0  99   0   0   0|   0     0 |3948B 6704B|   0     0 |  60   243 |02-12 19:21:55
  0   0 100   0   0   0|   0     0 | 436B  368B|   0     0 |  44   164 |02-12 19:21:56
  0   0 100   0   0   0|   0     0 |5478B 2805B|   0     0 |  21   108 |02-12 19:21:57
 14   2  83   0   0   1|   0     0 |2325k 2196k|   0     0 |1407  3777 |02-12 19:21:58
  9   2  88   0   0   1|   0     0 |6547k 6557k|   0     0 | 681  3597 |02-12 19:21:59
 18   2  78   0   0   2|   0     0 |6803k 6794k|   0     0 | 826  3941 |02-12 19:22:00
  5   2  93   0   0   0|   0     0 |6576k 6587k|   0     0 | 610  3182 |02-12 19:22:01
  7   2  91   0   0   1|   0     0 |6830k 6836k|   0     0 | 907  3443 |02-12 19:22:02
  4   1  94   0   0   1|   0    12k|6302k 6284k|   0     0 | 935  3186 |02-12 19:22:03
  1   1  98   0   0   1|   0    76k|6361k 6383k|   0     0 | 900  3085 |02-12 19:22:04
  2   1  96   0   0   1|   0     0 |6728k 6710k|   0     0 | 962  3290 |02-12 19:22:05
  4   2  93   0   0   1|   0     0 |6668k 6729k|   0     0 | 945  3508 |02-12 19:22:06
  3   1  96   0   0   1|   0     0 |6834k 6731k|   0     0 | 957  3402 |02-12 19:22:07
  2   1  96   0   0   1|   0    88k|6298k 6377k|   0     0 | 858  3223 |02-12 19:22:08
  1   1  97   0   0   1|   0     0 |7159k 7109k|   0     0 | 880  3324 |02-12 19:22:09
  2   1  96   0   0   1|   0     0 |6830k 6835k|   0     0 | 831  3494 |02-12 19:22:10
  1   1  97   0   0   1|   0     0 |6467k 6520k|   0     0 | 636  3206 |02-12 19:22:11
 10   2  87   0   0   1|   0     0 |6779k 6777k|   0     0 | 775  3586 |02-12 19:22:12
  8   2  90   0   0   0|   0     0 |6733k 6730k|   0     0 | 747  3555 |02-12 19:22:13
  5   1  92   0   0   1|   0     0 |6531k 6473k|   0     0 | 710  3417 |02-12 19:22:14
  2   2  96   0   0   1|   0     0 |7031k 6991k|   0     0 | 677  3373 |02-12 19:22:15
  7   2  91   0   0   1|   0     0 |6941k 7005k|   0     0 | 753  3605 |02-12 19:22:16
  6   1  93   0   0   1|   0     0 |6861k 6879k|   0     0 | 736  3521 |02-12 19:22:17
  1   2  96   0   0   1|   0     0 |6913k 6910k|   0     0 | 724  3491 |02-12 19:22:18
  1   1  97   0   0   1|   0     0 |6707k 6696k|   0     0 | 677  3305 |02-12 19:22:19
  1   2  97   0   0   0|   0     0 |6750k 6748k|   0     0 | 717  3425 |02-12 19:22:20
  1   2  97   0   0   0|   0     0 |6623k 6621k|   0     0 | 662  3218 |02-12 19:22:21
  4   1  94   0   0   0|   0     0 |6852k 6845k|   0     0 | 743  3412 |02-12 19:22:22
 10   1  88   0   0   1|   0    32k|6696k 6697k|   0     0 | 723  3389 |02-12 19:22:23
 11   2  86   0   0   2|   0     0 |6986k 6976k|   0     0 | 829  3670 |02-12 19:22:24
 11   1  87   0   0   1|   0     0 |6576k 6572k|   0     0 | 858  3668 |02-12 19:22:25
 10   1  88   0   0   1|   0     0 |6821k 6818k|   0     0 | 778  3569 |02-12 19:22:26
  2   1  97   0   0   0|   0     0 |6859k 6853k|   0     0 | 716  3432 |02-12 19:22:27
  2   1  96   0   0   1|   0     0 |6744k 6741k|   0     0 | 676  3452 |02-12 19:22:28
  1   2  96   0   0   1|   0     0 |6724k 6717k|   0     0 | 733  3408 |02-12 19:22:29
  2   1  96   0   0   1|   0     0 |6624k 6622k|   0     0 | 678  3277 |02-12 19:22:30
  2   2  96   0   0   1|   0     0 |6633k 6629k|   0     0 | 693  3419 |02-12 19:22:31
  1   2  96   0   0   1|   0     0 |6704k 6701k|   0     0 | 566  3234 |02-12 19:22:32
  2   1  97   0   0   1|   0     0 |7047k 7042k|   0     0 | 835  3577 |02-12 19:22:33
  2   1  96   0   0   1|   0    56k|6946k 6939k|   0     0 | 910  3391 |02-12 19:22:34
  2   1  96   1   0   1|   0    28k|6856k 6853k|   0     0 | 610  3452 |02-12 19:22:35
  2   2  96   0   0   1|   0     0 |6718k 6717k|   0     0 | 762  3518 |02-12 19:22:36
  1   1  99   0   0   0|   0     0 |6734k 6733k|   0     0 | 661  3408 |02-12 19:22:37
  3   2  94   0   0   0|   0     0 |6868k 6866k|   0     0 | 670  3420 |02-12 19:22:38
  1   2  96   0   0   0|   0     0 |6595k 6595k|   0     0 | 737  3549 |02-12 19:22:39
  2   1  97   0   0   1|   0     0 |6578k 6575k|   0     0 | 759  3251 |02-12 19:22:40
  1   1  97   0   0   1|   0     0 |6684k 6678k|   0     0 | 804  3398 |02-12 19:22:41
  1   1  97   0   0   1|   0     0 |6603k 6600k|   0     0 | 654  3212 |02-12 19:22:42
  1   1  97   0   0   0|   0     0 |6676k 6669k|   0     0 | 716  3572 |02-12 19:22:43
  2   2  96   0   0   0|   0     0 |6739k 6727k|   0     0 | 689  3521 |02-12 19:22:44
  2   2  95   0   0   1|   0     0 |6667k 6669k|   0     0 | 742  3516 |02-12 19:22:45
  1   1  98   0   0   1|   0     0 |6895k 6891k|   0     0 | 740  3529 |02-12 19:22:46
  2   1  97   0   0   1|   0     0 |6815k 6814k|   0     0 | 768  3589 |02-12 19:22:47
  2   1  96   0   0   1|   0     0 |6741k 6736k|   0     0 | 727  3440 |02-12 19:22:48
  3   2  95   0   0   0|   0     0 |6833k 6829k|   0     0 | 804  3633 |02-12 19:22:49
  2   2  95   0   0   1|   0     0 |6705k 6700k|   0     0 | 727  3562 |02-12 19:22:50
  2   1  96   0   0   1|   0     0 |6578k 6573k|   0     0 | 720  3503 |02-12 19:22:51
  1   2  96   0   0   1|   0     0 |6554k 6550k|   0     0 | 722  3475 |02-12 19:22:52
  2   2  96   0   0   1|   0     0 |6898k 6889k|   0     0 | 686  3542 |02-12 19:22:53
  1   1  97   0   0   1|   0    20k|6687k 6686k|   0     0 | 634  3307 |02-12 19:22:54
  2   2  95   0   0   1|   0     0 |6902k 6892k|   0     0 | 833  3864 |02-12 19:22:55
  1   1  97   0   0   1|   0     0 |6577k 6571k|   0     0 | 777  3475 |02-12 19:22:56
  1   1  97   0   0   1|   0     0 |6514k 6509k|   0     0 | 680  3313 |02-12 19:22:57
  7   2  90   0   0   0|   0     0 |3963k 3958k|   0     0 | 628  2471 |02-12 19:22:58
  5   6  89   0   0   0|   0     0 |4224B 4224B|   0     0 |  22    94 |02-12 19:22:59
  5   6  89   0   0   0|   0     0 |   0     0 |   0     0 |  78   227 |02-12 19:23:00
  6   5  90   0   0   0|   0     0 |5478B 2805B|   0     0 |  30   131 |02-12 19:23:01
  5   6  89   0   0   0|   0     0 |   0     0 |   0     0 |  47   133 |02-12 19:23:02
  5   6  89   0   0   0|   0     0 |   0     0 |   0     0 |  20    88 |02-12 19:23:03
  5   6  89   0   0   0|   0     0 |7193B 4160B|   0     0 |  37   141 |02-12 19:23:04
  7   7  87   0   0   0|   0     0 |1906B 2412B|   0     0 | 297   672 |02-12 19:23:05
 20   5  73   1   0   0|   0    48k|  10k   11k|   0     0 | 741  1779 |02-12 19:23:06
  0   0 100   0   0   0|   0     0 |5544B 2805B|   0     0 |  23    79 |02-12 19:23:07
  0   0 100   0   0   0|   0     0 |   0     0 |   0     0 |  18    25 |02-12 19:23:08
  0   0 100   0   0   0|   0    32k|   0     0 |   0     0 |  18    29 |02-12 19:23:09
  0   0 100   0   0   0|   0     0 |5478B 2805B|   0     0 |  38   110 |02-12 19:23:10
  0   0 100   0   0   0|   0     0 |   0     0 |   0     0 |  18    44 |02-12 19:23:11
  0   0 100   0   0   0|   0     0 |   0     0 |   0     0 |  19    27 |02-12 19:23:12
  0   0 100   0   0   0|   0     0 |5478B 2805B|   0     0 |  19    53 |02-12 19:23:13
  0   0 100   0   0   0|   0     0 | 102B  192B|   0     0 |  18    40 |02-12 19:23:14
  0   0 100   0   0   0|   0     0 |   0     0 |   0     0 |  32    87 |02-12 19:23:15
  0   0 100   0   0   0|   0     0 |   0     0 |   0     0 |  21    33 |02-12 19:23:16
  0   0 100   0   0   0|   0     0 |5478B 2931B|   0     0 |  25    87 |02-12 19:23:17
  0   0 100   0   0   0|   0     0 | 102B   66B|   0     0 |  23    43 |02-12 19:23:18
  0   0 100   0   0   0|   0     0 | 247B  247B|   0     0 |  35    97 |02-12 19:23:19
  2   1  97   0   0   0|   0     0 |8852B 6325B|   0     0 | 228   633 |02-12 19:23:20
  0   0 100   0   0   0|   0     0 |1390B  754B|   0     0 |  96   263 |02-12 19:23:21
  0   0 100   0   0   0|   0     0 |   0     0 |   0     0 |  23    41 |02-12 19:23:22
  0   0 100   0   0   0|   0     0 |8921B 5500B|   0     0 | 116   327 |02-12 19:23:23
  5   1  94   0   0   0|   0     0 |3966B 5932B|   0     0 | 635  1518 |02-12 19:23:24
  0   0 100   0   0   0|   0     0 |   0     0 |   0     0 |  30   121 |02-12 19:23:25
  0   0 100   0   0   0|   0     0 |5478B 2805B|   0     0 |  21   103 |02-12 19:23:26
  0   0 100   0   0   0|   0     0 |   0     0 |   0     0 |  19    83 |02-12 19:23:27
  0   0 100   0   0   0|   0     0 |   0     0 |   0     0 |  19    69 |02-12 19:23:28
 21   3  75   0   0   1|   0     0 |3146k 3121k|   0     0 |1610  4473 |02-12 19:23:29
 11   1  86   0   0   1|   0     0 |6488k 6490k|   0     0 | 790  3748 |02-12 19:23:30
 14   2  83   0   0   0|   0     0 |6533k 6526k|   0     0 | 723  3542 |02-12 19:23:31
  2   1  96   0   0   1|   0     0 |7057k 7045k|   0     0 | 660  3358 |02-12 19:23:32
  7   1  91   0   0   1|   0     0 |6391k 6394k|   0     0 | 798  3173 |02-12 19:23:33
  4   2  93   0   0   1|   0     0 |6812k 6797k|   0     0 |1060  3483 |02-12 19:23:34
  1   1  97   0   0   1|   0     0 |6449k 6441k|   0     0 | 996  3238 |02-12 19:23:35
  2   1  97   0   0   1|   0     0 |6591k 6590k|   0     0 | 754  3390 |02-12 19:23:36
  3   1  95   1   0   0|   0    60k|6820k 6814k|   0     0 | 718  3408 |02-12 19:23:37
  4   1  95   0   0   1|   0     0 |6381k 6379k|   0     0 | 751  3419 |02-12 19:23:38
  2   2  96   0   0   1|   0     0 |6606k 6600k|   0     0 | 731  3534 |02-12 19:23:39
  2   2  96   0   0   1|   0   300k|6454k 6447k|   0     0 | 713  3378 |02-12 19:23:40
  2   2  96   0   0   1|   0     0 |6755k 6742k|   0     0 | 768  3664 |02-12 19:23:41
  1   1  97   0   0   1|   0     0 |6623k 6617k|   0     0 | 702  3295 |02-12 19:23:42
 11   1  87   0   0   1|   0     0 |6743k 6739k|   0     0 |1095  3707 |02-12 19:23:43
  6   1  92   0   0   1|   0     0 |6842k 6834k|   0     0 | 811  3368 |02-12 19:23:44
  6   2  92   0   0   0|   0     0 |7050k 7050k|   0     0 | 842  3483 |02-12 19:23:45
 10   2  88   0   0   1|   0     0 |6976k 6967k|   0     0 |1122  3733 |02-12 19:23:46
 11   2  87   0   0   1|   0     0 |6460k 6457k|   0     0 |1073  3852 |02-12 19:23:47
  4   1  94   0   0   0|   0     0 |6521k 6528k|   0     0 |1118  3480 |02-12 19:23:48
  2   1  96   0   0   1|   0     0 |6628k 6623k|   0     0 | 879  3426 |02-12 19:23:49
 10   2  88   0   0   1|   0     0 |6529k 6519k|   0     0 | 779  3471 |02-12 19:23:50
  2   1  97   0   0   1|   0     0 |6247k 6238k|   0     0 | 777  3547 |02-12 19:23:51
  1   1  97   0   0   1|   0     0 |6538k 6534k|   0     0 | 666  3242 |02-12 19:23:52
 11   1  87   0   0   1|   0     0 |6754k 6746k|   0     0 | 811  3652 |02-12 19:23:53
  2   2  96   0   0   1|   0     0 |6792k 6788k|   0     0 | 668  3232 |02-12 19:23:54
  2   1  96   0   0   1|   0    32k|6661k 6666k|   0     0 | 693  3311 |02-12 19:23:55
  2   2  95   0   0   1|   0     0 |6808k 6803k|   0     0 | 693  3419 |02-12 19:23:56
  2   1  96   0   0   1|   0     0 |6709k 6705k|   0     0 | 736  3444 |02-12 19:23:57
  1   1  97   0   0   1|   0     0 |6511k 6512k|   0     0 | 615  3224 |02-12 19:23:58
  2   1  97   0   0   1|   0     0 |7161k 7157k|   0     0 | 759  3710 |02-12 19:23:59
  2   2  96   0   0   1|   0     0 |6847k 6840k|   0     0 | 738  3547 |02-12 19:24:00
  2   2  96   0   0   0|   0     0 |6846k 6840k|   0     0 | 673  3406 |02-12 19:24:01
  2   2  96   0   0   1|   0     0 |6700k 6698k|   0     0 | 756  3571 |02-12 19:24:02
  1   1  97   0   0   1|   0     0 |6480k 6477k|   0     0 | 629  3314 |02-12 19:24:03
  1   1  97   0   0   1|   0     0 |6806k 6805k|   0     0 | 750  3588 |02-12 19:24:04
  2   2  95   0   0   1|   0     0 |6852k 6847k|   0     0 | 794  3624 |02-12 19:24:05
  1   1  97   0   0   1|   0     0 |6750k 6736k|   0     0 | 739  3616 |02-12 19:24:06
  1   1  97   0   0   0|   0     0 |6451k 6450k|   0     0 | 725  3400 |02-12 19:24:07
  4   1  92   2   0   1|   0    64k|6965k 6957k|   0     0 | 786  3750 |02-12 19:24:08
  2   2  96   0   0   1|   0     0 |7040k 7037k|   0     0 | 741  3613 |02-12 19:24:09
  1   1  97   0   0   0|   0     0 |6664k 6665k|   0     0 | 761  3530 |02-12 19:24:10
  4   2  93   0   0   1|   0    80k|7096k 7092k|   0     0 | 821  3704 |02-12 19:24:11
  2   1  97   0   0   1|   0     0 |7185k 7182k|   0     0 | 790  3743 |02-12 19:24:12
  1   1  97   0   0   1|   0     0 |6594k 6587k|   0     0 | 745  3474 |02-12 19:24:13
  1   1  97   0   0   1|   0     0 |6820k 6812k|   0     0 | 804  3766 |02-12 19:24:14
  1   2  97   0   0   1|   0     0 |7029k 7032k|   0     0 | 713  3572 |02-12 19:24:15
  1   1  97   0   0   1|   0     0 |6734k 6730k|   0     0 | 736  3519 |02-12 19:24:16
  2   1  96   0   0   1|   0     0 |6802k 6799k|   0     0 | 717  3617 |02-12 19:24:17
  1   1  97   0   0   1|   0     0 |6902k 6901k|   0     0 | 688  3600 |02-12 19:24:18
  1   1  98   0   0   1|   0     0 |6688k 6687k|   0     0 | 644  3370 |02-12 19:24:19
  1   1  98   0   0   1|   0     0 |6658k 6654k|   0     0 | 730  3549 |02-12 19:24:20
  2   1  96   0   0   1|   0     0 |6801k 6800k|   0     0 | 773  3642 |02-12 19:24:21
  1   1  97   0   0   1|   0     0 |6676k 6678k|   0     0 | 670  3454 |02-12 19:24:22
  2   1  97   0   0   1|   0     0 |6906k 6895k|   0     0 | 677  3647 |02-12 19:24:23
  1   1  96   0   0   1|   0     0 |6578k 6577k|   0     0 | 736  3634 |02-12 19:24:24
  1   1  97   0   0   0|   0     0 |6654k 6651k|   0     0 | 717  3436 |02-12 19:24:25
  1   1  97   0   0   0|   0    20k|6512k 6499k|   0     0 | 687  3452 |02-12 19:24:26
  3   2  95   0   0   1|   0     0 |6854k 6860k|   0     0 | 810  3809 |02-12 19:24:27
  1   1  97   0   0   1|   0     0 |6655k 6653k|   0     0 | 711  3582 |02-12 19:24:28
  1   1  98   0   0   1|   0     0 |3491k 3486k|   0     0 | 439  2035 |02-12 19:24:29
  7   4  89   0   0   0|   0     0 |  12k 9141B|   0     0 |  78   184 |02-12 19:24:30
  5   6  89   0   0   0|   0     0 |   0     0 |   0     0 |  39   158 |02-12 19:24:31
  4   6  89   0   0   0|   0     0 |   0     0 |   0     0 |  59   159 |02-12 19:24:32
  6   5  89   0   0   0|   0     0 |5478B 2805B|   0     0 |  26   115 |02-12 19:24:33
  5   5  90   0   0   0|   0     0 |  74B   74B|   0     0 |  54   145 |02-12 19:24:34
  7   6  87   0   0   0|   0     0 |3415B 3693B|   0     0 | 251   643 |02-12 19:24:35
 21   5  74   0   0   0|   0     0 |  15k   14k|   0     0 | 747  1784 |02-12 19:24:36
  0   0 100   0   0   0|   0     0 |   0     0 |   0     0 |  18    33 |02-12 19:24:37
  0   0 100   0   0   0|   0     0 |   0     0 |   0     0 |  19    25 |02-12 19:24:38
  0   0 100   0   0   0|   0    44k|5478B 2805B|   0     0 |  22    95 |02-12 19:24:39
  0   0 100   0   0   0|   0     0 |   0     0 |   0     0 |  23    49 |02-12 19:24:40
  0   0 100   0   0   0|   0     0 |   0     0 |   0     0 |  36    93 |02-12 19:24:41
  0   0 100   0   0   0|   0  8192B|5478B 2805B|   0     0 |  26    78 |02-12 19:24:42
  0   0 100   0   0   0|   0     0 |   0     0 |   0     0 |  23    58 |02-12 19:24:43
  0   0 100   0   0   0|   0     0 |   0     0 |   0     0 |  24    55 |02-12 19:24:44
  0   0 100   0   0   0|   0     0 |5900B 3517B|   0     0 |  24    73 |02-12 19:24:45
  0   0 100   0   0   0|   0     0 |  74B   74B|   0     0 |  36    79 |02-12 19:24:46
  2   1  97   0   0   0|   0     0 |3547B 3693B|   0     0 | 211   550 |02-12 19:24:47
  0   1  99   0   0   0|   0     0 |6868B 3559B|   0     0 |  97   286 |02-12 19:24:48
  0   0 100   0   0   0|   0     0 |2021B 2093B|   0     0 |  31    83 |02-12 19:24:49
  5   2  94   0   0   0|   0     0 |4960B 5974B|   0     0 | 636  1524 |02-12 19:24:50
  1   0  99   0   0   0|   0     0 |5774B 3365B|   0     0 |  98   325 |02-12 19:24:51
  0   0 100   0   0   0|   0     0 |   0     0 |   0     0 |  24    87 |02-12 19:24:52
  0   0 100   0   0   0|   0     0 |   0     0 |   0     0 |  27   137 |02-12 19:24:53
  0   0 100   0   0   0|   0     0 |5478B 2805B|   0     0 |  21   111 |02-12 19:24:54
  3   1  97   0   0   0|   0     0 |  24k   19k|   0     0 | 310   741 |02-12 19:24:55
 22   3  73   0   0   2|   0     0 |6044k 6023k|   0     0 |1655  5535 |02-12 19:24:56
 14   2  83   0   0   1|   0     0 |6544k 6536k|   0     0 | 764  3672 |02-12 19:24:57
  6   2  91   0   0   1|   0     0 |6801k 6797k|   0     0 | 670  3424 |02-12 19:24:58
  6   2  92   0   0   1|   0     0 |6753k 6753k|   0     0 | 798  3402 |02-12 19:24:59
  6   2  92   0   0   1|   0     0 |6715k 6708k|   0     0 | 916  3304 |02-12 19:25:00
 11   2  86   0   0   1|   0     0 |6548k 6541k|   0     0 |1131  3638 |02-12 19:25:01
  1   1  97   0   0   1|   0     0 |6719k 6711k|   0     0 | 966  3295 |02-12 19:25:02
  3   2  95   0   0   1|   0     0 |6960k 6960k|   0     0 |1015  3594 |02-12 19:25:03
  5   2  92   0   0   1|   0     0 |6744k 6739k|   0     0 |1014  3336 |02-12 19:25:04
  4   2  94   0   0   1|   0     0 |6740k 6735k|   0     0 | 943  3381 |02-12 19:25:05
  1   1  97   0   0   0|   0     0 |6835k 6825k|   0     0 | 982  3369 |02-12 19:25:06
  1   2  96   0   0   1|   0   288k|6580k 6567k|   0     0 | 899  3327 |02-12 19:25:07
  1   1  97   0   0   1|   0     0 |6716k 6709k|   0     0 | 662  3260 |02-12 19:25:08
  8   2  90   0   0   1|   0     0 |6943k 6935k|   0     0 | 977  3995 |02-12 19:25:09
  5   2  92   1   0   1|   0    80k|6629k 6622k|   0     0 | 766  3396 |02-12 19:25:10
  5   1  93   0   0   1|   0     0 |6715k 6709k|   0     0 | 699  3524 |02-12 19:25:11
  7   1  91   0   0   1|   0    68k|6661k 6658k|   0     0 | 640  3330 |02-12 19:25:12
  2   2  96   0   0   1|   0     0 |6987k 6984k|   0     0 | 803  3717 |02-12 19:25:13
 12   1  86   0   0   1|   0     0 |6707k 6700k|   0     0 | 943  3661 |02-12 19:25:14
  5   1  93   0   0   1|   0     0 |7021k 7019k|   0     0 | 940  3592 |02-12 19:25:15
 12   1  85   0   0   1|   0     0 |7027k 7020k|   0     0 | 931  3588 |02-12 19:25:16
 11   2  87   0   0   1|   0  8192B|7151k 7142k|   0     0 | 867  3790 |02-12 19:25:17
  2   1  97   0   0   0|   0     0 |6625k 6624k|   0     0 | 750  3512 |02-12 19:25:18
  2   1  97   0   0   0|   0     0 |6771k 6753k|   0     0 | 969  3600 |02-12 19:25:19
  2   1  97   0   0   1|   0     0 |6657k 6656k|   0     0 | 956  3307 |02-12 19:25:20
  1   1  97   0   0   0|   0     0 |6885k 6878k|   0     0 | 712  3535 |02-12 19:25:21
  1   1  97   0   0   1|   0    32k|6967k 6963k|   0     0 | 659  3331 |02-12 19:25:22
  7   1  91   0   0   1|   0     0 |6453k 6450k|   0     0 | 743  3422 |02-12 19:25:23
  6   1  93   0   0   0|   0     0 |6770k 6759k|   0     0 | 738  3535 |02-12 19:25:24
  2   2  95   0   0   1|   0     0 |6743k 6748k|   0     0 | 704  3479 |02-12 19:25:25
  1   1  97   0   0   1|   0     0 |6858k 6857k|   0     0 | 734  3561 |02-12 19:25:26
  2   1  96   0   0   1|   0     0 |6974k 6969k|   0     0 | 691  3526 |02-12 19:25:27
  1   1  97   0   0   1|   0     0 |6911k 6910k|   0     0 | 725  3606 |02-12 19:25:28
  2   1  96   0   0   1|   0     0 |6858k 6857k|   0     0 | 648  3378 |02-12 19:25:29
  1   1  98   0   0   1|   0     0 |6584k 6582k|   0     0 | 672  3420 |02-12 19:25:30
  1   1  97   0   0   0|   0     0 |6795k 6786k|   0     0 | 771  3649 |02-12 19:25:31
  2   2  95   0   0   1|   0     0 |7100k 7102k|   0     0 | 629  3526 |02-12 19:25:32
  1   2  97   0   0   0|   0     0 |6948k 6945k|   0     0 | 740  3580 |02-12 19:25:33
  3   1  96   0   0   0|   0     0 |7021k 7017k|   0     0 | 704  3495 |02-12 19:25:34
  2   1  96   0   0   1|   0     0 |6922k 6923k|   0     0 | 735  3680 |02-12 19:25:35
  2   2  96   0   0   1|   0     0 |6798k 6791k|   0     0 | 764  3595 |02-12 19:25:36
  2   2  95   0   0   1|   0     0 |6856k 6852k|   0     0 | 682  3490 |02-12 19:25:37
  1   2  96   0   0   1|   0     0 |6803k 6805k|   0     0 | 882  3460 |02-12 19:25:38
  1   1  98   0   0   0|   0     0 |6739k 6739k|   0     0 | 914  3182 |02-12 19:25:39
  2   1  97   0   0   1|   0     0 |6797k 6782k|   0     0 | 997  3464 |02-12 19:25:40
  1   2  96   0   0   0|   0    28k|6754k 6752k|   0     0 | 784  3470 |02-12 19:25:41
  1   1  97   0   0   1|   0     0 |6482k 6481k|   0     0 | 615  3232 |02-12 19:25:42
  2   1  96   0   0   1|   0     0 |7022k 7018k|   0     0 | 728  3708 |02-12 19:25:43
  1   1  97   0   0   1|   0     0 |6790k 6783k|   0     0 | 720  3564 |02-12 19:25:44
  1   1  98   0   0   1|   0     0 |6959k 6958k|   0     0 | 688  3616 |02-12 19:25:45
  1   2  96   0   0   1|   0     0 |6929k 6926k|   0     0 | 755  3792 |02-12 19:25:46
  1   1  96   0   0   1|   0     0 |6519k 6516k|   0     0 | 657  3381 |02-12 19:25:47
  1   1  97   0   0   1|   0  4096B|6934k 6920k|   0     0 | 678  3467 |02-12 19:25:48
  1   1  97   0   0   1|   0     0 |6892k 6878k|   0     0 | 711  3535 |02-12 19:25:49
  1   1  96   0   0   1|   0     0 |7292k 7290k|   0     0 | 764  3712 |02-12 19:25:50
  2   2  96   0   0   0|   0     0 |6533k 6529k|   0     0 | 701  3471 |02-12 19:25:51
  1   1  97   0   0   1|   0     0 |6786k 6781k|   0     0 | 672  3474 |02-12 19:25:52
  1   1  98   0   0   1|   0    20k|7033k 7029k|   0     0 | 787  3760 |02-12 19:25:53
  1   2  96   0   0   1|   0     0 |6612k 6607k|   0     0 | 698  3510 |02-12 19:25:54
  1   2  97   0   0   1|   0     0 |6260k 6246k|   0     0 | 693  3504 |02-12 19:25:55
  3   1  97   0   0   0|   0     0 |6336B 6336B|   0     0 |  69   193 |02-12 19:25:56
  9   5  85   0   0   0|   0     0 |   0     0 |   0     0 |  91   169 |02-12 19:25:57
  5   6  90   0   0   0|   0     0 |5478B 2805B|   0     0 |  30   120 |02-12 19:25:58
  5   6  89   0   0   0|   0     0 |   0     0 |   0     0 |  20    89 |02-12 19:25:59
  5   6  89   0   0   0|   0     0 |   0     0 |   0     0 |  57   158 |02-12 19:26:00
  5   6  89   0   0   0|   0     0 |5478B 2805B|   0     0 |  54   175 |02-12 19:26:01
  9   7  84   0   0   0|   0     0 |7123B 8745B|   0     0 | 592  1343 |02-12 19:26:02
 17   3  81   0   0   0|   0     0 |6630B 6848B|   0     0 | 325   895 |02-12 19:26:03
  0   0 100   0   0   0|   0     0 |5478B 2805B|   0     0 |  24    71 |02-12 19:26:04
  0   0 100   0   0   0|   0     0 |   0     0 |   0     0 |  22    43 |02-12 19:26:05
  0   0 100   0   0   0|   0     0 |   0     0 |   0     0 |  35    88 |02-12 19:26:06
  0   0 100   0   0   0|   0     0 |5478B 2805B|   0     0 |  24    84 |02-12 19:26:07
  0   0 100   0   0   0|   0     0 |   0     0 |   0     0 |  23    41 |02-12 19:26:08
  0   0 100   0   0   0|   0     0 |   0     0 |   0     0 |  20    31 |02-12 19:26:09
  0   0 100   0   0   0|   0     0 |5478B 2805B|   0     0 |  23    81 |02-12 19:26:10
  0   0 100   0   0   0|   0     0 |   0     0 |   0     0 |  34   101 |02-12 19:26:11
  0   0 100   0   0   0|   0    60k|   0     0 |   0     0 |  20    44 |02-12 19:26:12
  0   0 100   0   0   0|   0     0 |5478B 2805B|   0     0 |  20    68 |02-12 19:26:13
  0   0 100   0   0   0|   0    52k|   0     0 |   0     0 |  20    33 |02-12 19:26:14
  0   0 100   0   0   0|   0     0 |   0     0 |   0     0 |  18    39 |02-12 19:26:15
  0   0 100   0   0   0|   0     0 |5478B 2805B|   0     0 |  34   107 |02-12 19:26:16
  2   0  98   0   0   0|   0     0 |3555B 3877B|   0     0 | 222   577 |02-12 19:26:17
