[7l----total-cpu-usage---- -dsk/total- -net/total- ---paging-- ---system-- ----system----
usr sys idl wai hiq siq| read  writ| recv  send|  in   out | int   csw |     time     
  4   3  92   0   0   1|  19k  179k|   0     0 |   0     0 |2670  7418 |02-12 20:05:05
  2   1  97   0   0   0|   0     0 |9882B 6945B|   0     0 | 225   592 |02-12 20:05:06
  1   1  98   0   0   0|   0     0 |3849B 2827B|   0     0 | 235   605 |02-12 20:05:07
  4   1  95   0   0   0|   0     0 |3184B 4746B|   0     0 | 437  1087 |02-12 20:05:08
  0   0 100   0   0   0|   0     0 |5478B 2803B|   0     0 |  26   144 |02-12 20:05:09
  0   0 100   0   0   0|   0     0 |   0     0 |   0     0 |  23    91 |02-12 20:05:10
  0   0 100   0   0   0|   0     0 |   0     0 |   0     0 |  23    83 |02-12 20:05:11
  0   0 100   0   0   0|   0     0 |5478B 2803B|   0     0 |  24   111 |02-12 20:05:12
 15   3  82   0   0   1|   0     0 |3747k 9061k|   0     0 |1861  5492 |02-12 20:05:13
 22   5  72   0   0   1|   0     0 |  13M   34M|   0     0 |3354    14k|02-12 20:05:14
  5   1  94   0   0   0|   0     0 |1883k 5040k|   0     0 | 541  2031 |02-12 20:05:15
  3   1  95   0   0   0|   0    12k|6684k   18M|   0     0 |1867  6460 |02-12 20:05:16
  5   2  93   0   0   0|   0     0 |4947k   13M|   0     0 |1566  4955 |02-12 20:05:17
  7   2  90   0   0   1|   0     0 |7483k   20M|   0     0 |2479  7542 |02-12 20:05:18
  5   2  92   0   0   0|   0     0 |6696k   18M|   0     0 |2441  6748 |02-12 20:05:19
  3   2  95   0   0   0|   0     0 |6473k   17M|   0     0 |2391  6357 |02-12 20:05:20
  3   2  95   0   0   0|   0   284k|8222k   22M|   0     0 |2997  8313 |02-12 20:05:21
  2   2  96   0   0   0|   0     0 |6978k   18M|   0     0 |2582  6895 |02-12 20:05:22
  2   3  95   0   0   1|   0     0 |9489k   25M|   0     0 |3497  9445 |02-12 20:05:23
  5   4  91   0   0   1|   0     0 |  14M   38M|   0     0 |5446    14k|02-12 20:05:24
  2   1  97   0   0   0|   0     0 |4691k   12M|   0     0 |1745  4787 |02-12 20:05:25
  3   2  95   0   0   0|   0     0 |  11M   29M|   0     0 |4548    12k|02-12 20:05:26
  2   1  96   0   0   0|   0     0 |4692k   12M|   0     0 |1872  4820 |02-12 20:05:27
  2   2  96   0   0   0|   0     0 |4571k   12M|   0     0 |1885  4992 |02-12 20:05:28
  1   0  99   0   0   0|   0     0 |2788k 7521k|   0     0 |1241  3279 |02-12 20:05:29
  0   1  99   0   0   0|   0     0 |2177k 5876k|   0     0 | 829  2291 |02-12 20:05:30
  4   4  92   0   0   0|   0     0 |  12M   31M|   0     0 |4945    13k|02-12 20:05:31
  2   1  98   0   0   0|   0     0 |3083k 8299k|   0     0 |1192  3019 |02-12 20:05:32
  3   2  95   0   0   0|   0     0 |7266k   19M|   0     0 |2826  7353 |02-12 20:05:33
  4   2  93   0   0   0|   0     0 |  13M   34M|   0     0 |5244    13k|02-12 20:05:34
  4   4  92   0   0   0|   0     0 |  16M   42M|   0     0 |6608    16k|02-12 20:05:35
  1   0  99   0   0   0|   0   156k|1966k 5269k|   0     0 | 919  2137 |02-12 20:05:36
  1   0  99   0   0   0|   0     0 |3404k 9162k|   0     0 |1301  3324 |02-12 20:05:37
  0   0  99   0   0   0|   0     0 | 405k 1123k|   0     0 | 193   542 |02-12 20:05:38
  1   1  98   0   0   0|   0     0 |3098k 8352k|   0     0 |1012  3094 |02-12 20:05:39
  2   2  96   0   0   0|   0     0 |7241k   19M|   0     0 |2832  7452 |02-12 20:05:40
  4   4  92   0   0   1|   0    32k|  13M   36M|   0     0 |5072    14k|02-12 20:05:41
  5   3  92   0   0   0|   0     0 |  14M   38M|   0     0 |5500    14k|02-12 20:05:42
  4   3  93   0   0   1|   0     0 |  12M   31M|   0     0 |4976    12k|02-12 20:05:43
  1   1  97   0   0   0|   0     0 |4996k   13M|   0     0 |1972  4828 |02-12 20:05:44
  5   3  92   0   0   0|   0     0 |8539k   22M|   0     0 |3587  9036 |02-12 20:05:45
 10   2  88   0   0   0|   0     0 |  10M   26M|   0     0 |3969  9941 |02-12 20:05:46
  2   1  96   0   0   0|   0     0 |6010k   16M|   0     0 |2367  5662 |02-12 20:05:47
  4   1  96   0   0   0|   0     0 |1052k 2899k|   0     0 | 493  1383 |02-12 20:05:48
  5   4  91   0   0   1|   0     0 |  17M   44M|   0     0 |6783    18k|02-12 20:05:49
  3   2  95   0   0   1|   0     0 |7172k   19M|   0     0 |2779  7097 |02-12 20:05:50
  4   2  94   0   0   0|   0     0 |9099k   24M|   0     0 |3835  9717 |02-12 20:05:51
  2   2  96   0   0   0|   0     0 |7598k   20M|   0     0 |3144  8367 |02-12 20:05:52
  2   2  95   0   0   1|   0     0 |8294k   22M|   0     0 |3528  8849 |02-12 20:05:53
  1   1  98   0   0   0|   0     0 |2991k 8086k|   0     0 |1236  3206 |02-12 20:05:54
  1   2  97   0   0   0|   0     0 |6592k   17M|   0     0 |2772  6805 |02-12 20:05:55
  2   2  95   0   0   0|   0     0 |7966k   21M|   0     0 |3258  7999 |02-12 20:05:56
  2   1  97   0   0   0|   0     0 |4057k   11M|   0     0 |1473  3883 |02-12 20:05:57
  6   6  88   0   0   1|   0     0 |  16M   44M|   0     0 |7003    17k|02-12 20:05:58
  1   1  99   0   0   0|   0     0 |1442k 3861k|   0     0 | 615  1569 |02-12 20:05:59
  1   2  97   0   0   0|   0     0 |3950k   10M|   0     0 |1681  4109 |02-12 20:06:00
  1   0  98   0   0   0|   0     0 |2726k 7541k|   0     0 |1099  3105 |02-12 20:06:01
  5   4  91   0   0   0|   0     0 |  12M   33M|   0     0 |5044    13k|02-12 20:06:02
  1   1  98   0   0   0|   0     0 |2145k 5801k|   0     0 | 850  2258 |02-12 20:06:03
  3   2  95   0   0   0|   0     0 |  12M   33M|   0     0 |5146    13k|02-12 20:06:04
  3   3  93   0   0   0|   0     0 |  12M   31M|   0     0 |4757    12k|02-12 20:06:05
  2   1  96   0   0   1|   0     0 |7955k   21M|   0     0 |3316  8546 |02-12 20:06:06
  0   0  99   1   0   0|   0    52k| 110k  314k|   0     0 |  64   247 |02-12 20:06:07
  4   3  93   0   0   1|   0     0 |  13M   34M|   0     0 |5195    13k|02-12 20:06:08
  4   2  94   0   0   0|   0     0 |8958k   23M|   0     0 |3738  9332 |02-12 20:06:09
  4   4  92   0   0   0|   0     0 |  13M   34M|   0     0 |5477    13k|02-12 20:06:10
  2   1  97   0   0   0|   0     0 |3713k 9999k|   0     0 |1601  3901 |02-12 20:06:11
  1   1  99   0   0   0|   0    20k|1832k 4970k|   0     0 | 761  2012 |02-12 20:06:12
  1   1  98   0   0   0|   0     0 |2943k 8620k|   0     0 |1267  3369 |02-12 20:06:13
 10   3  86   0   0   0|   0     0 |  21k  319k|   0     0 | 150   277 |02-12 20:06:14
  5   5  90   0   0   0|   0     0 |   0     0 |   0     0 |  20    77 |02-12 20:06:15
  6   5  89   0   0   0|   0     0 |5478B 2803B|   0     0 |  77   209 |02-12 20:06:16
  5   6  89   0   0   0|   0     0 |   0     0 |   0     0 |  32   134 |02-12 20:06:17
  5   6  89   0   0   0|   0     0 | 359B 1289B|   0     0 |  96   290 |02-12 20:06:18
  5   5  89   0   0   0|   0     0 |6164B 3281B|   0     0 |  40   153 |02-12 20:06:19
  5   6  89   0   0   0|   0     0 |   0     0 |   0     0 |  55   157 |02-12 20:06:20
  5   6  89   0   0   0|   0     0 |3311B 2695B|   0     0 | 181   468 |02-12 20:06:21
 16   6  78   0   0   0|   0     0 |  14k   14k|   0     0 | 956  2127 |02-12 20:06:22
  0   0 100   0   0   0|   0     0 |1446B  660B|   0     0 | 103   264 |02-12 20:06:23
  0   0 100   0   0   0|   0     0 |   0     0 |   0     0 |  23    36 |02-12 20:06:24
  0   0 100   0   0   0|   0     0 |5744B 3053B|   0     0 |  23   100 |02-12 20:06:25
  0   0 100   0   0   0|   0     0 | 466B  184B|   0     0 |  58   145 |02-12 20:06:26
  0   0 100   0   0   0|   0     0 |   0     0 |   0     0 |  23    37 |02-12 20:06:27
  0   0 100   0   0   0|   0     0 |5900B 3515B|   0     0 |  34   122 |02-12 20:06:28
  0   0 100   0   0   0|   0     0 |   0     0 |   0     0 |  19    53 |02-12 20:06:29
  0   0 100   0   0   0|   0     0 |   0     0 |   0     0 |  18    29 |02-12 20:06:30
  0   0 100   0   0   0|   0     0 |5478B 2803B|   0     0 |  26    76 |02-12 20:06:31
  0   0 100   0   0   0|   0     0 |   0     0 |   0     0 |  23    44 |02-12 20:06:32
  0   0 100   0   0   0|   0     0 |   0     0 |   0     0 |  39   109 |02-12 20:06:33
  0   0 100   0   0   0|   0     0 |5478B 2803B|   0     0 |  23    61 |02-12 20:06:34
  0   0 100   0   0   0|   0     0 |   0     0 |   0     0 |  22    31 |02-12 20:06:35
  0   0 100   0   0   0|   0     0 |1895B 1851B|   0     0 |  34    77 |02-12 20:06:36
  2   1  97   1   0   0|   0   100k|7270B 4829B|   0     0 | 225   589 |02-12 20:06:37
  0   1  99   0   0   0|   0     0 |3367B 2561B|   0     0 | 123   351 |02-12 20:06:38
  3   1  96   0   0   0|   0     0 |2986B 2164B|   0     0 | 377   946 |02-12 20:06:39
  1   0  98   0   0   0|   0     0 |7254B 6163B|   0     0 | 234   619 |02-12 20:06:40
  0   0 100   0   0   0|   0     0 |   0     0 |   0     0 |  23   108 |02-12 20:06:41
  0   0 100   0   0   0|   0     0 |   0     0 |   0     0 |  23    91 |02-12 20:06:42
  0   0 100   0   0   0|   0  8192B|5568B 2893B|   0     0 | 208   186 |02-12 20:06:43
  9   1  89   0   0   0|   0     0 |2008k 4326k|   0     0 |1405  3717 |02-12 20:06:44
 26   6  65   0   0   2|   0     0 |  15M   39M|   0     0 |3502    15k|02-12 20:06:45
 17   5  77   0   0   2|   0     0 |  17M   47M|   0     0 |4230    17k|02-12 20:06:46
 11   5  84   0   0   1|   0     0 |  18M   47M|   0     0 |5677    17k|02-12 20:06:47
  6   5  88   0   0   1|   0     0 |  17M   44M|   0     0 |5701    16k|02-12 20:06:48
  6   5  89   0   0   1|   0     0 |  18M   49M|   0     0 |6678    18k|02-12 20:06:49
  6   5  88   0   0   1|   0     0 |  19M   50M|   0     0 |7386    19k|02-12 20:06:50
  6   4  88   0   0   1|   0     0 |  18M   47M|   0     0 |6938    17k|02-12 20:06:51
  5   4  91   0   0   0|   0     0 |  18M   47M|   0     0 |6980    17k|02-12 20:06:52
  6   5  89   0   0   1|   0    92k|  19M   51M|   0     0 |7425    18k|02-12 20:06:53
  6   4  89   0   0   1|   0     0 |  18M   48M|   0     0 |7007    18k|02-12 20:06:54
  5   4  90   0   0   1|   0     0 |  17M   46M|   0     0 |7332    18k|02-12 20:06:55
  3   3  93   0   0   1|   0     0 |  15M   41M|   0     0 |6513    16k|02-12 20:06:56
  5   5  89   0   0   1|   0     0 |  19M   50M|   0     0 |7662    18k|02-12 20:06:57
 10   4  84   0   0   1|   0  4096B|  16M   43M|   0     0 |6441    16k|02-12 20:06:58
 12   4  83   0   0   1|   0     0 |  17M   45M|   0     0 |7448    18k|02-12 20:06:59
  6   4  89   0   0   1|   0     0 |  18M   48M|   0     0 |7156    17k|02-12 20:07:00
  6   4  90   0   0   0|   0     0 |  17M   47M|   0     0 |7020    17k|02-12 20:07:01
  3   3  94   0   0   0|   0     0 |  10M   28M|   0     0 |4212  9932 |02-12 20:07:02
  3   2  96   0   0   0|   0     0 |7524k   20M|   0     0 |3066  7393 |02-12 20:07:03
  0   0 100   0   0   0|   0     0 |  43k  126k|   0     0 |  30   133 |02-12 20:07:04
  0   1  99   0   0   0|   0     0 |2171k 5858k|   0     0 | 579  2099 |02-12 20:07:05
  5   3  91   0   0   0|   0     0 |  12M   33M|   0     0 |4695    13k|02-12 20:07:06
  6   4  90   0   0   1|   0     0 |  17M   46M|   0     0 |6752    17k|02-12 20:07:07
  5   4  88   2   0   0|   0    92k|  17M   47M|   0     0 |7576    18k|02-12 20:07:08
  4   4  91   0   0   1|   0     0 |  16M   43M|   0     0 |6806    16k|02-12 20:07:09
  2   2  96   0   0   0|   0     0 |8012k   21M|   0     0 |3215  7912 |02-12 20:07:10
  4   2  93   0   0   1|   0     0 |  14M   39M|   0     0 |5704    15k|02-12 20:07:11
  2   2  96   0   0   0|   0     0 |8176k   21M|   0     0 |3163  8239 |02-12 20:07:12
  2   2  95   0   0   0|   0    32k|8659k   23M|   0     0 |3553  8648 |02-12 20:07:13
  2   2  96   0   0   0|   0     0 |8929k   23M|   0     0 |3632  8841 |02-12 20:07:14
  3   3  94   0   0   0|   0     0 |  10M   27M|   0     0 |4549    10k|02-12 20:07:15
  2   2  96   0   0   0|   0     0 |8730k   23M|   0     0 |3450  8178 |02-12 20:07:16
  6   5  89   0   0   1|   0     0 |  17M   46M|   0     0 |6306    16k|02-12 20:07:17
  5   4  90   0   0   1|   0  4096B|  18M   48M|   0     0 |6913    17k|02-12 20:07:18
  5   4  90   0   0   1|   0     0 |  18M   47M|   0     0 |7604    18k|02-12 20:07:19
  6   5  89   0   0   1|   0     0 |  18M   50M|   0     0 |7755    18k|02-12 20:07:20
  5   4  91   0   0   0|   0     0 |  18M   48M|   0     0 |7298    18k|02-12 20:07:21
  4   3  92   0   0   1|   0     0 |  15M   40M|   0     0 |6358    15k|02-12 20:07:22
  6   5  88   0   0   1|   0     0 |  19M   50M|   0     0 |7859    19k|02-12 20:07:23
  6   4  89   0   0   1|   0     0 |  19M   51M|   0     0 |7951    18k|02-12 20:07:24
  4   5  91   0   0   0|   0     0 |  19M   50M|   0     0 |7754    18k|02-12 20:07:25
  7   4  89   0   0   1|   0     0 |  18M   48M|   0     0 |7923    18k|02-12 20:07:26
  6   4  89   0   0   1|   0     0 |  18M   49M|   0     0 |7372    18k|02-12 20:07:27
  6   4  90   0   0   0|   0     0 |  17M   46M|   0     0 |7140    17k|02-12 20:07:28
  6   4  89   0   0   1|   0     0 |  18M   48M|   0     0 |7204    17k|02-12 20:07:29
  7   4  88   0   0   1|   0     0 |  17M   46M|   0     0 |6772    17k|02-12 20:07:30
  6   5  89   0   0   1|   0     0 |  19M   50M|   0     0 |7842    19k|02-12 20:07:31
  6   5  87   0   0   1|   0     0 |  17M   47M|   0     0 |7330    17k|02-12 20:07:32
  6   4  90   0   0   1|   0     0 |  17M   47M|   0     0 |7312    17k|02-12 20:07:33
  4   4  91   0   0   0|   0     0 |  18M   48M|   0     0 |7700    18k|02-12 20:07:34
  6   5  88   0   0   1|   0     0 |  18M   49M|   0     0 |7800    18k|02-12 20:07:35
  4   5  91   0   0   0|   0     0 |  18M   48M|   0     0 |7164    18k|02-12 20:07:36
  5   3  92   0   0   1|   0     0 |  19M   50M|   0     0 |7726    18k|02-12 20:07:37
  4   4  91   0   0   1|   0    24k|  18M   47M|   0     0 |7234    17k|02-12 20:07:38
  6   5  89   0   0   1|   0    84k|  19M   51M|   0     0 |7930    19k|02-12 20:07:39
  5   3  91   0   0   1|   0     0 |  18M   49M|   0     0 |7543    18k|02-12 20:07:40
  5   5  90   0   0   0|   0     0 |  19M   51M|   0     0 |8009    19k|02-12 20:07:41
  6   4  90   0   0   0|   0     0 |  18M   49M|   0     0 |7326    17k|02-12 20:07:42
  5   4  90   0   0   0|   0     0 |  18M   48M|   0     0 |7505    18k|02-12 20:07:43
  5   4  89   0   0   1|   0    20k|  16M   44M|   0     0 |6605    16k|02-12 20:07:44
 12   6  82   0   0   0|   0     0 |4364B 6517B|   0     0 | 126   259 |02-12 20:07:45
  5   5  89   0   0   0|   0     0 | 659B 1174B|   0     0 |  22    85 |02-12 20:07:46
  5   6  89   0   0   0|   0     0 |6126B 3715B|   0     0 |  84   274 |02-12 20:07:47
  4   6  89   0   0   0|   0     0 |2748B 5592B|   0     0 |  65   182 |02-12 20:07:48
  4   6  89   0   0   0|   0  8192B|   0     0 |   0     0 |  59   226 |02-12 20:07:49
  5   5  89   0   0   0|   0     0 |5478B 2803B|   0     0 |  60   195 |02-12 20:07:50
  5   6  90   0   0   0|   0     0 |   0     0 |   0     0 |  22    80 |02-12 20:07:51
  6   7  87   0   0   0|   0     0 |3621B 2761B|   0     0 | 274   659 |02-12 20:07:52
 11   5  84   0   0   0|   0     0 |  15k   14k|   0     0 | 847  1936 |02-12 20:07:53
  0   0 100   0   0   0|   0     0 |   0     0 |   0     0 |  29    68 |02-12 20:07:54
  0   0 100   0   0   0|   0     0 |   0     0 |   0     0 |  20    27 |02-12 20:07:55
  0   0 100   0   0   0|   0     0 |5478B 2803B|   0     0 |  19    59 |02-12 20:07:56
  0   0 100   0   0   0|   0     0 |   0     0 |   0     0 |  19    46 |02-12 20:07:57
  0   0 100   0   0   0|   0     0 |   0     0 |   0     0 |  18    25 |02-12 20:07:58
  0   0 100   0   0   0|   0     0 |5478B 2803B|   0     0 |  32   120 |02-12 20:07:59
  0   0 100   0   0   0|   0     0 |   0     0 |   0     0 |  18    25 |02-12 20:08:00
  0   0 100   0   0   0|   0     0 | 102B  192B|   0     0 |  19    49 |02-12 20:08:01
  0   0 100   0   0   0|   0     0 |5478B 2803B|   0     0 |  20    64 |02-12 20:08:02
  2   1  97   0   0   0|   0     0 |3489B 3767B|   0     0 | 227   584 |02-12 20:08:03
  1   1  98   0   0   0|   0     0 |4879B 3449B|   0     0 | 238   605 |02-12 20:08:04
  4   1  95   0   0   0|   0     0 |8662B 7549B|   0     0 | 408  1062 |02-12 20:08:05
  0   0 100   0   0   0|   0     0 |   0     0 |   0     0 |  23    97 |02-12 20:08:06
  0   0 100   0   0   0|   0     0 |   0     0 |   0     0 |  22    90 |02-12 20:08:07
  0   0 100   0   0   0|   0     0 |5478B 2803B|   0     0 |  25   123 |02-12 20:08:08
  0   0  99   1   0   0|   0    80k|   0     0 |   0     0 |  44   179 |02-12 20:08:09
  0   0 100   0   0   0|   0     0 | 419k   13k|   0     0 |  41   134 |02-12 20:08:10
 27   5  66   0   0   2|   0     0 |  10M   28M|   0     0 |3407    13k|02-12 20:08:11
 25   7  66   0   0   2|   0     0 |  16M   42M|   0     0 |3674    15k|02-12 20:08:12
 15   5  80   0   0   1|   0     0 |  16M   42M|   0     0 |4013    15k|02-12 20:08:13
  5   5  90   0   0   1|   0     0 |  17M   46M|   0     0 |5078    17k|02-12 20:08:14
  6   5  89   0   0   1|   0     0 |  18M   48M|   0     0 |5998    17k|02-12 20:08:15
  7   5  87   0   0   1|   0     0 |  20M   53M|   0     0 |7040    20k|02-12 20:08:16
  6   5  88   0   0   1|   0     0 |  17M   46M|   0     0 |5690    17k|02-12 20:08:17
  5   4  90   0   0   1|   0     0 |  17M   47M|   0     0 |6146    17k|02-12 20:08:18
  6   4  89   0   0   1|   0     0 |  19M   52M|   0     0 |7141    19k|02-12 20:08:19
  7   4  88   0   0   1|   0    20k|  18M   48M|   0     0 |6439    18k|02-12 20:08:20
  6   5  89   0   0   1|   0     0 |  18M   49M|   0     0 |6840    18k|02-12 20:08:21
  6   5  89   0   0   1|   0     0 |  19M   51M|   0     0 |6895    19k|02-12 20:08:22
  5   4  90   0   0   1|   0     0 |  16M   43M|   0     0 |5972    16k|02-12 20:08:23
 10   4  85   0   0   1|   0     0 |  18M   48M|   0     0 |6755    18k|02-12 20:08:24
 13   6  80   0   0   1|   0    84k|  16M   44M|   0     0 |6098    16k|02-12 20:08:25
  6   4  89   0   0   1|   0     0 |  18M   48M|   0     0 |6528    17k|02-12 20:08:26
  6   4  89   0   0   1|   0     0 |  18M   49M|   0     0 |6793    18k|02-12 20:08:27
  4   4  91   0   0   1|   0     0 |  19M   50M|   0     0 |7421    19k|02-12 20:08:28
  5   5  90   0   0   1|   0     0 |  18M   48M|   0     0 |6803    18k|02-12 20:08:29
  6   4  88   0   0   1|   0     0 |  17M   46M|   0     0 |6352    17k|02-12 20:08:30
  5   4  90   0   0   1|   0     0 |  18M   48M|   0     0 |6482    18k|02-12 20:08:31
  5   4  90   0   0   1|   0     0 |  17M   46M|   0     0 |6281    17k|02-12 20:08:32
  5   5  89   0   0   1|   0     0 |  18M   49M|   0     0 |6570    18k|02-12 20:08:33
  6   5  88   0   0   1|   0     0 |  19M   51M|   0     0 |6894    19k|02-12 20:08:34
  5   5  90   0   0   1|   0    32k|  18M   48M|   0     0 |6671    18k|02-12 20:08:35
  6   5  88   0   0   1|   0     0 |  19M   51M|   0     0 |7148    19k|02-12 20:08:36
  7   4  88   0   0   1|   0     0 |  20M   52M|   0     0 |7190    19k|02-12 20:08:37
  6   5  89   0   0   1|   0     0 |  17M   46M|   0     0 |6275    17k|02-12 20:08:38
  8   7  85   0   0   1|   0     0 |  19M   51M|   0     0 |7211    19k|02-12 20:08:39
  6   4  89   0   0   1|   0   128k|  19M   50M|   0     0 |6811    18k|02-12 20:08:40
  6   5  89   0   0   1|   0     0 |  17M   45M|   0     0 |6255    17k|02-12 20:08:41
  5   3  91   0   0   0|   0     0 |  18M   49M|   0     0 |6944    18k|02-12 20:08:42
  7   5  88   0   0   1|   0     0 |  18M   48M|   0     0 |6640    18k|02-12 20:08:43
  5   4  90   0   0   1|   0     0 |  18M   49M|   0     0 |6723    18k|02-12 20:08:44
  6   5  89   0   0   0|   0     0 |  18M   48M|   0     0 |6426    18k|02-12 20:08:45
  6   5  88   0   0   1|   0     0 |  18M   47M|   0     0 |6600    17k|02-12 20:08:46
  5   5  90   0   0   1|   0     0 |  17M   47M|   0     0 |6482    17k|02-12 20:08:47
  5   4  90   0   0   0|   0     0 |  17M   46M|   0     0 |6282    18k|02-12 20:08:48
  5   5  88   0   0   2|   0     0 |  18M   48M|   0     0 |6938    18k|02-12 20:08:49
  5   4  91   0   0   0|   0     0 |  17M   45M|   0     0 |6533    17k|02-12 20:08:50
  6   4  89   0   0   1|   0  4096B|  17M   47M|   0     0 |6843    18k|02-12 20:08:51
  5   5  89   0   0   1|   0     0 |  17M   46M|   0     0 |6657    18k|02-12 20:08:52
  4   4  92   0   0   1|   0     0 |  16M   43M|   0     0 |6243    16k|02-12 20:08:53
  6   5  88   0   0   1|   0     0 |  19M   50M|   0     0 |7257    19k|02-12 20:08:54
  6   4  89   0   0   1|   0     0 |  18M   49M|   0     0 |7137    19k|02-12 20:08:55
  5   5  90   0   0   0|   0     0 |  18M   48M|   0     0 |6839    18k|02-12 20:08:56
  5   3  92   0   0   1|   0     0 |  15M   39M|   0     0 |5897    15k|02-12 20:08:57
  5   5  90   0   0   1|   0     0 |  18M   49M|   0     0 |7164    19k|02-12 20:08:58
  5   4  90   0   0   1|   0     0 |  20M   53M|   0     0 |7376    20k|02-12 20:08:59
  6   4  90   0   0   1|   0     0 |  17M   46M|   0     0 |6366    17k|02-12 20:09:00
  5   5  90   0   0   0|   0     0 |  18M   48M|   0     0 |6777    18k|02-12 20:09:01
  7   5  88   0   0   1|   0     0 |  18M   48M|   0     0 |7040    18k|02-12 20:09:02
  6   5  88   0   0   1|   0     0 |  17M   46M|   0     0 |6507    17k|02-12 20:09:03
  7   5  87   0   0   1|   0     0 |  19M   52M|   0     0 |7635    20k|02-12 20:09:04
  5   4  90   0   0   1|   0     0 |  19M   50M|   0     0 |7065    19k|02-12 20:09:05
  4   4  91   0   0   1|   0    32k|  18M   47M|   0     0 |6311    17k|02-12 20:09:06
  7   5  88   0   0   0|   0     0 |  19M   52M|   0     0 |7526    20k|02-12 20:09:07
  8   5  87   0   0   1|   0     0 |  20M   54M|   0     0 |7925    21k|02-12 20:09:08
  5   4  90   0   0   1|   0     0 |  20M   53M|   0     0 |6941    19k|02-12 20:09:09
  6   5  89   0   0   0|   0     0 |  18M   50M|   0     0 |7112    19k|02-12 20:09:10
  0   0  99   1   0   0|   0    52k|  28k  484k|   0     0 | 106   311 |02-12 20:09:11
 13   5  82   0   0   0|   0     0 |7590B 9139B|   0     0 | 123   220 |02-12 20:09:12
  5   5  89   0   0   0|   0     0 |   0     0 |   0     0 |  26    88 |02-12 20:09:13
  5   6  89   0   0   0|   0     0 |   0     0 |   0     0 |  94   242 |02-12 20:09:14
  5   6  89   0   0   0|   0     0 |5478B 2803B|   0     0 |  32   119 |02-12 20:09:15
  5   6  89   0   0   0|   0     0 |   0     0 |   0     0 |  52   152 |02-12 20:09:16
  5   5  89   0   0   0|   0     0 |   0     0 |   0     0 |  21    89 |02-12 20:09:17
  5   6  90   0   0   0|   0     0 |5478B 2803B|   0     0 |  60   182 |02-12 20:09:18
  6   5  89   0   0   0|   0     0 |2155B 2203B|   0     0 |  78   237 |02-12 20:09:19
 13   7  80   0   0   0|   0     0 |4242B 5486B|   0     0 | 862  1888 |02-12 20:09:20
  3   1  96   0   0   0|   0     0 |  12k 9513B|   0     0 | 300   775 |02-12 20:09:21
  0   0 100   0   0   0|   0     0 |   0     0 |   0     0 |  19    28 |02-12 20:09:22
  0   0 100   0   0   0|   0     0 |   0     0 |   0     0 |  18    22 |02-12 20:09:23
  0   0 100   0   0   0|   0     0 |5478B 2803B|   0     0 |  33   109 |02-12 20:09:24
  0   0 100   0   0   0|   0     0 |   0     0 |   0     0 |  26    65 |02-12 20:09:25
  0   0 100   0   0   0|   0  8192B|   0     0 |   0     0 |  23    45 |02-12 20:09:26
  0   0 100   0   0   0|   0     0 |5478B 2803B|   0     0 |  21    68 |02-12 20:09:27
  0   0 100   0   0   0|   0     0 | 293B 1289B|   0     0 |  29    71 |02-12 20:09:28
  0   0 100   0   0   0|   0     0 | 820B  728B|   0     0 |  38   135 |02-12 20:09:29
  0   0 100   0   0   0|   0     0 |6300B 3699B|   0     0 |  57   182 |02-12 20:09:30
  0   0 100   0   0   0|   0     0 |   0     0 |   0     0 |  23    47 |02-12 20:09:31
  0   0 100   0   0   0|   0     0 |   0     0 |   0     0 |  24    50 |02-12 20:09:32
  0   0 100   0   0   0|   0     0 |5478B 2803B|   0     0 |  22    88 |02-12 20:09:33
  0   0 100   0   0   0|   0     0 |   0     0 |   0     0 |  30    70 |02-12 20:09:34
  0   0 100   0   0   0|   0     0 |   0     0 |   0     0 |  21    35 |02-12 20:09:35
  0   0 100   0   0   0|   0     0 |8203B 5404B|   0     0 |  58   166 |02-12 20:09:36
  2   1  97   0   0   0|   0     0 |4001B 3209B|   0     0 | 275   736 |02-12 20:09:37
  1   1  98   0   0   0|   0     0 |1774B 1406B|   0     0 | 149   364 |02-12 20:09:38
  4   1  95   0   0   0|   0     0 |  14k   17k|   0     0 | 693  1738 |02-12 20:09:39
  0   0 100   0   0   0|   0     0 |   0     0 |   0     0 |  19    79 |02-12 20:09:40
  0   0  99   1   0   0|   0    72k|   0     0 |   0     0 |  21   107 |02-12 20:09:41
  0   0 100   0   0   0|   0    84k|5412B 2737B|   0     0 |  24   109 |02-12 20:09:42
  0   0 100   0   0   0|   0     0 |  66B   66B|   0     0 |  24    92 |02-12 20:09:43
 29  10  58   0   0   3|   0     0 |  11M   28M|   0     0 |2940  9874 |02-12 20:09:44
 38  11  47   0   0   5|   0     0 |  23M   62M|   0     0 |4350    18k|02-12 20:09:45
 18   7  72   0   0   2|   0     0 |  25M   66M|   0     0 |6390    21k|02-12 20:09:46
 13   9  74   0   0   3|   0     0 |  25M   66M|   0     0 |6686    20k|02-12 20:09:47
  8   7  82   0   0   2|   0     0 |  25M   68M|   0     0 |6737    20k|02-12 20:09:48
  8   7  83   0   0   2|   0     0 |  24M   66M|   0     0 |7726    22k|02-12 20:09:49
  8   8  82   0   0   2|   0     0 |  26M   69M|   0     0 |7746    22k|02-12 20:09:50
  8   8  82   0   0   2|   0     0 |  26M   70M|   0     0 |8168    23k|02-12 20:09:51
  9   6  83   0   0   2|   0    88k|  25M   66M|   0     0 |8225    23k|02-12 20:09:52
  9   8  82   0   0   2|   0     0 |  26M   70M|   0     0 |8380    24k|02-12 20:09:53
  8   7  83   0   0   2|   0     0 |  26M   70M|   0     0 |7527    21k|02-12 20:09:54
 18   7  72   0   0   3|   0     0 |  24M   64M|   0     0 |7736    22k|02-12 20:09:55
 12   7  79   0   0   1|   0     0 |  27M   74M|   0     0 |9031    25k|02-12 20:09:56
  8   6  85   0   0   1|   0  8192B|  25M   68M|   0     0 |8813    24k|02-12 20:09:57
  8   6  84   0   0   2|   0     0 |  25M   66M|   0     0 |8016    22k|02-12 20:09:58
  7   6  85   0   0   2|   0     0 |  25M   68M|   0     0 |8041    22k|02-12 20:09:59
  9   8  81   0   0   2|   0     0 |  25M   66M|   0     0 |8309    23k|02-12 20:10:00
  8   6  84   0   0   1|   0     0 |  25M   68M|   0     0 |8280    23k|02-12 20:10:01
  8   7  83   0   0   2|   0  4096B|  25M   68M|   0     0 |7838    21k|02-12 20:10:02
  8   6  85   0   0   2|   0     0 |  26M   69M|   0     0 |8567    23k|02-12 20:10:03
  6   5  87   0   0   2|   0     0 |  24M   66M|   0     0 |7783    21k|02-12 20:10:04
  9   7  83   0   0   1|   0     0 |  26M   69M|   0     0 |8371    23k|02-12 20:10:05
  8   6  84   0   0   2|   0     0 |  27M   72M|   0     0 |8636    23k|02-12 20:10:06
  7   7  84   0   0   2|   0     0 |  24M   65M|   0     0 |8147    22k|02-12 20:10:07
  8   7  84   0   0   2|   0     0 |  25M   68M|   0     0 |7786    21k|02-12 20:10:08
  7   8  83   0   0   2|   0     0 |  25M   67M|   0     0 |7401    21k|02-12 20:10:09
  7   6  85   0   0   2|   0     0 |  26M   69M|   0     0 |9004    24k|02-12 20:10:10
 10   8  80   0   0   2|   0     0 |  26M   71M|   0     0 |8947    24k|02-12 20:10:11
  8   8  82   0   0   2|   0    48k|  27M   72M|   0     0 |9128    25k|02-12 20:10:12
  7   7  84   0   0   2|   0    32k|  25M   68M|   0     0 |8003    22k|02-12 20:10:13
  9   8  82   0   0   2|   0     0 |  24M   66M|   0     0 |7418    20k|02-12 20:10:14
  8   8  82   0   0   2|   0     0 |  25M   66M|   0     0 |8051    23k|02-12 20:10:15
  8   7  84   0   0   2|   0     0 |  25M   67M|   0     0 |7884    21k|02-12 20:10:16
  8   7  83   0   0   2|   0     0 |  25M   67M|   0     0 |8003    22k|02-12 20:10:17
  8   8  83   0   0   2|   0     0 |  25M   68M|   0     0 |8525    23k|02-12 20:10:18
  7   7  83   0   0   3|   0     0 |  25M   66M|   0     0 |8062    22k|02-12 20:10:19
  9   7  83   0   0   2|   0     0 |  25M   67M|   0     0 |9045    24k|02-12 20:10:20
  7   7  83   0   0   2|   0     0 |  24M   65M|   0     0 |7980    21k|02-12 20:10:21
  8   7  83   0   0   1|   0     0 |  24M   65M|   0     0 |8115    22k|02-12 20:10:22
  8   7  83   0   0   2|   0     0 |  25M   66M|   0     0 |8021    22k|02-12 20:10:23
  8   7  83   0   0   2|   0     0 |  24M   65M|   0     0 |7846    21k|02-12 20:10:24
  8   7  84   0   0   1|   0     0 |  24M   65M|   0     0 |7831    21k|02-12 20:10:25
  8   7  84   0   0   2|   0     0 |  24M   66M|   0     0 |8444    22k|02-12 20:10:26
  7   6  86   0   0   1|   0     0 |  24M   64M|   0     0 |8394    22k|02-12 20:10:27
  9   7  82   0   0   2|   0  4096B|  24M   65M|   0     0 |8374    22k|02-12 20:10:28
  7   6  84   0   0   3|   0     0 |  23M   62M|   0     0 |7976    21k|02-12 20:10:29
  9   8  81   0   0   2|   0     0 |  23M   63M|   0     0 |7573    21k|02-12 20:10:30
  8   6  84   0   0   2|   0     0 |  25M   66M|   0     0 |8087    22k|02-12 20:10:31
  9   8  80   0   0   2|   0     0 |  23M   62M|   0     0 |7350    20k|02-12 20:10:32
  8   8  83   0   0   1|   0     0 |  25M   67M|   0     0 |7792    21k|02-12 20:10:33
  8   9  82   0   0   2|   0     0 |  23M   62M|   0     0 |7436    20k|02-12 20:10:34
  7   8  83   0   0   2|   0     0 |  23M   63M|   0     0 |7796    21k|02-12 20:10:35
  8   7  83   0   0   2|   0     0 |  25M   66M|   0     0 |8697    23k|02-12 20:10:36
  8   6  83   0   0   2|   0     0 |  24M   66M|   0     0 |8246    23k|02-12 20:10:37
  8   7  83   0   0   2|   0     0 |  25M   67M|   0     0 |8450    23k|02-12 20:10:38
  8   6  83   0   0   2|   0     0 |  26M   70M|   0     0 |7795    22k|02-12 20:10:39
  7   7  85   0   0   1|   0     0 |  26M   70M|   0     0 |8265    23k|02-12 20:10:40
  7   6  85   0   0   2|   0     0 |  25M   69M|   0     0 |8556    24k|02-12 20:10:41
  7   7  84   0   0   2|   0     0 |  26M   70M|   0     0 |8685    24k|02-12 20:10:42
  8   9  80   0   0   2|   0    92k|  25M   68M|   0     0 |7988    23k|02-12 20:10:43
 15   6  79   0   0   0|   0     0 |6488k   18M|   0     0 |2358  6178 |02-12 20:10:44
  9   6  85   0   0   0|   0     0 |4224B 4224B|   0     0 |  87   192 |02-12 20:10:45
  5   6  89   0   0   0|   0     0 |5478B 2803B|   0     0 |  28   110 |02-12 20:10:46
  5   5  89   0   0   0|   0     0 |   0     0 |   0     0 |  31   109 |02-12 20:10:47
  4   6  90   0   0   0|   0     0 |   0     0 |   0     0 |  24    84 |02-12 20:10:48
  5   6  89   0   0   0|   0     0 |7906B 8329B|   0     0 |  78   295 |02-12 20:10:49
  6   5  90   0   0   0|   0     0 | 254B   66B|   0     0 |  20    83 |02-12 20:10:50
  5   6  89   0   0   0|   0     0 |   0     0 |   0     0 |  18    70 |02-12 20:10:51
  5   5  89   0   0   0|   0     0 |1895B 1851B|   0     0 |  40   137 |02-12 20:10:52
  5   5  89   0   0   0|   0     0 |6308B 3553B|   0     0 |  48   215 |02-12 20:10:53
 13   6  80   0   0   0|   0     0 |8556B   14k|   0     0 | 633  1387 |02-12 20:10:54
 11   2  87   0   0   0|   0     0 |6762B 6710B|   0     0 | 365   941 |02-12 20:10:55
  0   0 100   0   0   0|   0     0 |5478B 2803B|   0     0 |  22    60 |02-12 20:10:56
  0   0 100   0   0   0|   0     0 |   0     0 |   0     0 |  19    47 |02-12 20:10:57
  0   0 100   0   0   0|   0     0 |   0     0 |   0     0 |  18    25 |02-12 20:10:58
  0   0 100   0   0   0|   0  8192B|5478B 2803B|   0     0 |  35   118 |02-12 20:10:59
  0   0 100   0   0   0|   0     0 |   0     0 |   0     0 |  19    25 |02-12 20:11:00
  0   0 100   0   0   0|   0     0 |   0     0 |   0     0 |  18    44 |02-12 20:11:01
  0   0 100   0   0   0|   0     0 |5478B 2803B|   0     0 |  22    60 |02-12 20:11:02
  0   0 100   0   0   0|   0     0 |   0     0 |   0     0 |  20    25 |02-12 20:11:03
  0   0 100   0   0   0|   0     0 |   0     0 |   0     0 |  32    74 |02-12 20:11:04
  0   0 100   0   0   0|   0     0 |5478B 2803B|   0     0 |  26    84 |02-12 20:11:05
  0   0 100   0   0   0|   0     0 | 102B  192B|   0     0 |  18    30 |02-12 20:11:06
  0   0 100   0   0   0|   0     0 |   0     0 |   0     0 |  18    28 |02-12 20:11:07
  0   0 100   0   0   0|   0     0 |5478B 2803B|   0     0 |  20    52 |02-12 20:11:08
  0   0 100   0   0   0|   0     0 |1715B 1355B|   0     0 |  47   139 |02-12 20:11:09
  2   1  98   0   0   0|   0     0 |1906B 2412B|   0     0 | 208   552 |02-12 20:11:10
  0   0  99   0   0   0|   0     0 |8583B 4912B|   0     0 | 105   313 |02-12 20:11:11
  2   1  98   0   0   0|   0     0 |3176B 3532B|   0     0 | 211   532 |02-12 20:11:12
  4   1  95   0   0   0|   0     0 |8512B   13k|   0     0 | 634  1563 |02-12 20:11:13
  0   0 100   0   0   0|   0    80k|5478B 2803B|   0     0 |  38   165 |02-12 20:11:14
  0   0 100   0   0   0|   0     0 |   0     0 |   0     0 |  19    68 |02-12 20:11:15
  0   0 100   0   0   0|   0     0 |   0     0 |   0     0 |  18    65 |02-12 20:11:16
  0   0 100   0   0   0|   0     0 |5478B 2803B|   0     0 |  20   126 |02-12 20:11:17
 23   7  68   0   0   2|   0     0 |7959k   20M|   0     0 |2529  7804 |02-12 20:11:18
 38  10  47   0   0   5|   0     0 |  24M   64M|   0     0 |4267    18k|02-12 20:11:19
 17   7  73   0   0   3|   0     0 |  25M   68M|   0     0 |6446    23k|02-12 20:11:20
 14   8  76   0   0   3|   0     0 |  25M   68M|   0     0 |8026    24k|02-12 20:11:21
  8   7  84   0   0   2|   0     0 |  26M   70M|   0     0 |8274    23k|02-12 20:11:22
  8   7  83   0   0   2|   0     0 |  25M   69M|   0     0 |7751    22k|02-12 20:11:23
  8   7  83   0   0   2|   0    12k|  25M   68M|   0     0 |8429    23k|02-12 20:11:24
  9   7  83   0   0   2|   0     0 |  26M   71M|   0     0 |8739    24k|02-12 20:11:25
 10   7  81   0   0   2|   0     0 |  26M   70M|   0     0 |9093    25k|02-12 20:11:26
  7   7  85   0   0   1|   0     0 |  26M   70M|   0     0 |9016    25k|02-12 20:11:27
  8   8  82   0   0   2|   0     0 |  26M   70M|   0     0 |8302    23k|02-12 20:11:28
 17   7  73   0   0   3|   0   284k|  25M   68M|   0     0 |7964    23k|02-12 20:11:29
  9   7  81   0   0   3|   0     0 |  24M   66M|   0     0 |7996    23k|02-12 20:11:30
  9   7  82   0   0   3|   0     0 |  26M   69M|   0     0 |8553    24k|02-12 20:11:31
  7   8  84   0   0   2|   0     0 |  25M   66M|   0     0 |8053    23k|02-12 20:11:32
  8   7  84   0   0   2|   0     0 |  25M   68M|   0     0 |8555    23k|02-12 20:11:33
  8   5  85   0   0   2|   0  8192B|  26M   70M|   0     0 |8954    24k|02-12 20:11:34
  8   7  84   0   0   1|   0     0 |  26M   70M|   0     0 |8814    23k|02-12 20:11:35
  9   7  81   0   0   2|   0     0 |  25M   66M|   0     0 |8871    23k|02-12 20:11:36
  7   7  83   0   0   2|   0     0 |  27M   72M|   0     0 |9561    26k|02-12 20:11:37
  9   7  82   0   0   2|   0     0 |  25M   68M|   0     0 |8541    23k|02-12 20:11:38
  8   7  83   0   0   1|   0     0 |  25M   68M|   0     0 |9200    24k|02-12 20:11:39
  8   7  83   0   0   1|   0     0 |  25M   68M|   0     0 |8753    23k|02-12 20:11:40
  7   6  87   0   0   1|   0     0 |  26M   69M|   0     0 |9141    24k|02-12 20:11:41
  9   6  83   0   0   2|   0     0 |  25M   67M|   0     0 |9234    24k|02-12 20:11:42
  7   7  85   0   0   1|   0     0 |  27M   72M|   0     0 |9277    25k|02-12 20:11:43
  9   6  84   0   0   1|   0     0 |  26M   71M|   0     0 |9039    24k|02-12 20:11:44
  8   6  82   3   0   2|   0   120k|  24M   66M|   0     0 |8386    22k|02-12 20:11:45
  7   6  85   0   0   1|   0     0 |  26M   71M|   0     0 |9206    24k|02-12 20:11:46
  8   8  82   0   0   2|   0     0 |  25M   68M|   0     0 |8595    23k|02-12 20:11:47
  7   7  85   0   0   1|   0     0 |  25M   67M|   0     0 |8042    22k|02-12 20:11:48
  8   6  84   0   0   2|   0     0 |  23M   63M|   0     0 |8867    23k|02-12 20:11:49
  8   7  84   0   0   2|   0     0 |  25M   67M|   0     0 |8881    23k|02-12 20:11:50
  8   6  83   0   0   2|   0     0 |  26M   69M|   0     0 |8474    23k|02-12 20:11:51
  8   7  82   0   0   2|   0     0 |  26M   69M|   0     0 |9349    25k|02-12 20:11:52
  9   7  83   0   0   2|   0     0 |  26M   70M|   0     0 |8912    23k|02-12 20:11:53
  7   6  85   0   0   2|   0     0 |  25M   68M|   0     0 |8498    22k|02-12 20:11:54
  8   7  83   0   0   2|   0     0 |  25M   68M|   0     0 |8796    23k|02-12 20:11:55
  7   7  85   0   0   2|   0     0 |  26M   70M|   0     0 |9107    24k|02-12 20:11:56
  7   6  85   0   0   2|   0     0 |  26M   69M|   0     0 |8949    24k|02-12 20:11:57
  7   8  83   0   0   2|   0     0 |  27M   72M|   0     0 |8606    23k|02-12 20:11:58
  9   5  83   0   0   2|   0     0 |  26M   70M|   0     0 |9375    25k|02-12 20:11:59
  7   8  83   0   0   2|   0     0 |  23M   63M|   0     0 |7678    21k|02-12 20:12:00
  7   8  83   0   0   2|   0     0 |  26M   70M|   0     0 |9388    25k|02-12 20:12:01
  9   8  81   0   0   2|   0     0 |  24M   65M|   0     0 |8165    22k|02-12 20:12:02
  7   7  85   0   0   2|   0     0 |  27M   72M|   0     0 |9470    25k|02-12 20:12:03
  8   8  82   0   0   2|   0     0 |  25M   69M|   0     0 |8856    24k|02-12 20:12:04
  8   7  83   0   0   2|   0  4096B|  26M   69M|   0     0 |8891    24k|02-12 20:12:05
  8   6  84   0   0   1|   0     0 |  25M   68M|   0     0 |9009    24k|02-12 20:12:06
  7   7  84   0   0   2|   0     0 |  25M   68M|   0     0 |8955    24k|02-12 20:12:07
  8   6  85   0   0   2|   0     0 |  26M   71M|   0     0 |9202    25k|02-12 20:12:08
  7   8  84   0   0   2|   0     0 |  26M   70M|   0     0 |9534    25k|02-12 20:12:09
  8   7  83   0   0   2|   0     0 |  26M   69M|   0     0 |8860    24k|02-12 20:12:10
  9   6  83   0   0   2|   0     0 |  26M   70M|   0     0 |8609    23k|02-12 20:12:11
  8   6  83   0   0   3|   0     0 |  26M   71M|   0     0 |9115    25k|02-12 20:12:12
 10   6  81   0   0   2|   0     0 |  26M   71M|   0     0 |8836    25k|02-12 20:12:13
  8   9  81   0   0   2|   0     0 |  26M   70M|   0     0 |9122    25k|02-12 20:12:14
 11   8  79   1   0   2|   0    88k|  26M   69M|   0     0 |8388    23k|02-12 20:12:15
  9   7  82   0   0   2|   0     0 |  25M   67M|   0     0 |8431    23k|02-12 20:12:16
  8   9  80   0   0   3|   0     0 |  25M   68M|   0     0 |7629    22k|02-12 20:12:17
  2   2  95   0   0   1|   0     0 |8601k   23M|   0     0 |2820  7620 |02-12 20:12:18
  9   3  87   0   0   0|   0     0 |6336B 6336B|   0     0 |  94   160 |02-12 20:12:19
  5   6  89   0   0   0|   0     0 |   0     0 |   0     0 |  35   124 |02-12 20:12:20
  5   6  89   0   0   0|   0     0 |5478B 2803B|   0     0 |  69   222 |02-12 20:12:21
  5   5  90   0   0   0|   0     0 |   0     0 |   0     0 |  24    90 |02-12 20:12:22
  5   5  89   0   0   0|   0     0 |   0     0 |   0     0 |  26    94 |02-12 20:12:23
  6   5  90   0   0   0|   0     0 |5478B 2803B|   0     0 |  30   116 |02-12 20:12:24
  5   6  89   0   0   0|   0     0 |   0     0 |   0     0 |  78   230 |02-12 20:12:25
  5   6  89   0   0   0|   0     0 | 247B  247B|   0     0 |  42   138 |02-12 20:12:26
  5   6  89   0   0   0|   0     0 |9226B 5235B|   0     0 |  60   213 |02-12 20:12:27
 18   6  75   0   0   0|   0     0 |8700B   14k|   0     0 | 772  1637 |02-12 20:12:28
  5   1  94   0   0   0|   0     0 |6696B 6710B|   0     0 | 283   811 |02-12 20:12:29
  0   0 100   0   0   0|   0     0 |5478B 2803B|   0     0 |  37   111 |02-12 20:12:30
  0   0 100   0   0   0|   0     0 |   0     0 |   0     0 |  23    44 |02-12 20:12:31
  0   0 100   0   0   0|   0     0 |   0     0 |   0     0 |  24    35 |02-12 20:12:32
  0   0 100   0   0   0|   0     0 |5900B 3515B|   0     0 |  25   115 |02-12 20:12:33
  0   0 100   0   0   0|   0     0 |   0     0 |   0     0 |  23    35 |02-12 20:12:34
  0   0 100   0   0   0|   0     0 |   0     0 |   0     0 |  36    73 |02-12 20:12:35
  0   0 100   0   0   0|   0  8192B|5478B 2803B|   0     0 |  23    65 |02-12 20:12:36
  0   0 100   0   0   0|   0     0 |   0     0 |   0     0 |  24    67 |02-12 20:12:37
  0   0 100   0   0   0|   0     0 |   0     0 |   0     0 |  23    38 |02-12 20:12:38
  0   0 100   0   0   0|   0     0 |5478B 2803B|   0     0 |  24    87 |02-12 20:12:39
  0   0 100   0   0   0|   0     0 |   0     0 |   0     0 |  37    88 |02-12 20:12:40
  0   0 100   0   0   0|   0     0 |   0     0 |   0     0 |  22    54 |02-12 20:12:41
  1   0  99   0   0   0|   0     0 |7633B 5006B|   0     0 |  40   131 |02-12 20:12:42
  2   1  98   0   0   0|   0     0 |2364B 2186B|   0     0 | 209   541 |02-12 20:12:43
  0   0 100   0   0   0|   0     0 |2953B 2733B|   0     0 | 116   311 |02-12 20:12:44
  3   1  96   0   0   0|   0     0 |7716B 4283B|   0     0 | 356   917 |02-12 20:12:45
  2   1  97   0   0   0|   0   128k|7170B   13k|   0     0 | 467  1209 |02-12 20:12:46
  0   0 100   0   0   0|   0     0 |   0     0 |   0     0 |  19    87 |02-12 20:12:47
  0   0 100   0   0   0|   0     0 |5478B 2803B|   0     0 |  21    97 |02-12 20:12:48
  0   0 100   0   0   0|   0     0 |2682B 5592B|   0     0 |  52   207 |02-12 20:12:49
  0   0 100   0   0   0|   0     0 |   0     0 |   0     0 |  33   119 |02-12 20:12:50
 32  10  55   0   0   4|   0     0 |  11M   30M|   0     0 |3050    10k|02-12 20:12:51
 38  12  46   0   0   4|   0     0 |  23M   61M|   0     0 |4040    17k|02-12 20:12:52
 18   8  71   0   0   3|   0     0 |  25M   68M|   0     0 |6947    23k|02-12 20:12:53
 14   8  76   0   0   3|   0     0 |  28M   75M|   0     0 |8906    26k|02-12 20:12:54
  8   7  83   0   0   2|   0     0 |  25M   68M|   0     0 |7818    22k|02-12 20:12:55
  7   9  82   0   0   2|   0     0 |  26M   71M|   0     0 |8678    25k|02-12 20:12:56
  7   8  82   0   0   2|   0     0 |  27M   73M|   0     0 |9330    26k|02-12 20:12:57
  8   7  83   0   0   2|   0     0 |  26M   70M|   0     0 |8512    24k|02-12 20:12:58
  8   6  84   0   0   2|   0     0 |  27M   74M|   0     0 |9225    26k|02-12 20:12:59
  8   7  82   0   0   3|   0     0 |  26M   70M|   0     0 |8128    23k|02-12 20:13:00
 12   9  77   0   0   2|   0   292k|  25M   69M|   0     0 |8359    24k|02-12 20:13:01
 18  10  70   0   0   3|   0     0 |  26M   70M|   0     0 |7135    22k|02-12 20:13:02
  8   7  82   0   0   2|   0     0 |  27M   72M|   0     0 |8420    24k|02-12 20:13:03
  9   7  83   0   0   1|   0     0 |  27M   74M|   0     0 |8716    25k|02-12 20:13:04
  9   7  82   0   0   2|   0     0 |  26M   71M|   0     0 |7968    23k|02-12 20:13:05
  8   8  81   0   0   2|   0     0 |  26M   70M|   0     0 |8373    23k|02-12 20:13:06
  8   7  83   0   0   1|   0  8192B|  26M   71M|   0     0 |8255    23k|02-12 20:13:07
  8   6  84   0   0   2|   0     0 |  26M   70M|   0     0 |8273    23k|02-12 20:13:08
  9   7  82   0   0   2|   0     0 |  26M   70M|   0     0 |8642    24k|02-12 20:13:09
  8   8  82   0   0   2|   0     0 |  26M   69M|   0     0 |8438    24k|02-12 20:13:10
  9   8  81   0   0   2|   0     0 |  26M   71M|   0     0 |8369    23k|02-12 20:13:11
  9   8  81   0   0   2|   0     0 |  26M   69M|   0     0 |8208    23k|02-12 20:13:12
  7   7  84   0   0   1|   0     0 |  26M   70M|   0     0 |8321    23k|02-12 20:13:13
  6   8  83   0   0   2|   0     0 |  25M   68M|   0     0 |8262    23k|02-12 20:13:14
  9   8  81   0   0   2|   0     0 |  25M   67M|   0     0 |7595    21k|02-12 20:13:15
  8   8  82   0   0   2|   0     0 |  27M   72M|   0     0 |8980    25k|02-12 20:13:16
  8   7  82   0   0   2|   0    80k|  24M   66M|   0     0 |8262    23k|02-12 20:13:17
  9   7  82   0   0   2|   0     0 |  26M   69M|   0     0 |8211    23k|02-12 20:13:18
  8   6  84   0   0   2|   0     0 |  27M   72M|   0     0 |8639    24k|02-12 20:13:19
  8   7  83   0   0   2|   0     0 |  25M   68M|   0     0 |8672    24k|02-12 20:13:20
  8   8  83   0   0   2|   0     0 |  28M   75M|   0     0 |9579    26k|02-12 20:13:21
  7   7  84   0   0   2|   0     0 |  26M   70M|   0     0 |9061    25k|02-12 20:13:22
  7   6  85   0   0   1|   0     0 |  25M   66M|   0     0 |8306    23k|02-12 20:13:23
  7   7  85   0   0   1|   0     0 |  27M   73M|   0     0 |8714    24k|02-12 20:13:24
  7   8  83   0   0   1|   0     0 |  26M   69M|   0     0 |8500    24k|02-12 20:13:25
  7   6  85   0   0   1|   0     0 |  26M   71M|   0     0 |8753    24k|02-12 20:13:26
  8   8  83   0   0   2|   0     0 |  27M   73M|   0     0 |9094    25k|02-12 20:13:27
  8   7  83   0   0   2|   0     0 |  27M   73M|   0     0 |8942    25k|02-12 20:13:28
  8   7  82   0   0   2|   0     0 |  26M   69M|   0     0 |8594    24k|02-12 20:13:29
  8   8  81   0   0   2|   0     0 |  26M   70M|   0     0 |8927    24k|02-12 20:13:30
  9   8  81   0   0   2|   0     0 |  27M   71M|   0     0 |8529    23k|02-12 20:13:31
  8   6  84   0   0   1|   0     0 |  24M   65M|   0     0 |7997    21k|02-12 20:13:32
  8   7  84   0   0   2|   0     0 |  26M   69M|   0     0 |9087    24k|02-12 20:13:33
  8   7  83   0   0   2|   0     0 |  27M   73M|   0     0 |9251    25k|02-12 20:13:34
  9   7  82   0   0   2|   0     0 |  26M   69M|   0     0 |8936    24k|02-12 20:13:35
  8   7  83   0   0   2|   0     0 |  25M   68M|   0     0 |8313    23k|02-12 20:13:36
  8   6  84   0   0   2|   0     0 |  26M   70M|   0     0 |9320    25k|02-12 20:13:37
  9   7  83   0   0   1|   0     0 |  27M   71M|   0     0 |8676    23k|02-12 20:13:38
  7   7  84   0   0   2|   0     0 |  26M   69M|   0     0 |9181    24k|02-12 20:13:39
  9   7  82   0   0   2|   0     0 |  27M   72M|   0     0 |9691    26k|02-12 20:13:40
  8   6  84   0   0   2|   0     0 |  26M   71M|   0     0 |8916    24k|02-12 20:13:41
  9   6  85   0   0   1|   0  8192B|  25M   69M|   0     0 |8748    23k|02-12 20:13:42
  7   8  83   0   0   3|   0     0 |  26M   71M|   0     0 |8606    23k|02-12 20:13:43
  8   6  83   0   0   2|   0     0 |  25M   68M|   0     0 |8293    22k|02-12 20:13:44
  9   8  80   0   0   2|   0     0 |  26M   69M|   0     0 |8787    24k|02-12 20:13:45
  7   7  84   0   0   2|   0     0 |  26M   70M|   0     0 |8709    24k|02-12 20:13:46
  9   7  81   0   0   2|   0    36k|  25M   68M|   0     0 |8220    23k|02-12 20:13:47
  7   5  86   0   0   2|   0    68k|  25M   68M|   0     0 |8988    24k|02-12 20:13:48
  9   8  80   0   0   3|   0     0 |  26M   69M|   0     0 |8903    24k|02-12 20:13:49
  8   7  82   0   0   3|   0     0 |  26M   69M|   0     0 |8847    24k|02-12 20:13:50
  2   2  95   0   0   1|   0     0 |8008k   22M|   0     0 |2643  6978 |02-12 20:13:51
 11   5  84   0   0   0|   0     0 |  12k 9139B|   0     0 | 105   240 |02-12 20:13:52
  5   5  90   0   0   0|   0     0 |   0     0 |   0     0 |  64   189 |02-12 20:13:53
  5   6  89   0   0   0|   0     0 |   0     0 |   0     0 |  28    88 |02-12 20:13:54
  4   6  89   0   0   0|   0     0 |5478B 2803B|   0     0 |  59   191 |02-12 20:13:55
  4   6  89   0   0   0|   0     0 |   0     0 |   0     0 |  25    85 |02-12 20:13:56
  5   6  89   0   0   0|   0     0 |   0     0 |   0     0 |  25    99 |02-12 20:13:57
  6   5  89   0   0   0|   0  8192B|5478B 2803B|   0     0 |  30   128 |02-12 20:13:58
  4   6  90   0   0   0|   0     0 |   0     0 |   0     0 |  24   103 |02-12 20:13:59
  5   5  89   0   0   0|   0     0 |   0     0 |   0     0 |  36   143 |02-12 20:14:00
  5   6  89   0   0   0|   0     0 |5580B 2995B|   0     0 |  32   140 |02-12 20:14:01
  5   6  89   0   0   0|   0     0 |   0     0 |   0     0 |  18    71 |02-12 20:14:02
  5   5  89   0   0   0|   0     0 |   0     0 |   0     0 |  18    73 |02-12 20:14:03
  5   5  89   0   0   0|   0     0 |5552B 2877B|   0     0 |  27   131 |02-12 20:14:04
  5   6  89   0   0   0|   0     0 |2081B 2129B|   0     0 | 105   316 |02-12 20:14:05
  9   6  85   0   0   0|   0     0 |8700B   15k|   0     0 | 476  1069 |02-12 20:14:06
 16   4  80   0   0   0|   0     0 |  12k 9645B|   0     0 | 556  1401 |02-12 20:14:07
  0   0 100   0   0   0|   0     0 |   0     0 |   0     0 |  22    53 |02-12 20:14:08
  0   0 100   0   0   0|   0     0 |   0     0 |   0     0 |  25    69 |02-12 20:14:09
  0   0 100   0   0   0|   0     0 |5771B 4092B|   0     0 |  47   162 |02-12 20:14:10
  0   0 100   0   0   0|   0     0 | 820B  728B|   0     0 |  26    58 |02-12 20:14:11
  0   0 100   0   0   0|   0     0 | 400B  184B|   0     0 |  54   147 |02-12 20:14:12
  0   0 100   0   0   0|   0  4096B|5478B 2803B|   0     0 |  21    89 |02-12 20:14:13
  0   0 100   0   0   0|   0     0 |   0     0 |   0     0 |  24    35 |02-12 20:14:14
  0   0 100   0   0   0|   0     0 |   0     0 |   0     0 |  36    97 |02-12 20:14:15
  0   0 100   0   0   0|   0     0 |5478B 2803B|   0     0 |  23    75 |02-12 20:14:16
  0   0 100   0   0   0|   0     0 |   0     0 |   0     0 |  24    61 |02-12 20:14:17
  0   0  98   2   0   0|   0    64k|   0     0 |   0     0 |  24    60 |02-12 20:14:18
  0   0 100   0   0   0|   0     0 |5478B 2803B|   0     0 |  26    84 |02-12 20:14:19
  0   0 100   0   0   0|   0     0 |   0     0 |   0     0 |  36    89 |02-12 20:14:20
  0   0 100   0   0   0|   0     0 |   0     0 |   0     0 |  25    66 |02-12 20:14:21
  0   0 100   0   0   0|   0     0 |5478B 2803B|   0     0 |  25    73 |02-12 20:14:22
  0   0 100   0   0   0|   0     0 |   0     0 |   0     0 |  23    43 |02-12 20:14:23
  0   0 100   0   0   0|   0     0 |   0     0 |   0     0 |  23    41 |02-12 20:14:24
  0   0 100   0   0   0|   0     0 |5478B 2803B|   0     0 |  35   143 |02-12 20:14:25
  0   0 100   0   0   0|   0     0 |   0     0 |   0     0 |  21    31 |02-12 20:14:26
  0   0 100   0   0   0|   0     0 |   0     0 |   0     0 |  23    35 |02-12 20:14:27
  0   0 100   0   0   0|   0     0 |5478B 2803B|   0     0 |  25    82 |02-12 20:14:28
  0   0 100   0   0   0|   0     0 |   0     0 |   0     0 |  24    92 |02-12 20:14:29
  0   0 100   0   0   0|   0     0 |   0     0 |   0     0 |  37   120 |02-12 20:14:30
  0   0 100   0   0   0|   0     0 |5478B 2803B|   0     0 |  24   101 |02-12 20:14:31
  0   0 100   0   0   0|   0     0 |   0     0 |   0     0 |  33   138 |02-12 20:14:32
  0   0 100   0   0   0|   0     0 |   0     0 |   0     0 |  23    83 |02-12 20:14:33
  0   0 100   0   0   0|   0     0 |5900B 3515B|   0     0 |  20    67 |02-12 20:14:34
  0   0 100   0   0   0|   0     0 |   0     0 |   0     0 |  33    83 |02-12 20:14:35
  0   0 100   0   0   0|   0     0 |   0     0 |   0     0 |  18    25 |02-12 20:14:36
  0   0 100   0   0   0|   0     0 |2476B  470B|   0     0 |  19    52 |02-12 20:14:37
  0   0 100   0   0   0|   0     0 |5155B 4426B|   0     0 |  32    98 |02-12 20:14:38
