[7l----total-cpu-usage---- -dsk/total- -net/total- ---paging-- ---system-- ----system----
usr sys idl wai hiq siq| read  writ| recv  send|  in   out | int   csw |     time     
  2   2  94   1   0   2|  15k   57k|   0     0 |   0     0 | 493  1918 |02-12 19:08:19
  0   0 100   0   0   0|   0     0 |1074B  822B|   0     0 |  44   103 |02-12 19:08:20
  0   0 100   0   0   0|   0     0 | 774B  510B|   0     0 |  55   118 |02-12 19:08:21
  1   1  99   0   0   0|   0     0 |6430B 3634B|   0     0 |  50   144 |02-12 19:08:22
  1   0 100   0   0   0|   0  8192B| 738B 1322B|   0     0 |  43   102 |02-12 19:08:23
  0   0 100   0   0   0|   0     0 | 942B  976B|   0     0 |  48   121 |02-12 19:08:24
  1   1  99   0   0   0|   0     0 |8079B 5851B|   0     0 |  58   179 |02-12 19:08:25
  7   4  89   0   0   1|   0     0 | 172k   23k|   0     0 | 211   719 |02-12 19:08:26
  2   4  89   0   0   6|   0     0 |7508k  258k|   0     0 |1237  5043 |02-12 19:08:27
  3   5  89   0   0   3|   0  8192B|7699k  265k|   0     0 |1294  5177 |02-12 19:08:28
  5   7  83   0   0   5|   0     0 |  10M  363k|   0     0 |1739  6607 |02-12 19:08:29
  3   6  89   0   0   2|   0     0 |9732k  333k|   0     0 |1432  6069 |02-12 19:08:30
  4   5  87   0   0   5|   0     0 |  10M  344k|   0     0 |1573  6060 |02-12 19:08:31
  2   6  86   0   0   6|   0     0 |  11M  377k|   0     0 |1671  6667 |02-12 19:08:32
  4   6  87   2   0   3|   0    92k|8990k  307k|   0     0 |1453  5596 |02-12 19:08:33
  4   7  85   0   0   4|   0  4096B|  11M  394k|   0     0 |1757  6758 |02-12 19:08:34
  3   5  90   0   0   3|   0     0 |9362k  325k|   0     0 |1363  5722 |02-12 19:08:35
  4   7  84   0   0   5|   0     0 |  11M  400k|   0     0 |1752  7075 |02-12 19:08:36
  4   7  85   0   0   4|   0     0 |  11M  374k|   0     0 |1703  6687 |02-12 19:08:37
  4   6  85   0   0   6|   0     0 |  11M  400k|   0     0 |1733  7313 |02-12 19:08:38
  4   4  88   0   0   4|   0     0 |  12M  402k|   0     0 |1781  7210 |02-12 19:08:39
  4   6  83   0   0   7|   0     0 |  11M  392k|   0     0 |1919  7153 |02-12 19:08:40
  5   6  85   0   0   4|   0     0 |  12M  417k|   0     0 |1749  7285 |02-12 19:08:41
  5   6  83   0   0   7|   0     0 |  12M  426k|   0     0 |1803  7501 |02-12 19:08:42
  3   5  86   0   0   5|   0     0 |  12M  421k|   0     0 |1824  7579 |02-12 19:08:43
  4   5  88   0   0   3|   0     0 |  12M  405k|   0     0 |1727  6965 |02-12 19:08:44
  4   5  86   0   0   5|   0     0 |  11M  397k|   0     0 |1625  6790 |02-12 19:08:45
  6   6  82   0   0   6|   0     0 |  13M  444k|   0     0 |1865  7481 |02-12 19:08:46
  3   5  88   0   0   4|   0     0 |  12M  424k|   0     0 |1677  6804 |02-12 19:08:47
  2   4  89   0   0   5|   0     0 |  12M  410k|   0     0 |1764  7335 |02-12 19:08:48
  2   9  82   0   0   7|   0     0 |  12M  428k|   0     0 |1788  7203 |02-12 19:08:49
  4   6  85   0   0   6|   0     0 |  11M  390k|   0     0 |1691  6860 |02-12 19:08:50
  5   6  84   0   0   5|   0     0 |  12M  434k|   0     0 |1967  7462 |02-12 19:08:51
  5   7  84   0   0   4|   0     0 |  11M  373k|   0     0 |1616  6496 |02-12 19:08:52
  3   6  87   0   0   5|   0     0 |  10M  361k|   0     0 |1684  6717 |02-12 19:08:53
  4   7  84   0   0   6|   0  4096B|  11M  389k|   0     0 |1722  6977 |02-12 19:08:54
  4   6  85   0   0   6|   0     0 |  11M  402k|   0     0 |1839  7089 |02-12 19:08:55
  3   3  88   0   0   6|   0     0 |  11M  381k|   0     0 |1775  6584 |02-12 19:08:56
  4   8  84   0   0   4|   0     0 |  13M  441k|   0     0 |1905  7353 |02-12 19:08:57
  4   8  83   0   0   6|   0     0 |  12M  419k|   0     0 |1685  6713 |02-12 19:08:58
  5   6  83   0   0   6|   0    12k|  12M  421k|   0     0 |1930  7540 |02-12 19:08:59
  4   6  85   0   0   5|   0     0 |  12M  427k|   0     0 |1782  7329 |02-12 19:09:00
  5   8  82   0   0   5|   0     0 |  12M  433k|   0     0 |1730  7071 |02-12 19:09:01
  5   7  84   0   0   5|   0     0 |  12M  428k|   0     0 |1668  6944 |02-12 19:09:02
  4   6  85   0   0   6|   0     0 |  12M  417k|   0     0 |1895  7195 |02-12 19:09:03
  3   5  86   2   0   4|   0   100k|  12M  428k|   0     0 |1751  7461 |02-12 19:09:04
  2   5  89   0   0   4|   0     0 |  11M  395k|   0     0 |1720  7042 |02-12 19:09:05
  4   8  83   0   0   6|   0     0 |  13M  439k|   0     0 |1971  7645 |02-12 19:09:06
  3   5  86   0   0   6|   0     0 |  11M  393k|   0     0 |1774  6856 |02-12 19:09:07
  5   6  83   0   0   7|   0     0 |  12M  415k|   0     0 |1870  7249 |02-12 19:09:08
  5   6  83   0   0   6|   0     0 |  12M  425k|   0     0 |1665  6682 |02-12 19:09:09
  4   7  83   0   0   6|   0     0 |  11M  397k|   0     0 |1617  6720 |02-12 19:09:10
  3   6  85   0   0   7|   0     0 |  11M  394k|   0     0 |1611  6595 |02-12 19:09:11
  3   6  88   0   0   3|   0     0 |  12M  416k|   0     0 |1730  7161 |02-12 19:09:12
  4   7  85   0   0   4|   0     0 |  12M  425k|   0     0 |1840  7443 |02-12 19:09:13
  3   6  86   0   0   5|   0     0 |  12M  438k|   0     0 |1793  7601 |02-12 19:09:14
  3   7  85   0   0   5|   0     0 |  12M  411k|   0     0 |1644  6513 |02-12 19:09:15
  4   6  86   0   0   3|   0     0 |  12M  417k|   0     0 |1797  6929 |02-12 19:09:16
  3   5  86   0   0   6|   0     0 |  12M  427k|   0     0 |1595  7043 |02-12 19:09:17
  4   6  86   0   0   4|   0     0 |  12M  408k|   0     0 |1744  7292 |02-12 19:09:18
  4   6  86   0   0   4|   0     0 |  12M  430k|   0     0 |1859  7130 |02-12 19:09:19
  6   6  85   0   0   3|   0     0 |  12M  410k|   0     0 |1557  6588 |02-12 19:09:20
  3   7  84   0   0   7|   0     0 |  12M  430k|   0     0 |1723  7016 |02-12 19:09:21
  4   6  85   0   0   6|   0     0 |  11M  390k|   0     0 |1603  6555 |02-12 19:09:22
  4   6  86   0   0   4|   0     0 |  12M  417k|   0     0 |1782  6877 |02-12 19:09:23
  4   6  84   0   0   6|   0     0 |  12M  431k|   0     0 |1662  7264 |02-12 19:09:24
  5   7  82   0   0   6|   0  8192B|  12M  410k|   0     0 |1529  6309 |02-12 19:09:25
  4   5  87   0   0   4|   0     0 |9508k  328k|   0     0 |1237  5251 |02-12 19:09:26
  0   1  99   0   0   0|   0     0 |4584B 4598B|   0     0 |  53   203 |02-12 19:09:27
  0   0 100   0   0   0|   0     0 |   0     0 |   0     0 |  24    52 |02-12 19:09:28
  2   1  98   0   0   0|   0     0 |8524B 9060B|   0     0 |  57   147 |02-12 19:09:29
  0   0 100   0   0   0|   0  8192B|   0     0 |   0     0 |  18    29 |02-12 19:09:30
  0   1 100   0   0   0|   0     0 |   0     0 |   0     0 |  33    75 |02-12 19:09:31
  1   0  99   0   0   0|   0     0 |5422B 2784B|   0     0 |  32    74 |02-12 19:09:32
  0   0 100   0   0   0|   0     0 |   0     0 |   0     0 |  20    29 |02-12 19:09:33
  0   0 100   0   0   0|   0     0 |   0     0 |   0     0 |  18    24 |02-12 19:09:34
  1   1  92   7   0   0|   0    44k|9646B 7008B|   0     0 |  27    73 |02-12 19:09:35
  0   1 100   0   0   0|   0     0 |   0     0 |   0     0 |  34    63 |02-12 19:09:36
  0   1  99   0   0   0|   0     0 |1961B 1851B|   0     0 |  38    77 |02-12 19:09:37
  8   3  89   0   0   0|   0     0 |7082B 4634B|   0     0 | 184   547 |02-12 19:09:38
  1   1  99   0   0   0|   0     0 |1390B  688B|   0     0 |  54   210 |02-12 19:09:39
  0   0 100   0   0   0|   0     0 |   0     0 |   0     0 |  18    28 |02-12 19:09:40
  1   0  99   0   0   0|   0     0 |5422B 2784B|   0     0 |  39    98 |02-12 19:09:41
  0   0 100   0   0   0|   0     0 |   0     0 |   0     0 |  20    36 |02-12 19:09:42
  0   0 100   0   0   0|   0     0 |   0     0 |   0     0 |  18    26 |02-12 19:09:43
  1   0  99   0   0   0|   0     0 |5422B 2784B|   0     0 |  24    62 |02-12 19:09:44
  0   0 100   0   0   0|   0     0 |   0     0 |   0     0 |  29   127 |02-12 19:09:45
  0   0  99   0   0   0|   0     0 |   0     0 |   0     0 |  39    96 |02-12 19:09:46
  1   0  99   0   0   0|   0     0 |5422B 2784B|   0     0 |  25    68 |02-12 19:09:47
  0   0 100   0   0   0|   0     0 |   0     0 |   0     0 |  24    62 |02-12 19:09:48
  0   0 100   0   0   0|   0     0 |   0     0 |   0     0 |  23    46 |02-12 19:09:49
  0   0 100   0   0   0|   0     0 |5422B 2784B|   0     0 |  26    82 |02-12 19:09:50
  1   0  99   0   0   0|   0     0 |   0     0 |   0     0 |  36    71 |02-12 19:09:51
  0   0 100   0   0   0|   0     0 |  74B   74B|   0     0 |  19    24 |02-12 19:09:52
  8   2  91   0   0   0|   0     0 |8969B 5471B|   0     0 | 151   414 |02-12 19:09:53
  1   3  95   0   0   1|   0     0 |1981k   88k|   0     0 | 439  1712 |02-12 19:09:54
  1   4  92   0   0   4|   0     0 |7226k  248k|   0     0 |1237  5037 |02-12 19:09:55
  3   6  87   0   0   4|   0     0 |8864k  305k|   0     0 |1464  5913 |02-12 19:09:56
  5   6  85   0   0   4|   0     0 |  12M  413k|   0     0 |1707  6889 |02-12 19:09:57
  4   6  84   0   0   6|   0     0 |  11M  383k|   0     0 |1701  6848 |02-12 19:09:58
  4   5  87   0   0   5|   0     0 |9613k  331k|   0     0 |1525  6127 |02-12 19:09:59
  5   6  86   0   0   3|   0     0 |  10M  342k|   0     0 |1552  6334 |02-12 19:10:00
  2   4  89   0   0   5|   0    12k|9432k  322k|   0     0 |1417  6253 |02-12 19:10:01
  4   6  85   0   0   4|   0     0 |  11M  384k|   0     0 |1643  6737 |02-12 19:10:02
  4   6  85   0   0   6|   0     0 |  10M  366k|   0     0 |1712  6912 |02-12 19:10:03
  5   5  85   0   0   5|   0     0 |  12M  421k|   0     0 |1746  7108 |02-12 19:10:04
  4   7  85   0   0   5|   0     0 |  11M  403k|   0     0 |1795  7180 |02-12 19:10:05
  6   8  81   1   0   5|   0    84k|  12M  429k|   0     0 |1842  7333 |02-12 19:10:06
  3   6  84   0   0   8|   0     0 |  11M  387k|   0     0 |1761  6943 |02-12 19:10:07
  3   7  83   0   0   7|   0     0 |  12M  432k|   0     0 |1677  7101 |02-12 19:10:08
  3   7  84   0   0   6|   0     0 |  12M  409k|   0     0 |1732  6913 |02-12 19:10:09
  5   9  83   0   0   4|   0     0 |  12M  428k|   0     0 |1833  7260 |02-12 19:10:10
  3   9  82   0   0   6|   0  4096B|  12M  436k|   0     0 |1770  7206 |02-12 19:10:11
  4   4  86   0   0   5|   0     0 |  12M  410k|   0     0 |1779  6933 |02-12 19:10:12
  4   7  84   0   0   5|   0     0 |  12M  413k|   0     0 |1695  6871 |02-12 19:10:13
  5   8  83   0   0   4|   0     0 |  11M  401k|   0     0 |1724  7093 |02-12 19:10:14
  4   5  86   0   0   5|   0     0 |  12M  423k|   0     0 |1789  7325 |02-12 19:10:15
  5   8  82   0   0   5|   0     0 |  12M  425k|   0     0 |1797  7286 |02-12 19:10:16
  4   8  82   0   0   6|   0     0 |  12M  428k|   0     0 |1674  6947 |02-12 19:10:17
  4   6  87   0   0   4|   0     0 |  11M  398k|   0     0 |1630  6979 |02-12 19:10:18
  3   6  87   0   0   4|   0     0 |  12M  431k|   0     0 |1552  6530 |02-12 19:10:19
  3   5  87   0   0   4|   0     0 |  12M  411k|   0     0 |1565  6533 |02-12 19:10:20
  3   6  86   0   0   5|   0     0 |  12M  429k|   0     0 |1698  7094 |02-12 19:10:21
  4   6  83   0   0   7|   0     0 |  11M  396k|   0     0 |1734  7064 |02-12 19:10:22
  4   7  83   0   0   6|   0     0 |  12M  439k|   0     0 |1785  7258 |02-12 19:10:23
  5   8  83   0   0   4|   0     0 |  12M  414k|   0     0 |1714  6965 |02-12 19:10:24
  4   7  85   0   0   5|   0     0 |  12M  422k|   0     0 |1784  7235 |02-12 19:10:25
  4   7  85   0   0   5|   0  8192B|  12M  423k|   0     0 |1754  6925 |02-12 19:10:26
  5   6  83   0   0   7|   0     0 |  11M  392k|   0     0 |1682  6808 |02-12 19:10:27
  4   7  86   0   0   3|   0     0 |  12M  416k|   0     0 |1743  7204 |02-12 19:10:28
  4   9  81   0   0   6|   0     0 |  11M  406k|   0     0 |1758  6953 |02-12 19:10:29
  5   8  82   0   0   5|   0     0 |  12M  432k|   0     0 |1736  7082 |02-12 19:10:30
  5   6  84   0   0   6|   0     0 |  12M  411k|   0     0 |1645  6801 |02-12 19:10:31
  3   6  86   0   0   5|   0     0 |  12M  426k|   0     0 |1727  7204 |02-12 19:10:32
  4   7  85   0   0   5|   0     0 |  12M  408k|   0     0 |1721  6856 |02-12 19:10:33
  3   6  88   0   0   3|   0     0 |  11M  397k|   0     0 |1748  6819 |02-12 19:10:34
  4   8  85   0   0   4|   0     0 |  11M  386k|   0     0 |1711  6816 |02-12 19:10:35
  4   6  84   1   0   6|   0    44k|  11M  405k|   0     0 |1631  6726 |02-12 19:10:36
  3   6  86   0   0   6|   0     0 |  10M  367k|   0     0 |1537  6391 |02-12 19:10:37
  4   7  84   0   0   6|   0     0 |  11M  405k|   0     0 |1755  6941 |02-12 19:10:38
  4   6  87   0   0   3|   0     0 |  11M  384k|   0     0 |1615  6671 |02-12 19:10:39
  3   7  84   0   0   6|   0     0 |  10M  369k|   0     0 |1479  6435 |02-12 19:10:40
  4   8  86   0   0   2|   0     0 |  12M  412k|   0     0 |1727  6951 |02-12 19:10:41
  4   6  86   0   0   4|   0     0 |  12M  405k|   0     0 |1568  6701 |02-12 19:10:42
  2   6  87   0   0   5|   0     0 |  11M  382k|   0     0 |1716  6911 |02-12 19:10:43
  2   6  87   0   0   5|   0     0 |  11M  380k|   0     0 |1713  6946 |02-12 19:10:44
  4   6  86   0   0   5|   0     0 |  12M  418k|   0     0 |1684  7142 |02-12 19:10:45
  3   7  87   0   0   4|   0     0 |  11M  396k|   0     0 |1827  7259 |02-12 19:10:46
  3   7  84   0   0   6|   0     0 |  13M  442k|   0     0 |1906  7354 |02-12 19:10:47
  6   6  82   0   0   6|   0     0 |  12M  411k|   0     0 |1809  7243 |02-12 19:10:48
  4   8  83   0   0   5|   0     0 |  12M  423k|   0     0 |1734  6972 |02-12 19:10:49
  4   6  85   0   0   6|   0     0 |  12M  405k|   0     0 |1640  6657 |02-12 19:10:50
  4   8  84   0   0   4|   0     0 |  12M  423k|   0     0 |1764  7292 |02-12 19:10:51
  2   6  86   0   0   6|   0     0 |  11M  381k|   0     0 |1781  6954 |02-12 19:10:52
  3   4  87   0   0   6|   0     0 |  12M  423k|   0     0 |1842  7585 |02-12 19:10:53
  4   4  90   0   0   3|   0     0 |9846k  338k|   0     0 |1260  5632 |02-12 19:10:54
  1   2  96   0   0   2|   0     0 |3554k  123k|   0     0 | 647  1949 |02-12 19:10:55
  1   1  99   0   0   0|   0     0 |4584B 4598B|   0     0 |  55   243 |02-12 19:10:56
  0   0  99   0   0   0|   0  8192B|5422B 2784B|   0     0 |  24    72 |02-12 19:10:57
  0   0 100   0   0   0|   0     0 |   0     0 |   0     0 |  25    53 |02-12 19:10:58
  0   0 100   0   0   0|   0     0 |   0     0 |   0     0 |  18    33 |02-12 19:10:59
  0   0 100   0   0   0|   0     0 |5422B 2784B|   0     0 |  26    55 |02-12 19:11:00
  1   0  99   0   0   0|   0     0 |   0     0 |   0     0 |  35    75 |02-12 19:11:01
  0   0 100   0   0   0|   0     0 |4224B 4224B|   0     0 |  25    67 |02-12 19:11:02
  1   0 100   0   0   0|   0     0 |5422B 2784B|   0     0 |  22    62 |02-12 19:11:03
  1   1  99   0   0   0|   0     0 |2043B 1917B|   0     0 |  33    82 |02-12 19:11:04
  8   3  90   0   0   0|   0     0 |2608B 2472B|   0     0 | 180   519 |02-12 19:11:05
  1   1  99   0   0   0|   0     0 |5782B 2916B|   0     0 |  63   254 |02-12 19:11:06
  0   0  99   1   0   0|   0    76k|   0     0 |   0     0 |  24    76 |02-12 19:11:07
  0   0 100   0   0   0|   0     0 |   0     0 |   0     0 |  22    43 |02-12 19:11:08
  1   0  99   0   0   0|   0     0 |5422B 2784B|   0     0 |  25    73 |02-12 19:11:09
  0   0 100   0   0   0|   0     0 |   0     0 |   0     0 |  23    39 |02-12 19:11:10
  0   0 100   0   0   0|   0     0 |   0     0 |   0     0 |  23    50 |02-12 19:11:11
  0   1  99   0   0   0|   0     0 |5422B 2784B|   0     0 |  35   114 |02-12 19:11:12
  0   0 100   0   0   0|   0     0 |   0     0 |   0     0 |  21    32 |02-12 19:11:13
  0   0 100   0   0   0|   0     0 |   0     0 |   0     0 |  22    49 |02-12 19:11:14
  1   0 100   0   0   0|   0     0 |5422B 2784B|   0     0 |  27    69 |02-12 19:11:15
  0   0 100   0   0   0|   0     0 |   0     0 |   0     0 |  23    34 |02-12 19:11:16
  0   0 100   0   0   0|   0     0 |   0     0 |   0     0 |  33    85 |02-12 19:11:17
  0   0  99   0   0   0|   0     0 |5422B 2784B|   0     0 |  28    88 |02-12 19:11:18
  0   0 100   0   0   0|   0     0 |1715B 1355B|   0     0 |  32    77 |02-12 19:11:19
  9   2  89   0   0   0|   0     0 |1906B 2412B|   0     0 | 184   523 |02-12 19:11:20
  2   2  93   0   0   4|   0     0 |3426k  137k|   0     0 | 561  2470 |02-12 19:11:21
  3   4  90   0   0   4|   0     0 |7383k  254k|   0     0 |1201  4938 |02-12 19:11:22
  4   4  89   0   0   3|   0     0 |7191k  245k|   0     0 |1173  4754 |02-12 19:11:23
  3   6  87   0   0   4|   0     0 |  10M  361k|   0     0 |1597  6529 |02-12 19:11:24
  3   7  87   0   0   3|   0     0 |  10M  361k|   0     0 |1624  6642 |02-12 19:11:25
  3   6  86   0   0   5|   0     0 |  11M  370k|   0     0 |1664  6719 |02-12 19:11:26
  4   6  86   0   0   5|   0     0 |  10M  347k|   0     0 |1420  6035 |02-12 19:11:27
  2   5  87   0   0   6|   0  8192B|  11M  370k|   0     0 |1583  6520 |02-12 19:11:28
  4   6  87   0   0   3|   0     0 |  11M  398k|   0     0 |1630  6768 |02-12 19:11:29
  4   5  86   0   0   5|   0     0 |  12M  409k|   0     0 |1803  7250 |02-12 19:11:30
  6   6  84   0   0   4|   0     0 |  11M  385k|   0     0 |1639  6797 |02-12 19:11:31
  6   7  81   0   0   6|   0     0 |  12M  437k|   0     0 |1778  7422 |02-12 19:11:32
  3   5  87   0   0   5|   0     0 |  11M  388k|   0     0 |1660  6746 |02-12 19:11:33
  5   6  84   0   0   6|   0     0 |  11M  395k|   0     0 |1683  7072 |02-12 19:11:34
  3   5  88   0   0   5|   0     0 |  11M  368k|   0     0 |1679  7021 |02-12 19:11:35
  5   6  82   0   0   6|   0     0 |  10M  342k|   0     0 |1466  6140 |02-12 19:11:36
  3   8  83   0   0   7|   0     0 |  11M  396k|   0     0 |1567  6524 |02-12 19:11:37
  3   7  85   1   0   4|   0    76k|  13M  440k|   0     0 |1871  7610 |02-12 19:11:38
  4   6  85   0   0   6|   0     0 |  12M  423k|   0     0 |1885  7606 |02-12 19:11:39
  5   8  84   0   0   4|   0     0 |  11M  396k|   0     0 |1671  6806 |02-12 19:11:40
  4   8  84   0   0   5|   0     0 |  12M  417k|   0     0 |1836  7406 |02-12 19:11:41
  5   5  85   0   0   5|   0     0 |  11M  394k|   0     0 |1557  6308 |02-12 19:11:42
  3   6  86   0   0   6|   0     0 |  12M  411k|   0     0 |1772  7184 |02-12 19:11:43
  4   8  84   0   0   5|   0     0 |  11M  400k|   0     0 |1758  7114 |02-12 19:11:44
  4   8  83   0   0   5|   0     0 |  12M  412k|   0     0 |1806  7490 |02-12 19:11:45
  5   6  84   0   0   6|   0     0 |  11M  392k|   0     0 |1482  6152 |02-12 19:11:46
  5   7  84   0   0   4|   0     0 |  11M  403k|   0     0 |1579  6398 |02-12 19:11:47
  4   8  84   0   0   4|   0     0 |  12M  405k|   0     0 |1655  6972 |02-12 19:11:48
  6   8  80   0   0   5|   0     0 |  12M  417k|   0     0 |1684  6727 |02-12 19:11:49
  3   8  84   0   0   5|   0     0 |  11M  394k|   0     0 |1627  6767 |02-12 19:11:50
  3   7  85   0   0   5|   0     0 |  12M  413k|   0     0 |1757  7319 |02-12 19:11:51
  5   7  82   0   0   6|   0     0 |  11M  375k|   0     0 |1549  6544 |02-12 19:11:52
  4   5  86   0   0   5|   0  8192B|  11M  397k|   0     0 |1656  6920 |02-12 19:11:53
  5   7  82   0   0   6|   0     0 |  12M  413k|   0     0 |1772  7164 |02-12 19:11:54
  3   6  85   0   0   5|   0     0 |  12M  409k|   0     0 |1754  7255 |02-12 19:11:55
  4   6  84   0   0   6|   0     0 |  11M  403k|   0     0 |1797  7459 |02-12 19:11:56
  3   7  85   0   0   6|   0     0 |  12M  421k|   0     0 |1622  6586 |02-12 19:11:57
  4   8  84   0   0   5|   0     0 |  11M  395k|   0     0 |1525  6318 |02-12 19:11:58
  3   8  86   0   0   3|   0     0 |  12M  407k|   0     0 |1627  6728 |02-12 19:11:59
  5   7  83   0   0   5|   0     0 |  12M  435k|   0     0 |1847  7154 |02-12 19:12:00
  3   8  83   0   0   6|   0     0 |  12M  438k|   0     0 |1935  7683 |02-12 19:12:01
  4   8  82   0   0   5|   0     0 |  12M  404k|   0     0 |1674  6771 |02-12 19:12:02
  4   8  83   0   0   5|   0     0 |  12M  418k|   0     0 |1689  7034 |02-12 19:12:03
  4   7  84   0   0   5|   0     0 |  12M  411k|   0     0 |1677  6946 |02-12 19:12:04
  2   7  86   0   0   6|   0     0 |  11M  390k|   0     0 |1532  6277 |02-12 19:12:05
  4   6  87   0   0   4|   0     0 |  12M  414k|   0     0 |1767  7228 |02-12 19:12:06
  6   8  83   0   0   3|   0     0 |  11M  380k|   0     0 |1491  6156 |02-12 19:12:07
  3   6  86   1   0   4|   0    24k|  12M  406k|   0     0 |1708  6824 |02-12 19:12:08
  4   8  85   0   0   4|   0    60k|  12M  420k|   0     0 |1871  7432 |02-12 19:12:09
  3   5  86   0   0   6|   0     0 |  12M  407k|   0     0 |1694  6864 |02-12 19:12:10
  4   7  84   0   0   6|   0     0 |  12M  431k|   0     0 |1912  7656 |02-12 19:12:11
  4   7  84   0   0   6|   0     0 |  11M  397k|   0     0 |1577  6544 |02-12 19:12:12
  5   7  85   0   0   4|   0     0 |  11M  406k|   0     0 |1621  6653 |02-12 19:12:13
  4   6  86   0   0   5|   0     0 |  11M  397k|   0     0 |1773  7065 |02-12 19:12:14
  4   5  87   0   0   5|   0     0 |  12M  410k|   0     0 |1615  6766 |02-12 19:12:15
  2   5  89   0   0   4|   0     0 |  12M  414k|   0     0 |1544  6308 |02-12 19:12:16
  3   7  85   0   0   5|   0     0 |  12M  414k|   0     0 |1588  6288 |02-12 19:12:17
  3   7  86   0   0   4|   0     0 |  12M  407k|   0     0 |1603  6563 |02-12 19:12:18
  4   5  88   0   0   4|   0     0 |  11M  391k|   0     0 |1516  6211 |02-12 19:12:19
  3   7  88   0   0   3|   0     0 |  11M  397k|   0     0 |1699  6704 |02-12 19:12:20
  2   7  89   0   0   2|   0     0 |9325k  317k|   0     0 |1273  4938 |02-12 19:12:21
  1   1  97   0   0   1|   0     0 |1202k   43k|   0     0 | 207   857 |02-12 19:12:22
  1   1  99   0   0   0|   0     0 |4584B 4598B|   0     0 |  50   207 |02-12 19:12:23
  0   0 100   0   0   0|   0  8192B|   0     0 |   0     0 |  21    33 |02-12 19:12:24
  1   0  99   0   0   0|   0     0 |5422B 2784B|   0     0 |  28    75 |02-12 19:12:25
  0   0 100   0   0   0|   0     0 |   0     0 |   0     0 |  24    49 |02-12 19:12:26
  0   0 100   0   0   0|   0     0 |   0     0 |   0     0 |  35    80 |02-12 19:12:27
  1   0  99   0   0   0|   0     0 |5422B 2784B|   0     0 |  31    99 |02-12 19:12:28
  1   1  99   0   0   0|   0     0 |2680B 5564B|   0     0 |  48   119 |02-12 19:12:29
  0   0 100   0   0   0|   0     0 |4224B 4224B|   0     0 |  22    35 |02-12 19:12:30
  1   0  99   0   0   0|   0     0 |7559B 4785B|   0     0 |  38    99 |02-12 19:12:31
  6   2  93   0   0   0|   0     0 |1596B 1406B|   0     0 | 136   393 |02-12 19:12:32
  3   2  95   0   0   0|   0     0 |1568B 1826B|   0     0 | 109   355 |02-12 19:12:33
  1   0  99   0   0   0|   0     0 |5422B 2784B|   0     0 |  24    73 |02-12 19:12:34
  0   0 100   0   0   0|   0     0 |   0     0 |   0     0 |  21    33 |02-12 19:12:35
  0   0 100   0   0   0|   0     0 |   0     0 |   0     0 |  23    46 |02-12 19:12:36
  1   1  99   0   0   0|   0     0 |5590B 2976B|   0     0 |  38   119 |02-12 19:12:37
  0   0 100   0   0   0|   0     0 |   0     0 |   0     0 |  23    50 |02-12 19:12:38
  0   0  97   3   0   0|   0    44k|   0     0 |   0     0 |  26    69 |02-12 19:12:39
  1   0 100   0   0   0|   0     0 |5422B 2784B|   0     0 |  25    63 |02-12 19:12:40
  0   0 100   0   0   0|   0     0 |   0     0 |   0     0 |  22    36 |02-12 19:12:41
  0   0 100   0   0   0|   0     0 |   0     0 |   0     0 |  34    76 |02-12 19:12:42
  1   0 100   0   0   0|   0     0 |5168B 2718B|   0     0 |  30    65 |02-12 19:12:43
  0   0 100   0   0   0|   0  8192B| 254B   66B|   0     0 |  24    42 |02-12 19:12:44
  0   0 100   0   0   0|   0     0 |   0     0 |   0     0 |  24    43 |02-12 19:12:45
  0   0 100   0   0   0|   0     0 |  74B   74B|   0     0 |  22    43 |02-12 19:12:46
  1   2  98   0   0   0|   0     0 |7369B 4803B|   0     0 |  53   130 |02-12 19:12:47
  7   4  90   0   0   0|   0     0 |6456B   14k|   0     0 | 204   565 |02-12 19:12:48
  3   4  93   0   0   2|   0     0 |4669k  170k|   0     0 | 860  3068 |02-12 19:12:49
  7   6  84   0   0   4|   0     0 |  12M  440k|   0     0 |1719  7056 |02-12 19:12:50
  3   5  88   0   0   3|   0     0 |  12M  432k|   0     0 |1702  6833 |02-12 19:12:51
  4   7  84   0   0   5|   0     0 |  12M  426k|   0     0 |1647  6679 |02-12 19:12:52
  4   8  84   0   0   4|   0     0 |  12M  422k|   0     0 |1529  6176 |02-12 19:12:53
  5   6  84   0   0   6|   0     0 |  12M  427k|   0     0 |1649  6885 |02-12 19:12:54
  4   5  85   0   0   6|   0  4096B|  12M  432k|   0     0 |1800  7061 |02-12 19:12:55
  4   5  87   0   0   4|   0     0 |  12M  420k|   0     0 |1759  7087 |02-12 19:12:56
  6   8  83   0   0   3|   0     0 |  12M  429k|   0     0 |1656  6884 |02-12 19:12:57
  2   8  85   0   0   4|   0     0 |  12M  425k|   0     0 |1745  6750 |02-12 19:12:58
  5   8  82   0   0   5|   0     0 |  12M  428k|   0     0 |1613  6592 |02-12 19:12:59
  3   6  86   0   0   5|   0     0 |  12M  434k|   0     0 |1760  6808 |02-12 19:13:00
  3   5  85   0   0   8|   0     0 |  12M  428k|   0     0 |1719  6718 |02-12 19:13:01
  4   8  84   0   0   4|   0     0 |  12M  430k|   0     0 |1618  6862 |02-12 19:13:02
  4   8  84   0   0   4|   0     0 |  12M  431k|   0     0 |1587  6680 |02-12 19:13:03
  5   5  86   0   0   5|   0     0 |  12M  428k|   0     0 |1656  6485 |02-12 19:13:04
  5   5  85   0   0   6|   0  4096B|  12M  431k|   0     0 |1679  6783 |02-12 19:13:05
  4   5  87   0   0   4|   0     0 |  12M  430k|   0     0 |1550  6513 |02-12 19:13:06
  5   6  85   0   0   5|   0     0 |  12M  430k|   0     0 |1635  6283 |02-12 19:13:07
  5   7  83   0   0   6|   0     0 |  12M  427k|   0     0 |1418  5849 |02-12 19:13:08
  3   6  86   0   0   5|   0     0 |  12M  425k|   0     0 |1470  5819 |02-12 19:13:09
  4   7  86   1   0   3|   0    92k|  12M  431k|   0     0 |1449  5755 |02-12 19:13:10
  4   9  84   0   0   3|   0     0 |  12M  429k|   0     0 |1308  5789 |02-12 19:13:11
  3   8  82   0   0   6|   0     0 |  12M  430k|   0     0 |1430  5858 |02-12 19:13:12
  3   4  87   0   0   6|   0     0 |  12M  428k|   0     0 |1350  5918 |02-12 19:13:13
  4   7  83   0   0   6|   0     0 |  12M  435k|   0     0 |1643  6382 |02-12 19:13:14
  3   6  85   0   0   6|   0  8192B|  12M  431k|   0     0 |1667  6472 |02-12 19:13:15
  3   8  83   0   0   6|   0     0 |  12M  429k|   0     0 |1450  6036 |02-12 19:13:16
  5   7  83   0   0   6|   0     0 |  12M  432k|   0     0 |1445  6048 |02-12 19:13:17
  4   6  85   0   0   5|   0     0 |  12M  426k|   0     0 |1557  6284 |02-12 19:13:18
  4   9  84   0   0   4|   0     0 |  12M  434k|   0     0 |1490  6189 |02-12 19:13:19
  4   7  85   0   0   5|   0  8192B|  12M  436k|   0     0 |1577  6688 |02-12 19:13:20
  4   5  86   0   0   4|   0     0 |  12M  427k|   0     0 |1612  6117 |02-12 19:13:21
  7   7  80   0   0   5|   0     0 |  12M  432k|   0     0 |1481  6399 |02-12 19:13:22
  4   6  82   0   0   9|   0     0 |  12M  430k|   0     0 |1503  6156 |02-12 19:13:23
  4   7  84   0   0   5|   0     0 |  12M  431k|   0     0 |1596  6226 |02-12 19:13:24
  3   9  83   0   0   5|   0     0 |  12M  428k|   0     0 |1442  6157 |02-12 19:13:25
  4   6  86   0   0   4|   0     0 |  12M  436k|   0     0 |1472  6148 |02-12 19:13:26
  4   7  81   0   0   7|   0     0 |  12M  435k|   0     0 |1520  6231 |02-12 19:13:27
  4   6  83   0   0   6|   0     0 |  12M  432k|   0     0 |1602  6197 |02-12 19:13:28
  5   7  83   0   0   6|   0     0 |  12M  438k|   0     0 |1595  6099 |02-12 19:13:29
  5   7  84   0   0   5|   0     0 |  12M  432k|   0     0 |1590  6028 |02-12 19:13:30
  4   5  86   0   0   6|   0     0 |  12M  428k|   0     0 |1560  6151 |02-12 19:13:31
  5   7  84   0   0   4|   0     0 |  12M  431k|   0     0 |1344  6042 |02-12 19:13:32
  3   7  85   0   0   5|   0     0 |  12M  423k|   0     0 |1332  5763 |02-12 19:13:33
  3   5  87   0   0   5|   0     0 |  12M  430k|   0     0 |1320  5942 |02-12 19:13:34
  5   7  83   0   0   5|   0     0 |  12M  430k|   0     0 |1487  6112 |02-12 19:13:35
  5   6  86   0   0   4|   0     0 |  12M  428k|   0     0 |1528  6281 |02-12 19:13:36
  5   6  83   0   0   6|   0     0 |  12M  425k|   0     0 |1510  6292 |02-12 19:13:37
  3   5  87   0   0   5|   0     0 |  12M  428k|   0     0 |1503  6226 |02-12 19:13:38
  3   7  86   0   0   5|   0     0 |  12M  434k|   0     0 |1636  6318 |02-12 19:13:39
  3   8  81   1   0   6|   0    40k|  12M  424k|   0     0 |1637  6157 |02-12 19:13:40
  4   7  85   1   0   5|   0  4096B|  12M  428k|   0     0 |1395  6021 |02-12 19:13:41
  4   8  83   0   0   5|   0     0 |  12M  428k|   0     0 |1414  5699 |02-12 19:13:42
  3   5  87   0   0   5|   0     0 |  12M  426k|   0     0 |1574  6009 |02-12 19:13:43
  4   7  86   0   0   3|   0     0 |  12M  431k|   0     0 |1549  5901 |02-12 19:13:44
  5   6  85   0   0   4|   0     0 |  12M  433k|   0     0 |1442  6047 |02-12 19:13:45
  3   7  85   0   0   5|   0  4096B|  12M  429k|   0     0 |1581  6262 |02-12 19:13:46
  5   5  84   0   0   6|   0     0 |  12M  433k|   0     0 |1585  6012 |02-12 19:13:47
  3   7  84   0   0   7|   0     0 |  14M  480k|   0     0 |1675  6273 |02-12 19:13:48
  7  14  73   0   0   6|   0     0 |  17M  597k|   0     0 | 878  3601 |02-12 19:13:49
  0   1  99   0   0   0|   0     0 |5168B 8042B|   0     0 |  31    88 |02-12 19:13:50
  1   0  99   0   0   0|   0  8192B|4838B  198B|   0     0 |  49   204 |02-12 19:13:51
  0   1 100   0   0   0|   0     0 |   0     0 |   0     0 |  35    76 |02-12 19:13:52
  0   0 100   0   0   0|   0     0 |   0     0 |   0     0 |  21    30 |02-12 19:13:53
  0   1  99   0   0   0|   0     0 |5422B 2784B|   0     0 |  28    68 |02-12 19:13:54
  0   0 100   0   0   0|   0     0 |   0     0 |   0     0 |  23    40 |02-12 19:13:55
  0   0 100   0   0   0|   0     0 |   0     0 |   0     0 |  23    36 |02-12 19:13:56
  1   1  99   0   0   0|   0     0 |9646B 7008B|   0     0 |  47   110 |02-12 19:13:57
  0   0 100   0   0   0|   0     0 |   0     0 |   0     0 |  25    49 |02-12 19:13:58
  1   1  99   0   0   0|   0     0 |2725B 2601B|   0     0 |  49   132 |02-12 19:13:59
  8   4  88   0   0   0|   0     0 |7708B 4704B|   0     0 | 203   650 |02-12 19:14:00
  0   0 100   0   0   0|   0     0 |   0     0 |   0     0 |  27    57 |02-12 19:14:01
  0   1 100   0   0   0|   0     0 |   0     0 |   0     0 |  34    83 |02-12 19:14:02
  0   0 100   0   0   0|   0     0 |5422B 2784B|   0     0 |  30    68 |02-12 19:14:03
  0   0 100   0   0   0|   0     0 |   0     0 |   0     0 |  23    44 |02-12 19:14:04
  0   0 100   0   0   0|   0     0 |   0     0 |   0     0 |  25    56 |02-12 19:14:05
  0   0 100   0   0   0|   0     0 |5422B 2784B|   0     0 |  25    77 |02-12 19:14:06
  1   0 100   0   0   0|   0     0 |   0     0 |   0     0 |  34    76 |02-12 19:14:07
  0   0 100   0   0   0|   0     0 |   0     0 |   0     0 |  23    42 |02-12 19:14:08
  1   0  99   0   0   0|   0     0 |5422B 2784B|   0     0 |  23    61 |02-12 19:14:09
  0   0 100   0   0   0|   0     0 |   0     0 |   0     0 |  23    49 |02-12 19:14:10
  0   0  99   1   0   0|   0    64k|   0     0 |   0     0 |  24    53 |02-12 19:14:11
  1   1  99   0   0   0|   0     0 |5422B 2784B|   0     0 |  39   105 |02-12 19:14:12
  0   0 100   0   0   0|   0     0 |   0     0 |   0     0 |  24    33 |02-12 19:14:13
  0   0 100   0   0   0|   0     0 |  74B   74B|   0     0 |  23    44 |02-12 19:14:14
  8   4  88   0   0   0|   0     0 |8969B 6477B|   0     0 | 206   569 |02-12 19:14:15
  2   4  91   0   0   4|   0     0 |6759k  248k|   0     0 |1206  3987 |02-12 19:14:16
  5   7  80   0   0   8|   0  8192B|  13M  466k|   0     0 |1836  7490 |02-12 19:14:17
  4   7  82   0   0   7|   0     0 |  12M  429k|   0     0 |1694  7380 |02-12 19:14:18
  3   7  85   0   0   6|   0     0 |  12M  425k|   0     0 |1739  6829 |02-12 19:14:19
  3   5  86   0   0   5|   0     0 |  12M  426k|   0     0 |1865  6851 |02-12 19:14:20
  4   6  85   0   0   5|   0     0 |  12M  428k|   0     0 |1493  6340 |02-12 19:14:21
  3  10  82   0   0   6|   0  4096B|  12M  430k|   0     0 |1914  6823 |02-12 19:14:22
  4   6  85   0   0   5|   0     0 |  12M  432k|   0     0 |1895  6841 |02-12 19:14:23
  5   7  82   0   0   7|   0     0 |  12M  431k|   0     0 |1838  6531 |02-12 19:14:24
  2   7  86   0   0   5|   0     0 |  12M  430k|   0     0 |1648  6349 |02-12 19:14:25
  4   7  88   0   0   2|   0     0 |  12M  423k|   0     0 |1560  6184 |02-12 19:14:26
  4   7  83   0   0   6|   0     0 |  12M  431k|   0     0 |1313  6425 |02-12 19:14:27
  4   8  84   0   0   5|   0     0 |  12M  427k|   0     0 |1764  6227 |02-12 19:14:28
  4   7  85   0   0   4|   0     0 |  12M  435k|   0     0 |1274  6417 |02-12 19:14:29
  4   6  84   0   0   7|   0     0 |  12M  432k|   0     0 |1876  6534 |02-12 19:14:30
  4   6  85   0   0   5|   0     0 |  12M  427k|   0     0 |1282  6306 |02-12 19:14:31
  4   7  83   0   0   7|   0  4096B|  12M  425k|   0     0 |1848  6177 |02-12 19:14:32
  4   7  84   0   0   6|   0     0 |  12M  434k|   0     0 |1347  6345 |02-12 19:14:33
  4   6  86   0   0   5|   0     0 |  12M  432k|   0     0 |1732  6252 |02-12 19:14:34
  3   5  88   0   0   5|   0     0 |  12M  428k|   0     0 |1635  6291 |02-12 19:14:35
  4   6  85   0   0   5|   0     0 |  12M  432k|   0     0 |1524  6018 |02-12 19:14:36
  5   6  84   0   0   5|   0     0 |  12M  433k|   0     0 |1320  6579 |02-12 19:14:37
  5   6  87   0   0   3|   0     0 |  12M  430k|   0     0 |1491  6044 |02-12 19:14:38
  5   9  82   0   0   4|   0     0 |  12M  430k|   0     0 |1843  6073 |02-12 19:14:39
  4   8  84   0   0   5|   0     0 |  12M  427k|   0     0 |1347  6144 |02-12 19:14:40
  4   7  84   0   0   5|   0     0 |  12M  434k|   0     0 |1342  6552 |02-12 19:14:41
  4   7  84   1   0   4|   0    60k|  12M  433k|   0     0 |1649  6294 |02-12 19:14:42
  4   8  84   0   0   5|   0     0 |  12M  431k|   0     0 |1435  6528 |02-12 19:14:43
  3   8  85   0   0   4|   0     0 |  12M  426k|   0     0 |1669  6403 |02-12 19:14:44
  6   6  83   0   0   6|   0     0 |  12M  432k|   0     0 |1633  6109 |02-12 19:14:45
  4   8  85   0   0   4|   0     0 |  12M  427k|   0     0 |1607  6058 |02-12 19:14:46
  3   7  85   0   0   5|   0  8192B|  12M  430k|   0     0 |1604  5851 |02-12 19:14:47
  4   7  84   0   0   5|   0     0 |  12M  432k|   0     0 |1521  6271 |02-12 19:14:48
  3   6  87   0   0   4|   0     0 |  12M  432k|   0     0 |1482  6273 |02-12 19:14:49
  3   9  84   0   0   5|   0     0 |  12M  426k|   0     0 |1656  6122 |02-12 19:14:50
  4   7  83   0   0   6|   0     0 |  12M  431k|   0     0 |1439  6168 |02-12 19:14:51
  4   8  82   0   0   7|   0  8192B|  12M  433k|   0     0 |1883  6444 |02-12 19:14:52
  4   7  83   0   0   7|   0     0 |  12M  431k|   0     0 |1765  5902 |02-12 19:14:53
  3   6  85   0   0   6|   0     0 |  12M  442k|   0     0 |1408  6073 |02-12 19:14:54
  4   6  85   0   0   6|   0     0 |  12M  431k|   0     0 |1784  6239 |02-12 19:14:55
  4   6  85   0   0   5|   0     0 |  12M  434k|   0     0 |1181  6355 |02-12 19:14:56
  3   7  85   0   0   5|   0     0 |  12M  436k|   0     0 |1278  5766 |02-12 19:14:57
  3   7  84   0   0   7|   0     0 |  12M  430k|   0     0 |1711  6264 |02-12 19:14:58
  4   9  84   0   0   4|   0     0 |  12M  425k|   0     0 |1597  6057 |02-12 19:14:59
  4   8  85   0   0   4|   0     0 |  12M  431k|   0     0 |1675  5701 |02-12 19:15:00
  4   5  87   0   0   4|   0     0 |  12M  428k|   0     0 |1462  6152 |02-12 19:15:01
  4   6  86   0   0   4|   0     0 |  12M  429k|   0     0 |1379  6073 |02-12 19:15:02
  6   5  85   0   0   5|   0     0 |  12M  432k|   0     0 |1337  6269 |02-12 19:15:03
  4   9  84   0   0   3|   0     0 |  12M  433k|   0     0 |1663  6340 |02-12 19:15:04
  4   8  84   0   0   5|   0     0 |  12M  434k|   0     0 |1695  6285 |02-12 19:15:05
  3   5  88   0   0   5|   0     0 |  12M  432k|   0     0 |1724  6529 |02-12 19:15:06
  5   5  85   0   0   5|   0     0 |  12M  428k|   0     0 |1322  6502 |02-12 19:15:07
  2   7  88   0   0   4|   0     0 |  12M  429k|   0     0 |1451  6656 |02-12 19:15:08
  3   7  83   0   0   7|   0     0 |  12M  430k|   0     0 |1644  6534 |02-12 19:15:09
  3   6  86   0   0   5|   0     0 |  12M  434k|   0     0 |1669  6708 |02-12 19:15:10
  3   7  86   0   0   4|   0     0 |  12M  428k|   0     0 |1646  6264 |02-12 19:15:11
  3   5  88   0   0   4|   0     0 |  12M  432k|   0     0 |1153  5942 |02-12 19:15:12
  5   5  85   1   0   5|   0    72k|  12M  429k|   0     0 |1408  5719 |02-12 19:15:13
  5   7  84   0   0   4|   0     0 |  12M  426k|   0     0 |1493  6148 |02-12 19:15:14
  2   5  87   0   0   6|   0     0 |  12M  432k|   0     0 |1958  6535 |02-12 19:15:15
  1   1  97   0   0   2|   0     0 |2318k   79k|   0     0 | 337  1190 |02-12 19:15:16
  1   1  99   0   0   0|   0     0 |4584B 4598B|   0     0 |  58   250 |02-12 19:15:17
  0   0 100   0   0   0|   0  8192B|   0     0 |   0     0 |  21    43 |02-12 19:15:18
  1   0 100   0   0   0|   0     0 |5422B 2784B|   0     0 |  28    76 |02-12 19:15:19
  0   0 100   0   0   0|   0     0 |   0     0 |   0     0 |  24    36 |02-12 19:15:20
  0   0 100   0   0   0|   0     0 |   0     0 |   0     0 |  23    46 |02-12 19:15:21
  1   1  99   0   0   0|   0     0 |5422B 2784B|   0     0 |  38   111 |02-12 19:15:22
  0   0 100   0   0   0|   0  8192B|   0     0 |   0     0 |  22    39 |02-12 19:15:23
  0   0 100   0   0   0|   0     0 |   0     0 |   0     0 |  18    24 |02-12 19:15:24
  1   0 100   0   0   0|   0     0 |9646B 7008B|   0     0 |  30    66 |02-12 19:15:25
  0   0 100   0   0   0|   0     0 |   0     0 |   0     0 |  23    50 |02-12 19:15:26
  1   1  99   0   0   0|   0     0 |2153B 2093B|   0     0 |  42   130 |02-12 19:15:27
  8   4  89   0   0   0|   0     0 |8280B 5212B|   0     0 | 206   667 |02-12 19:15:28
  1   0  99   0   0   0|   0     0 |2247B 2354B|   0     0 |  45   112 |02-12 19:15:29
  0   0 100   0   0   0|   0     0 |   0     0 |   0     0 |  23    36 |02-12 19:15:30
  1   0  99   0   0   0|   0     0 |5422B 2784B|   0     0 |  25    69 |02-12 19:15:31
  0   1 100   0   0   0|   0     0 |   0     0 |   0     0 |  28    63 |02-12 19:15:32
  0   0 100   0   0   0|   0     0 |   0     0 |   0     0 |  18    27 |02-12 19:15:33
  0   0 100   0   0   0|   0     0 |5844B 3496B|   0     0 |  24    67 |02-12 19:15:34
  0   0 100   0   0   0|   0     0 |   0     0 |   0     0 |  18    28 |02-12 19:15:35
  0   0 100   0   0   0|   0     0 |   0     0 |   0     0 |  20    28 |02-12 19:15:36
  1   1  99   0   0   0|   0     0 |5422B 2784B|   0     0 |  32   104 |02-12 19:15:37
  0   0 100   0   0   0|   0     0 |   0     0 |   0     0 |  23    46 |02-12 19:15:38
  0   0 100   0   0   0|   0     0 |   0     0 |   0     0 |  18    28 |02-12 19:15:39
  0   0 100   0   0   0|   0     0 |5422B 2784B|   0     0 |  23    66 |02-12 19:15:40
  0   0 100   0   0   0|   0     0 |   0     0 |   0     0 |  18    22 |02-12 19:15:41
  0   1 100   0   0   0|   0     0 |   0     0 |   0     0 |  29    72 |02-12 19:15:42
  1   1  99   0   0   0|   0     0 |7709B 4987B|   0     0 |  44   137 |02-12 19:15:43
  7   4  88   2   0   0|   0    64k|  55k   18k|   0     0 | 184   586 |02-12 19:15:44
  3   5  88   0   0   4|   0     0 |  10M  370k|   0     0 |1549  6887 |02-12 19:15:45
  5   6  84   0   0   5|   0     0 |  13M  452k|   0     0 |1877  7586 |02-12 19:15:46
  3   6  86   0   0   5|   0     0 |  12M  427k|   0     0 |1651  6849 |02-12 19:15:47
  4   7  84   0   0   5|   0     0 |  12M  428k|   0     0 |1539  6259 |02-12 19:15:48
  3   7  83   0   0   7|   0     0 |  11M  382k|   0     0 |1449  6309 |02-12 19:15:49
  5   8  83   0   0   4|   0     0 |  12M  434k|   0     0 |1675  6571 |02-12 19:15:50
  4   6  85   0   0   5|   0     0 |  12M  429k|   0     0 |1511  6539 |02-12 19:15:51
  4   6  83   0   0   7|   0     0 |  12M  435k|   0     0 |1670  6595 |02-12 19:15:52
  3   5  86   0   0   6|   0     0 |  12M  427k|   0     0 |1491  6311 |02-12 19:15:53
  2   6  87   0   0   5|   0     0 |  12M  429k|   0     0 |1533  6406 |02-12 19:15:54
  4   6  83   0   0   7|   0     0 |  12M  433k|   0     0 |1630  6587 |02-12 19:15:55
  5   5  85   0   0   5|   0     0 |  12M  429k|   0     0 |1545  6555 |02-12 19:15:56
  2   8  86   0   0   4|   0     0 |  12M  425k|   0     0 |1720  6726 |02-12 19:15:57
  3   8  84   0   0   5|   0     0 |  12M  430k|   0     0 |1554  6314 |02-12 19:15:58
  5   7  83   0   0   5|   0     0 |  12M  428k|   0     0 |1623  6285 |02-12 19:15:59
  5   8  83   0   0   4|   0     0 |  12M  435k|   0     0 |1694  6597 |02-12 19:16:00
  6   6  85   0   0   4|   0     0 |  12M  435k|   0     0 |1547  6316 |02-12 19:16:01
  4   9  82   0   0   5|   0     0 |  12M  430k|   0     0 |1508  6011 |02-12 19:16:02
  3   7  86   0   0   3|   0     0 |  12M  430k|   0     0 |1656  6362 |02-12 19:16:03
  4   6  86   0   0   4|   0     0 |  12M  435k|   0     0 |1565  6122 |02-12 19:16:04
  3   6  87   0   0   4|   0     0 |  12M  430k|   0     0 |1549  6244 |02-12 19:16:05
  4   4  87   0   0   6|   0     0 |  12M  431k|   0     0 |1602  6060 |02-12 19:16:06
  4   7  83   0   0   6|   0     0 |  12M  440k|   0     0 |1776  6812 |02-12 19:16:07
  4   4  88   0   0   4|   0     0 |  12M  434k|   0     0 |1588  6314 |02-12 19:16:08
  3   8  83   0   0   6|   0     0 |  12M  433k|   0     0 |1617  6418 |02-12 19:16:09
  5   3  86   0   0   5|   0     0 |  12M  436k|   0     0 |1719  6500 |02-12 19:16:10
  3   7  84   0   0   6|   0     0 |  12M  432k|   0     0 |1795  6659 |02-12 19:16:11
  3   6  87   0   0   4|   0     0 |  12M  436k|   0     0 |1750  6708 |02-12 19:16:12
  6   7  83   0   0   5|   0     0 |  12M  424k|   0     0 |1477  5929 |02-12 19:16:13
  3   5  76   9   0   7|   0    56k|  12M  431k|   0     0 |1615  6527 |02-12 19:16:14
  2   7  86   0   0   5|   0     0 |  12M  439k|   0     0 |1659  6538 |02-12 19:16:15
  4   6  83   0   0   6|   0     0 |  12M  435k|   0     0 |1712  6588 |02-12 19:16:16
  4   6  85   0   0   5|   0     0 |  12M  430k|   0     0 |1693  6769 |02-12 19:16:17
  4   7  86   0   0   4|   0     0 |  12M  430k|   0     0 |1633  6778 |02-12 19:16:18
  3   5  87   0   0   6|   0  8192B|  12M  431k|   0     0 |1581  6360 |02-12 19:16:19
  5   7  84   0   0   5|   0     0 |  12M  431k|   0     0 |1524  6326 |02-12 19:16:20
  2   5  88   0   0   4|   0     0 |  12M  430k|   0     0 |1588  6417 |02-12 19:16:21
  4   6  83   0   0   7|   0     0 |  12M  437k|   0     0 |1766  6960 |02-12 19:16:22
  4   8  82   0   0   7|   0     0 |  12M  434k|   0     0 |1672  6732 |02-12 19:16:23
  5   6  84   0   0   5|   0     0 |  12M  436k|   0     0 |1673  6788 |02-12 19:16:24
  4   7  86   0   0   3|   0     0 |  12M  433k|   0     0 |1610  6235 |02-12 19:16:25
  5   6  84   0   0   5|   0     0 |  12M  434k|   0     0 |1686  6612 |02-12 19:16:26
  5   7  84   0   0   4|   0     0 |  12M  428k|   0     0 |1766  6785 |02-12 19:16:27
  4   6  86   0   0   4|   0     0 |  12M  432k|   0     0 |1693  6590 |02-12 19:16:28
  5   9  82   0   0   5|   0     0 |  12M  433k|   0     0 |1671  6565 |02-12 19:16:29
  3   7  84   0   0   6|   0     0 |  12M  432k|   0     0 |1664  6594 |02-12 19:16:30
  2   6  87   0   0   5|   0     0 |  12M  436k|   0     0 |1513  6555 |02-12 19:16:31
  4   7  85   0   0   5|   0     0 |  12M  436k|   0     0 |1546  6500 |02-12 19:16:32
  4   8  84   0   0   4|   0     0 |  12M  431k|   0     0 |1469  5969 |02-12 19:16:33
  4   8  85   0   0   4|   0     0 |  12M  432k|   0     0 |1516  6131 |02-12 19:16:34
  6   7  83   0   0   5|   0     0 |  12M  432k|   0     0 |1542  6333 |02-12 19:16:35
  3   6  88   0   0   4|   0     0 |  12M  431k|   0     0 |1680  6533 |02-12 19:16:36
  3   5  86   0   0   7|   0     0 |  12M  431k|   0     0 |1595  6661 |02-12 19:16:37
  5   7  82   0   0   5|   0     0 |  12M  434k|   0     0 |1665  6566 |02-12 19:16:38
  3   7  86   0   0   4|   0     0 |  12M  437k|   0     0 |1494  6627 |02-12 19:16:39
  2   8  87   0   0   3|   0     0 |  12M  433k|   0     0 |1467  6376 |02-12 19:16:40
  4   7  85   0   0   4|   0     0 |  12M  434k|   0     0 |1573  6462 |02-12 19:16:41
  4   7  85   0   0   5|   0     0 |  12M  433k|   0     0 |1487  6477 |02-12 19:16:42
  3   7  85   0   0   6|   0     0 |  12M  429k|   0     0 |1605  6712 |02-12 19:16:43
  4   4  89   0   0   4|   0     0 |9571k  329k|   0     0 |1289  4938 |02-12 19:16:44
  1   1  97   1   0   0|   0    64k|4584B 4598B|   0     0 |  60   263 |02-12 19:16:45
  0   0 100   0   0   0|   0     0 |   0     0 |   0     0 |  22    39 |02-12 19:16:46
  0   0 100   0   0   0|   0     0 |5422B 2784B|   0     0 |  27    69 |02-12 19:16:47
  1   1  99   0   0   0|   0     0 |   0     0 |   0     0 |  36    88 |02-12 19:16:48
  0   0 100   0   0   0|   0     0 |   0     0 |   0     0 |  23    40 |02-12 19:16:49
  1   0 100   0   0   0|   0    12k|5422B 2784B|   0     0 |  34    81 |02-12 19:16:50
  0   0 100   0   0   0|   0     0 |   0     0 |   0     0 |  23    40 |02-12 19:16:51
  0   0 100   0   0   0|   0     0 |   0     0 |   0     0 |  24    35 |02-12 19:16:52
  1   0  99   0   0   0|   0     0 |5422B 2784B|   0     0 |  37   101 |02-12 19:16:53
  0   0 100   0   0   0|   0     0 |4224B 4224B|   0     0 |  18    24 |02-12 19:16:54
  0   0 100   0   0   0|   0     0 |   0     0 |   0     0 |  19    34 |02-12 19:16:55
  2   0  99   0   0   0|   0     0 |7317B 4635B|   0     0 |  35   111 |02-12 19:16:56
  7   3  91   0   0   0|   0     0 |1792B 1960B|   0     0 | 179   528 |02-12 19:16:57
  1   1  98   0   0   0|   0     0 |1324B  578B|   0     0 |  64   261 |02-12 19:16:58
  1   0  99   0   0   0|   0     0 |5422B 2784B|   0     0 |  25    82 |02-12 19:16:59
  0   0 100   0   0   0|   0     0 |   0     0 |   0     0 |  23    38 |02-12 19:17:00
  0   0 100   0   0   0|   0     0 |   0     0 |   0     0 |  23    53 |02-12 19:17:01
  1   1  99   0   0   0|   0     0 |5422B 2784B|   0     0 |  53   181 |02-12 19:17:02
  0   1 100   0   0   0|   0     0 |   0     0 |   0     0 |  33    82 |02-12 19:17:03
  0   0 100   0   0   0|   0     0 |   0     0 |   0     0 |  22    38 |02-12 19:17:04
  1   0  99   0   0   0|   0     0 |5422B 2784B|   0     0 |  25    70 |02-12 19:17:05
  0   0 100   0   0   0|   0     0 |   0     0 |   0     0 |  22    37 |02-12 19:17:06
  1   0  99   0   0   0|   0     0 |1911B 1917B|   0     0 |  37    79 |02-12 19:17:07
  7   4  89   0   0   0|   0     0 |7066B 4744B|   0     0 | 197   560 |02-12 19:17:08
