[7l----total-cpu-usage---- -dsk/total- -net/total- ---paging-- ---system-- ----system----
usr sys idl wai hiq siq| read  writ| recv  send|  in   out | int   csw |     time     
  2   2  94   1   0   2|  15k   55k|   0     0 |   0     0 | 502  1959 |02-12 19:26:19
  1   0  99   0   0   0|   0     0 |5422B 2784B|   0     0 |  22    82 |02-12 19:26:20
  0   0 100   0   0   0|   0     0 |   0     0 |   0     0 |  25    30 |02-12 19:26:21
  0   0 100   0   0   0|   0     0 |   0     0 |   0     0 |  23    29 |02-12 19:26:22
  1   0 100   0   0   0|   0     0 |5422B 2784B|   0     0 |  25    67 |02-12 19:26:23
  1   0 100   0   0   0|   0     0 |   0     0 |   0     0 |  34    71 |02-12 19:26:24
  0   0 100   0   0   0|   0     0 |   0     0 |   0     0 |  20    36 |02-12 19:26:25
  8   3  89   0   0   0|   0    44k|9109B 6661B|   0     0 | 183   590 |02-12 19:26:26
  1   7  89   0   0   3|   0     0 |8375k  304k|   0     0 |1356  5130 |02-12 19:26:27
  3   4  87   0   0   6|   0  8192B|  13M  439k|   0     0 |1773  7079 |02-12 19:26:28
  6   6  82   0   0   7|   0     0 |  12M  436k|   0     0 |1881  7170 |02-12 19:26:29
  3   9  84   0   0   4|   0     0 |  12M  433k|   0     0 |1712  6993 |02-12 19:26:30
  3   5  87   0   0   5|   0     0 |  12M  432k|   0     0 |1668  6604 |02-12 19:26:31
  3   6  86   0   0   5|   0     0 |  12M  438k|   0     0 |1595  6848 |02-12 19:26:32
  3   7  85   0   0   6|   0     0 |  12M  439k|   0     0 |1765  7508 |02-12 19:26:33
  3   8  85   0   0   4|   0     0 |  12M  431k|   0     0 |1640  6453 |02-12 19:26:34
  6   6  84   0   0   5|   0     0 |  12M  439k|   0     0 |1546  6814 |02-12 19:26:35
  3   7  85   0   0   6|   0     0 |  12M  436k|   0     0 |1776  7257 |02-12 19:26:36
  3   6  87   0   0   4|   0     0 |  12M  431k|   0     0 |1706  6772 |02-12 19:26:37
  3   6  84   0   0   7|   0  8192B|  12M  435k|   0     0 |1916  7012 |02-12 19:26:38
  5   7  84   0   0   5|   0     0 |  12M  434k|   0     0 |1721  6826 |02-12 19:26:39
  5   7  84   0   0   5|   0     0 |  12M  437k|   0     0 |1770  6531 |02-12 19:26:40
  4   7  85   0   0   5|   0     0 |  12M  433k|   0     0 |1563  6747 |02-12 19:26:41
  3   8  85   0   0   4|   0     0 |  12M  432k|   0     0 |1652  6566 |02-12 19:26:42
  2   6  87   0   0   6|   0     0 |  12M  435k|   0     0 |1463  6992 |02-12 19:26:43
  4   6  85   0   0   4|   0     0 |  12M  433k|   0     0 |1550  7140 |02-12 19:26:44
  5   4  85   0   0   6|   0     0 |  12M  429k|   0     0 |1688  6736 |02-12 19:26:45
  3   7  86   0   0   4|   0     0 |  13M  441k|   0     0 |1621  6765 |02-12 19:26:46
  4   5  86   0   0   5|   0     0 |  12M  435k|   0     0 |1622  7090 |02-12 19:26:47
  5   6  86   0   0   4|   0     0 |  12M  434k|   0     0 |1634  6803 |02-12 19:26:48
  3   6  87   0   0   4|   0     0 |  13M  442k|   0     0 |1623  6649 |02-12 19:26:49
  4   5  87   0   0   5|   0     0 |  12M  431k|   0     0 |1439  6741 |02-12 19:26:50
  5   7  82   0   0   6|   0     0 |  12M  436k|   0     0 |1640  6663 |02-12 19:26:51
  4   6  85   0   0   5|   0     0 |  12M  432k|   0     0 |1703  6275 |02-12 19:26:52
  4   7  85   0   0   5|   0     0 |  12M  429k|   0     0 |1675  6463 |02-12 19:26:53
  5   6  86   0   0   3|   0  4096B|  13M  446k|   0     0 |1664  6570 |02-12 19:26:54
  4   7  86   0   0   2|   0     0 |  12M  428k|   0     0 |1801  6799 |02-12 19:26:55
  4   6  84   0   0   7|   0     0 |  13M  440k|   0     0 |1654  6829 |02-12 19:26:56
  3   7  85   2   0   3|   0    72k|  12M  436k|   0     0 |1542  6624 |02-12 19:26:57
  4   7  84   0   0   6|   0     0 |  12M  431k|   0     0 |1788  6659 |02-12 19:26:58
  4   9  82   0   0   6|   0    84k|  13M  441k|   0     0 |1799  6902 |02-12 19:26:59
  4   8  84   0   0   5|   0     0 |  12M  433k|   0     0 |1785  6774 |02-12 19:27:00
  4   6  85   0   0   5|   0     0 |  12M  433k|   0     0 |1562  6910 |02-12 19:27:01
  3   6  86   0   0   6|   0     0 |  12M  430k|   0     0 |1607  6814 |02-12 19:27:02
  5   7  83   0   0   5|   0     0 |  13M  443k|   0     0 |1873  6884 |02-12 19:27:03
  5   6  83   0   0   7|   0     0 |  12M  435k|   0     0 |1671  6830 |02-12 19:27:04
  3   5  88   0   0   4|   0     0 |  12M  434k|   0     0 |1627  6726 |02-12 19:27:05
  4   7  85   0   0   4|   0     0 |  12M  439k|   0     0 |1660  6684 |02-12 19:27:06
  4   6  85   0   0   5|   0     0 |  12M  440k|   0     0 |1742  6620 |02-12 19:27:07
  2   8  87   0   0   3|   0     0 |  12M  436k|   0     0 |1832  6735 |02-12 19:27:08
  5   8  83   0   0   4|   0     0 |  12M  439k|   0     0 |1487  6598 |02-12 19:27:09
  3   6  86   0   0   5|   0     0 |  12M  434k|   0     0 |1577  6673 |02-12 19:27:10
  5   6  85   0   0   4|   0     0 |  12M  435k|   0     0 |1680  6711 |02-12 19:27:11
  5   5  86   0   0   4|   0     0 |  12M  435k|   0     0 |1504  6147 |02-12 19:27:12
  4   3  88   0   0   5|   0     0 |  12M  437k|   0     0 |1616  6608 |02-12 19:27:13
  4   5  86   0   0   5|   0     0 |  12M  432k|   0     0 |1632  6389 |02-12 19:27:14
  3   8  85   0   0   4|   0     0 |  12M  431k|   0     0 |1646  6216 |02-12 19:27:15
  4   6  86   0   0   5|   0     0 |  12M  432k|   0     0 |1467  6483 |02-12 19:27:16
  3   5  87   0   0   5|   0     0 |  12M  432k|   0     0 |1730  6718 |02-12 19:27:17
  3   5  86   0   0   5|   0     0 |  12M  433k|   0     0 |1450  6730 |02-12 19:27:18
  5   7  84   0   0   4|   0     0 |  12M  434k|   0     0 |1505  6673 |02-12 19:27:19
  3   7  85   0   0   5|   0     0 |  12M  435k|   0     0 |1710  6803 |02-12 19:27:20
  3   8  85   0   0   5|   0     0 |  12M  433k|   0     0 |1676  6625 |02-12 19:27:21
  4   7  85   0   0   4|   0     0 |  12M  435k|   0     0 |1620  6784 |02-12 19:27:22
  3   8  84   0   0   5|   0     0 |  12M  431k|   0     0 |1638  6322 |02-12 19:27:23
  3   8  85   0   0   3|   0     0 |  12M  439k|   0     0 |1786  6781 |02-12 19:27:24
  4   7  84   0   0   5|   0  8192B|  12M  430k|   0     0 |1693  6329 |02-12 19:27:25
  4   6  84   0   0   6|   0     0 |  12M  438k|   0     0 |1663  6503 |02-12 19:27:26
  0   1  97   3   0   0|   0    20k|1143k   40k|   0     0 | 158   689 |02-12 19:27:27
  1   1  99   0   0   0|   0     0 |4854B 4868B|   0     0 |  59   254 |02-12 19:27:28
  0   0 100   0   0   0|   0     0 | 234B  110B|   0     0 |  42    92 |02-12 19:27:29
  1   1  98   0   0   0|   0    16k|9212B 9826B|   0     0 |  79   230 |02-12 19:27:30
  0   0 100   0   0   0|   0     0 | 270B  204B|   0     0 |  30    42 |02-12 19:27:31
  0   0 100   0   0   0|   0     0 | 738B  614B|   0     0 |  44   102 |02-12 19:27:32
  1   0  99   0   0   0|   0     0 |5982B 3294B|   0     0 |  40    97 |02-12 19:27:33
  0   1 100   0   0   0|   0     0 | 234B  204B|   0     0 |  41    84 |02-12 19:27:34
  0   1 100   0   0   0|   0     0 |2448B 2332B|   0     0 |  38    84 |02-12 19:27:35
  1   0  99   0   0   0|   0     0 |8038B 5202B|   0     0 |  38    93 |02-12 19:27:36
  8   3  90   0   0   0|   0     0 |3789B 3869B|   0     0 | 212   611 |02-12 19:27:37
  1   1  98   0   0   1|   0     0 |1558B  856B|   0     0 |  52   251 |02-12 19:27:38
  1   0  99   0   0   0|   0     0 |5422B 2784B|   0     0 |  38   109 |02-12 19:27:39
  0   1 100   0   0   0|   0     0 | 102B  964B|   0     0 |  43    94 |02-12 19:27:40
  0   1 100   0   0   0|   0     0 | 600B  996B|   0     0 |  42    88 |02-12 19:27:41
  1   0  99   0   0   0|   0     0 |6188B 3716B|   0     0 |  38   110 |02-12 19:27:42
  0   0 100   0   0   0|   0     0 |   0     0 |   0     0 |  23    36 |02-12 19:27:43
  0   1 100   0   0   0|   0     0 | 336B  212B|   0     0 |  44   100 |02-12 19:27:44
  1   0  99   0   0   0|   0     0 |6364B 3908B|   0     0 |  48   120 |02-12 19:27:45
  0   0 100   0   0   0|   0     0 | 402B  700B|   0     0 |  28    48 |02-12 19:27:46
  0   0 100   0   0   0|   0     0 | 672B  416B|   0     0 |  36    65 |02-12 19:27:47
  0   0 100   0   0   0|   0     0 |5590B 2886B|   0     0 |  27    75 |02-12 19:27:48
  0   1  99   0   0   0|   0     0 | 300B  458B|   0     0 |  47   122 |02-12 19:27:49
  0   0 100   0   0   0|   0     0 |   0     0 |   0     0 |  19    36 |02-12 19:27:50
  2   1  98   0   0   0|   0     0 |7885B 5137B|   0     0 |  46   137 |02-12 19:27:51
  8   4  88   0   0   1|   0     0 |1459k   69k|   0     0 | 386  1545 |02-12 19:27:52
  4   5  87   0   0   4|   0     0 |  13M  449k|   0     0 |1825  7445 |02-12 19:27:53
  4   7  85   0   0   4|   0     0 |  12M  432k|   0     0 |1658  6802 |02-12 19:27:54
  3   6  86   0   0   4|   0     0 |  12M  432k|   0     0 |1751  6848 |02-12 19:27:55
  4   7  85   0   0   5|   0     0 |  12M  435k|   0     0 |1740  6922 |02-12 19:27:56
  5   5  84   1   0   5|   0    72k|  12M  435k|   0     0 |1637  6515 |02-12 19:27:57
  2   5  88   0   0   5|   0     0 |  12M  434k|   0     0 |1718  7009 |02-12 19:27:58
  5   6  84   0   0   5|   0     0 |  12M  440k|   0     0 |1799  7156 |02-12 19:27:59
  3   6  86   0   0   5|   0    64k|  12M  431k|   0     0 |1724  6929 |02-12 19:28:00
  5   8  83   0   0   4|   0     0 |  12M  433k|   0     0 |1650  6646 |02-12 19:28:01
  3   6  87   0   0   4|   0     0 |  12M  432k|   0     0 |1789  7208 |02-12 19:28:02
  4   7  83   0   0   5|   0     0 |  12M  431k|   0     0 |1663  6971 |02-12 19:28:03
  4   8  85   0   0   4|   0     0 |  12M  433k|   0     0 |1621  6764 |02-12 19:28:04
  3   6  87   0   0   4|   0     0 |  12M  432k|   0     0 |1678  6849 |02-12 19:28:05
  4   6  86   0   0   3|   0     0 |  13M  439k|   0     0 |1724  7158 |02-12 19:28:06
  3   8  82   0   0   7|   0     0 |  12M  432k|   0     0 |1515  6514 |02-12 19:28:07
  4   8  83   0   0   5|   0     0 |  12M  433k|   0     0 |1539  6567 |02-12 19:28:08
  5   8  84   0   0   3|   0     0 |  12M  432k|   0     0 |1641  6807 |02-12 19:28:09
  4   7  84   0   0   6|   0     0 |  12M  431k|   0     0 |1581  6403 |02-12 19:28:10
  4   7  84   0   0   6|   0  4096B|  12M  426k|   0     0 |1602  6776 |02-12 19:28:11
  4   6  86   0   0   4|   0     0 |  12M  436k|   0     0 |1653  6729 |02-12 19:28:12
  4   5  85   0   0   6|   0     0 |  12M  436k|   0     0 |1776  7246 |02-12 19:28:13
  4   8  83   0   0   5|   0     0 |  12M  433k|   0     0 |1665  6856 |02-12 19:28:14
  4   7  84   0   0   6|   0     0 |  12M  437k|   0     0 |1693  6925 |02-12 19:28:15
  5   7  84   0   0   4|   0     0 |  12M  435k|   0     0 |1739  6875 |02-12 19:28:16
  6   7  83   0   0   5|   0     0 |  12M  435k|   0     0 |1668  6737 |02-12 19:28:17
  5   6  84   0   0   5|   0     0 |  12M  434k|   0     0 |1709  6820 |02-12 19:28:18
  4   8  83   0   0   6|   0     0 |  12M  432k|   0     0 |1695  6871 |02-12 19:28:19
  2   5  86   0   0   7|   0     0 |  12M  434k|   0     0 |1621  6757 |02-12 19:28:20
  4   6  86   0   0   4|   0     0 |  12M  435k|   0     0 |1589  6562 |02-12 19:28:21
  6   6  83   0   0   5|   0     0 |  12M  439k|   0     0 |1636  6714 |02-12 19:28:22
  3   7  85   0   0   5|   0     0 |  12M  432k|   0     0 |1695  6793 |02-12 19:28:23
  5   7  82   0   0   6|   0     0 |  12M  431k|   0     0 |1700  6770 |02-12 19:28:24
  1   1  98   0   0   1|   0     0 |1353k   49k|   0     0 | 197   772 |02-12 19:28:25
  3   4  91   0   0   2|   0    16k|7050k  240k|   0     0 | 937  3697 |02-12 19:28:26
  1   1  80  18   0   1|   0    20k|2772k   95k|   0     0 | 393  1537 |02-12 19:28:27
  1   0  99   0   0   0|   0     0 | 414k   17k|   0     0 |  84   322 |02-12 19:28:28
  0   0 100   0   0   0|   0     0 |  66k 2348B|   0     0 |  48   125 |02-12 19:28:29
  1   2  97   0   0   1|   0     0 |1454k   57k|   0     0 | 303  1048 |02-12 19:28:30
  5   6  83   0   0   7|   0  4096B|  13M  447k|   0     0 |1732  6825 |02-12 19:28:31
  3   7  86   0   0   5|   0     0 |  12M  434k|   0     0 |1584  6469 |02-12 19:28:32
  4   8  84   0   0   4|   0     0 |  12M  436k|   0     0 |1567  6393 |02-12 19:28:33
  4   8  82   0   0   7|   0     0 |  12M  435k|   0     0 |1546  6268 |02-12 19:28:34
  4   6  85   0   0   5|   0     0 |  12M  431k|   0     0 |1451  6058 |02-12 19:28:35
  4   7  85   0   0   4|   0     0 |  12M  433k|   0     0 |1594  6337 |02-12 19:28:36
  3   9  83   0   0   5|   0     0 |  12M  440k|   0     0 |1689  6806 |02-12 19:28:37
  5   7  84   0   0   5|   0     0 |  12M  439k|   0     0 |1638  6855 |02-12 19:28:38
  3   7  85   0   0   6|   0     0 |  12M  436k|   0     0 |1814  6989 |02-12 19:28:39
  4   7  83   0   0   6|   0     0 |  12M  436k|   0     0 |1724  6965 |02-12 19:28:40
  5   6  87   0   0   3|   0     0 |  12M  434k|   0     0 |1688  6672 |02-12 19:28:41
  3   7  86   0   0   4|   0     0 |  12M  432k|   0     0 |1728  6736 |02-12 19:28:42
  4   7  83   0   0   7|   0     0 |  12M  439k|   0     0 |1736  6740 |02-12 19:28:43
  4   8  82   0   0   6|   0     0 |  12M  433k|   0     0 |1638  6648 |02-12 19:28:44
  4   7  87   0   0   3|   0     0 |  12M  432k|   0     0 |1673  6544 |02-12 19:28:45
  3   6  85   0   0   7|   0     0 |  12M  438k|   0     0 |1643  6582 |02-12 19:28:46
  4   7  84   0   0   5|   0     0 |  12M  440k|   0     0 |1838  7034 |02-12 19:28:47
  2   9  83   0   0   7|   0     0 |  12M  436k|   0     0 |1678  6839 |02-12 19:28:48
  6   7  84   0   0   4|   0     0 |  12M  434k|   0     0 |1583  6381 |02-12 19:28:49
  4   6  86   0   0   5|   0     0 |  12M  433k|   0     0 |1617  6425 |02-12 19:28:50
  4   7  83   0   0   6|   0     0 |  12M  439k|   0     0 |1765  7102 |02-12 19:28:51
  2   2  94   0   0   3|   0     0 |6882k  238k|   0     0 | 976  3968 |02-12 19:28:52
  1   0  99   0   0   0|   0     0 |2472B 2486B|   0     0 |  49   233 |02-12 19:28:53
  0   1 100   0   0   0|   0     0 | 110B  102B|   0     0 |  43    90 |02-12 19:28:54
  0   1  99   0   0   0|   0     0 |8194B 5166B|   0     0 | 115   280 |02-12 19:28:55
  0   0 100   0   0   0|   0     0 |2002B 1836B|   0     0 |  91   201 |02-12 19:28:56
  1   0 100   0   0   0|   0    16k|1090B  518B|   0     0 |  42    83 |02-12 19:28:57
  1   0  98   2   0   0|   0    44k|5766B 3148B|   0     0 |  40   111 |02-12 19:28:58
  0   0 100   0   0   0|   0     0 | 344B  396B|   0     0 |  45    91 |02-12 19:28:59
  0   0 100   0   0   0|   0     0 |2178B 2112B|   0     0 |  23    31 |02-12 19:29:00
  1   0  99   0   0   0|   0     0 |5722B 3242B|   0     0 |  35    91 |02-12 19:29:01
  0   0 100   0   0   0|   0    40k|2112B 2112B|   0     0 |  27    49 |02-12 19:29:02
  0   0 100   0   0   0|   0     0 |   0     0 |   0     0 |  24    46 |02-12 19:29:03
  2   1  98   0   0   0|   0     0 |7521B 4839B|   0     0 |  63   164 |02-12 19:29:04
  8   2  90   0   0   0|   0     0 |1726B 1916B|   0     0 | 182   498 |02-12 19:29:05
  0   1  98   0   0   0|   0     0 |1594B  974B|   0     0 |  60   269 |02-12 19:29:06
  1   0  99   0   0   0|   0     0 |6066B 3146B|   0     0 |  37    96 |02-12 19:29:07
  0   0 100   0   0   0|   0     0 | 286B  204B|   0     0 |  33    64 |02-12 19:29:08
  1   1  99   0   0   0|   0     0 |2618B 2550B|   0     0 | 125   297 |02-12 19:29:09
  1   0  99   0   0   0|   0     0 |6258B 3192B|   0     0 |  43   106 |02-12 19:29:10
  0   0  87  12   0   0|1104k    0 | 438B  826B|   0     0 |  80   230 |02-12 19:29:11
  0   2  67  31   0   0|4580k    0 |   0     0 |   0     0 | 349   744 |02-12 19:29:12
  1   2  50  47   0   0|  11M    0 |5422B 2784B|   0     0 |  45   532 |02-12 19:29:13
  0   1  50  49   0   0|  10M    0 |   0     0 |   0     0 |  48   340 |02-12 19:29:14
  0   1  50  49   0   0|8264k    0 |   0     0 |   0     0 |  36   202 |02-12 19:29:15
  1   1  50  49   0   0|8576k    0 |  74B  404B|   0     0 |  38   365 |02-12 19:29:16
  1   1  50  49   0   0|8656k    0 |5348B 2380B|   0     0 |  50   378 |02-12 19:29:17
  0   1  50  49   0   0|8860k    0 |   0     0 |   0     0 |  42   299 |02-12 19:29:18
  1   1  55  44   0   0|8184k    0 |   0     0 |   0     0 |  51   222 |02-12 19:29:19
  1   1  68  31   0   0|8244k    0 |5422B 2784B|   0     0 |  71   220 |02-12 19:29:20
  1   1  72  27   0   0|  11M    0 |   0     0 |   0     0 | 179   459 |02-12 19:29:21
  0   1  73  26   0   1|  10M    0 | 247B  247B|   0     0 | 142   382 |02-12 19:29:22
  5   3  57  36   0   0|8568k    0 |8796B 5232B|   0     0 | 168   529 |02-12 19:29:23
  6   5  42  44   0   2|9372k    0 |4513k  173k|   0     0 | 829  3229 |02-12 19:29:24
  4   9  41  40   0   6|9192k    0 |  13M  439k|   0     0 |1815  7384 |02-12 19:29:25
  3   8  42  41   0   6|  11M    0 |  12M  434k|   0     0 |1832  7229 |02-12 19:29:26
  3   4  45  43   0   6|6640k 8192B|  12M  435k|   0     0 |1807  7068 |02-12 19:29:27
  3   9  43  39   0   7|8964k    0 |  12M  431k|   0     0 |1782  7104 |02-12 19:29:28
  3  10  37  45   0   4|9128k 1220k|  12M  438k|   0     0 |1665  6725 |02-12 19:29:29
  6   9  41  38   0   7|8728k    0 |  12M  435k|   0     0 |1621  6946 |02-12 19:29:30
  5   9  41  40   0   6|  10M    0 |  12M  435k|   0     0 |1690  6756 |02-12 19:29:31
  4   8  42  40   0   6|8776k    0 |  12M  434k|   0     0 |1652  6793 |02-12 19:29:32
  5   9  42  40   0   4|9732k 8192B|  12M  431k|   0     0 |1571  6443 |02-12 19:29:33
  6   8  42  40   0   4|9112k    0 |  13M  443k|   0     0 |1744  6641 |02-12 19:29:34
  5   6  43  41   0   6|8332k    0 |  12M  438k|   0     0 |1662  6774 |02-12 19:29:35
  4   7  43  40   0   6|4912k    0 |  12M  437k|   0     0 |1742  7210 |02-12 19:29:36
  2  10  42  40   0   6|  12M    0 |  12M  434k|   0     0 |1852  7280 |02-12 19:29:37
  5   8  42  41   0   5|  11M 4096B|  12M  435k|   0     0 |1758  6973 |02-12 19:29:38
  5   6  42  41   0   5|8052k    0 |  12M  431k|   0     0 |1860  7295 |02-12 19:29:39
  3   8  42  40   0   7|  12M    0 |  12M  429k|   0     0 |1691  6881 |02-12 19:29:40
  4   7  42  42   0   6|7540k    0 |  13M  442k|   0     0 |1791  7050 |02-12 19:29:41
  4   6  44  42   0   4|7260k    0 |  12M  437k|   0     0 |1836  6902 |02-12 19:29:42
  3   8  31  54   0   5|7016k 2912k|  12M  431k|   0     0 |1804  6969 |02-12 19:29:43
  6   8  17  62   0   8|5572k 6736k|  12M  433k|   0     0 |1631  6840 |02-12 19:29:44
  3   9  35  48   0   6|2820k 3664k|  12M  434k|   0     0 |1790  7091 |02-12 19:29:45
  4   6  29  54   0   7|2728k 6036k|  13M  441k|   0     0 |1731  6681 |02-12 19:29:46
  3   3  37  55   0   3|2700k 9772k|6464k  226k|   0     0 | 833  3604 |02-12 19:29:47
  2   3  13  81   0   2|2856k 6224k|4103k  142k|   0     0 | 571  2364 |02-12 19:29:48
  2   3  26  67   0   3|2472k 8200k|4976k  170k|   0     0 | 663  2773 |02-12 19:29:49
  0   1  27  70   0   1|2556k 4964k|1155k   42k|   0     0 | 185   815 |02-12 19:29:50
  1   2  37  58   0   2|2984k 6700k|3441k  117k|   0     0 | 509  1931 |02-12 19:29:51
  3   6  14  73   0   6|2472k 8576k|  10M  363k|   0     0 |1399  5795 |02-12 19:29:52
  3   7  30  54   0   6|2456k 5024k|  12M  423k|   0     0 |1592  6560 |02-12 19:29:53
  4   8  20  62   0   6|3008k 5388k|  12M  433k|   0     0 |1617  6977 |02-12 19:29:54
  3   8  13  72   0   5|3916k 7944k|  12M  436k|   0     0 |1765  7223 |02-12 19:29:55
  6   7  22  62   0   4|3392k 5784k|  12M  436k|   0     0 |1700  7138 |02-12 19:29:56
  5   6  41  44   0   5|1496k 1848k|  12M  436k|   0     0 |1572  6521 |02-12 19:29:57
  4   8  40  44   0   4|2708k   10M|  12M  433k|   0     0 |1560  6274 |02-12 19:29:58
  4  10  14  68   0   5|   0    35M|  12M  436k|   0     0 |1560  6205 |02-12 19:29:59
  4   7  17  66   0   6|   0    24M|  12M  436k|   0     0 |1603  6506 |02-12 19:30:00
  3   6  43  45   0   4|   0   480k|  12M  432k|   0     0 |1546  6502 |02-12 19:30:01
  4   6  71  14   0   6|   0  4096B|  12M  437k|   0     0 |1664  6559 |02-12 19:30:02
  3   8  85   0   0   5|   0     0 |  12M  432k|   0     0 |1663  6536 |02-12 19:30:03
  5   9  78   5   0   3|   0    27M|  12M  435k|   0     0 |1613  6486 |02-12 19:30:04
  3   6  86   0   0   5|   0    15M|  12M  441k|   0     0 |1638  6530 |02-12 19:30:05
  3   7  85   0   0   4|   0  7748k|  12M  439k|   0     0 |1612  7050 |02-12 19:30:06
  3   8  83   0   0   6|   0     0 |  12M  439k|   0     0 |1433  6321 |02-12 19:30:07
  4   7  84   0   0   5|   0     0 |  13M  445k|   0     0 |1631  6734 |02-12 19:30:08
  4   7  78   7   0   4|   0    24M|  12M  435k|   0     0 |1678  6798 |02-12 19:30:09
  4   6  85   0   0   5|   0  2320k|  12M  426k|   0     0 |1576  6305 |02-12 19:30:10
  5   5  86   0   0   4|   0    16M|  13M  441k|   0     0 |1622  6664 |02-12 19:30:11
  2   5  87   0   0   6|   0  9260k|  12M  436k|   0     0 |1621  6539 |02-12 19:30:12
  5   7  82   0   0   5|   0     0 |  12M  432k|   0     0 |1621  6754 |02-12 19:30:13
  5   7  83   0   0   5|   0    22M|  12M  433k|   0     0 |1494  6327 |02-12 19:30:14
  5   8  83   0   0   5|   0    11M|  12M  435k|   0     0 |1687  6856 |02-12 19:30:15
  4   7  84   0   0   5|   0  7620k|  12M  433k|   0     0 |1639  6560 |02-12 19:30:16
  6   7  82   0   0   5|   0     0 |  13M  441k|   0     0 |1640  6763 |02-12 19:30:17
  4   6  85   0   0   5|   0     0 |  12M  436k|   0     0 |1793  6861 |02-12 19:30:18
  4   5  82   4   0   5|   0  2216k|  12M  432k|   0     0 |1706  6713 |02-12 19:30:19
  5   8  81   1   0   5|   0    12M|  12M  433k|   0     0 |1491  5946 |02-12 19:30:20
  3   8  84   0   0   6|   0     0 |  13M  439k|   0     0 |1680  6887 |02-12 19:30:21
  4   7  83   0   0   6|   0     0 |  12M  438k|   0     0 |1818  7050 |02-12 19:30:22
  5   5  83   0   0   8|   0     0 |  12M  434k|   0     0 |1719  6725 |02-12 19:30:23
  2   2  94   0   0   2|   0     0 |4587k  159k|   0     0 | 628  2510 |02-12 19:30:24
  0   0  85  15   0   0|   0    14M|   0     0 |   0     0 |  25    53 |02-12 19:30:25
  1   1  99   0   0   0|   0   540k|5422B 2784B|   0     0 |  31    78 |02-12 19:30:26
  0   0 100   0   0   0|   0     0 |   0     0 |   0     0 |  23    58 |02-12 19:30:27
  0   0 100   0   0   0|   0     0 |   0     0 |   0     0 |  25    52 |02-12 19:30:28
  1   0  99   0   0   0|   0     0 |5168B 2718B|   0     0 |  42    96 |02-12 19:30:29
  1   1  97   2   0   0|   0    10M|2934B 5629B|   0     0 |  57   154 |02-12 19:30:30
  0   0 100   0   0   0|   0     0 |   0     0 |   0     0 |  20    37 |02-12 19:30:31
  0   0 100   0   0   0|   0     0 |2112B 2112B|   0     0 |  23    48 |02-12 19:30:32
  1   0 100   0   0   0|   0     0 |7534B 4896B|   0     0 |  24    68 |02-12 19:30:33
  0   1  99   0   0   0|   0     0 |  74B   74B|   0     0 |  37    89 |02-12 19:30:34
  5   2  94   0   0   0|   0    24k|3415B 2687B|   0     0 | 141   401 |02-12 19:30:35
  4   3  93   0   0   0|   0     0 |6812B 4544B|   0     0 | 121   451 |02-12 19:30:36
  0   0 100   0   0   0|   0     0 |   0     0 |   0     0 |  24    53 |02-12 19:30:37
  0   0 100   0   0   0|   0     0 |   0     0 |   0     0 |  25    48 |02-12 19:30:38
  1   0  99   0   0   0|   0     0 |5422B 2784B|   0     0 |  38   104 |02-12 19:30:39
  0   0 100   0   0   0|   0     0 |   0     0 |   0     0 |  22    36 |02-12 19:30:40
  0   0 100   0   0   0|   0     0 |   0     0 |   0     0 |  24    46 |02-12 19:30:41
  0   0 100   0   0   0|   0     0 |5422B 2784B|   0     0 |  26    69 |02-12 19:30:42
  0   0 100   0   0   0|   0     0 |   0     0 |   0     0 |  26    47 |02-12 19:30:43
  1   1  99   0   0   0|   0     0 |   0     0 |   0     0 |  34    70 |02-12 19:30:44
  0   0 100   0   0   0|   0     0 |5844B 3496B|   0     0 |  29    95 |02-12 19:30:45
  0   0 100   0   0   0|   0     0 |   0     0 |   0     0 |  24    46 |02-12 19:30:46
  0   0 100   0   0   0|   0     0 |   0     0 |   0     0 |  24    42 |02-12 19:30:47
  0   0 100   0   0   0|   0     0 |5422B 2784B|   0     0 |  25    72 |02-12 19:30:48
  0   0 100   0   0   0|   0     0 |   0     0 |   0     0 |  33    62 |02-12 19:30:49
  0   0 100   0   0   0|   0     0 |   0     0 |   0     0 |  24    52 |02-12 19:30:50
  0   0 100   0   0   0|   0     0 |5422B 2784B|   0     0 |  26    65 |02-12 19:30:51
  0   0 100   0   0   0|   0     0 |   0     0 |   0     0 |  23    36 |02-12 19:30:52
  0   0 100   0   0   0|   0     0 |   0     0 |   0     0 |  23    42 |02-12 19:30:53
  0   0  99   0   0   0|   0     0 |5422B 2784B|   0     0 |  39    95 |02-12 19:30:54
  1   0 100   0   0   0|   0     0 |   0     0 |   0     0 |  28    48 |02-12 19:30:55
  1   0  99   0   0   0|   0  4096B|1895B 1851B|   0     0 |  40    88 |02-12 19:30:56
  6   4  90   0   0   0|   0     0 |7148B 4700B|   0     0 | 189   547 |02-12 19:30:57
  1   3  92   0   0   4|   0     0 |5740k  214k|   0     0 | 800  3334 |02-12 19:30:58
  0   1  98   0   0   1|   0     0 |2207k   75k|   0     0 | 257   956 |02-12 19:30:59
  3   5  88   0   0   5|   0     0 |8527k  294k|   0     0 | 964  4132 |02-12 19:31:00
  2   4  90   2   0   3|   0   608k|7075k  243k|   0     0 | 804  3244 |02-12 19:31:01
  1   1  96   0   0   2|   0     0 |2783k   97k|   0     0 | 277  1346 |02-12 19:31:02
  3   4  91   0   0   2|   0     0 |7768k  268k|   0     0 | 762  3330 |02-12 19:31:03
  2   5  91   0   0   3|   0     0 |  10M  361k|   0     0 |1142  4302 |02-12 19:31:04
  2   5  91   0   0   2|   0     0 |7994k  275k|   0     0 | 938  3566 |02-12 19:31:05
  4   9  84   0   0   4|   0    12k|  11M  390k|   0     0 |1319  5438 |02-12 19:31:06
  3   4  91   0   0   3|   0     0 |8490k  293k|   0     0 | 959  3669 |02-12 19:31:07
  2   3  93   0   0   3|   0     0 |6784k  233k|   0     0 | 690  2778 |02-12 19:31:08
  2   5  91   0   0   3|   0     0 |7813k  272k|   0     0 | 869  3434 |02-12 19:31:09
  3   5  88   0   0   5|   0     0 |  10M  356k|   0     0 |1007  3896 |02-12 19:31:10
  1   5  91   0   0   2|   0     0 |6268k  214k|   0     0 | 807  2945 |02-12 19:31:11
  5   7  84   0   0   5|   0     0 |  12M  431k|   0     0 |1249  5323 |02-12 19:31:12
  3   3  93   0   0   1|   0     0 |6495k  223k|   0     0 | 695  2606 |02-12 19:31:13
  4   7  85   0   0   5|   0     0 |  12M  410k|   0     0 |1300  4835 |02-12 19:31:14
  5   8  84   0   0   4|   0     0 |  13M  446k|   0     0 |1372  5529 |02-12 19:31:15
  4   8  84   0   0   5|   0     0 |  13M  440k|   0     0 |1377  5289 |02-12 19:31:16
  3   5  87   0   0   5|   0     0 |  13M  446k|   0     0 |1428  5525 |02-12 19:31:17
  3   7  84   0   0   7|   0     0 |  13M  446k|   0     0 |1288  5177 |02-12 19:31:18
  2   7  86   0   0   5|   0     0 |  13M  442k|   0     0 |1252  5646 |02-12 19:31:19
  6   6  85   0   0   4|   0     0 |  13M  438k|   0     0 |1274  5285 |02-12 19:31:20
  5   7  84   0   0   4|   0     0 |  13M  450k|   0     0 |1304  5490 |02-12 19:31:21
  4   7  84   0   0   5|   0     0 |  12M  437k|   0     0 |1395  5037 |02-12 19:31:22
  4   5  87   0   0   4|   0     0 |  13M  440k|   0     0 |1322  5037 |02-12 19:31:23
  4   6  85   0   0   5|   0     0 |  13M  449k|   0     0 |1250  5067 |02-12 19:31:24
  3   5  87   0   0   6|   0     0 |  13M  439k|   0     0 |1178  4717 |02-12 19:31:25
  3   7  87   0   0   4|   0     0 |  13M  441k|   0     0 |1289  4638 |02-12 19:31:26
  4   5  88   0   0   2|   0     0 |  13M  444k|   0     0 |1193  4986 |02-12 19:31:27
  1   3  96   0   0   1|   0     0 |3479k  119k|   0     0 | 377  1355 |02-12 19:31:28
  3   3  92   0   0   2|   0     0 |5471k  180k|   0     0 | 496  1942 |02-12 19:31:29
  6   9  80   0   0   5|   0     0 |  12M  440k|   0     0 |1338  5119 |02-12 19:31:30
  2   3  92   2   0   2|   0    64k|4791k  159k|   0     0 | 434  1667 |02-12 19:31:31
  3   3  93   0   0   2|   0     0 |8045k  281k|   0     0 | 714  3070 |02-12 19:31:32
  3   5  91   0   0   1|   0     0 |5963k  207k|   0     0 | 485  2315 |02-12 19:31:33
  3   5  88   0   0   5|   0     0 |8313k  285k|   0     0 | 566  2839 |02-12 19:31:34
  3   4  89   0   0   4|   0     0 |9800k  336k|   0     0 | 925  3994 |02-12 19:31:35
  5   4  87   0   0   4|   0     0 |8260k  285k|   0     0 | 896  3571 |02-12 19:31:36
  1   3  96   0   0   0|   0     0 |2216k   75k|   0     0 | 176   705 |02-12 19:31:37
  3   4  90   0   0   3|   0     0 |8471k  290k|   0     0 | 763  3078 |02-12 19:31:38
  4   6  85   0   0   5|   0     0 |  12M  432k|   0     0 |1187  4428 |02-12 19:31:39
  3   4  91   0   0   3|   0     0 |8492k  290k|   0     0 | 778  3144 |02-12 19:31:40
  3   5  89   0   0   3|   0     0 |8721k  297k|   0     0 | 739  3351 |02-12 19:31:41
  3   4  89   0   0   4|   0  4096B|9346k  321k|   0     0 |1075  3963 |02-12 19:31:42
  1   2  95   0   0   2|   0     0 |3270k  113k|   0     0 | 291  1290 |02-12 19:31:43
  3   6  86   0   0   5|   0     0 |  12M  414k|   0     0 |1191  5046 |02-12 19:31:44
  3   7  87   0   0   3|   0     0 |  11M  403k|   0     0 |1193  5196 |02-12 19:31:45
  5   9  82   0   0   3|   0     0 |  13M  460k|   0     0 |1161  5191 |02-12 19:31:46
  3   8  85   0   0   4|   0     0 |  13M  441k|   0     0 |1315  5331 |02-12 19:31:47
  5   6  84   0   0   6|   0     0 |  13M  443k|   0     0 |1445  5413 |02-12 19:31:48
  3   7  85   0   0   5|   0     0 |  13M  450k|   0     0 |1381  5818 |02-12 19:31:49
  4   8  84   0   0   5|   0     0 |  13M  441k|   0     0 |1391  5615 |02-12 19:31:50
  5   6  85   0   0   5|   0     0 |  13M  451k|   0     0 |1405  5934 |02-12 19:31:51
  3   9  85   0   0   4|   0     0 |  13M  449k|   0     0 |1610  5759 |02-12 19:31:52
  6   6  84   0   0   5|   0     0 |  12M  438k|   0     0 |1538  5757 |02-12 19:31:53
  4   7  84   0   0   5|   0     0 |  13M  448k|   0     0 |1397  5837 |02-12 19:31:54
  2   6  85   0   0   6|   0     0 |  13M  457k|   0     0 |1307  5580 |02-12 19:31:55
  4   6  86   0   0   5|   0     0 |  13M  445k|   0     0 |1177  5056 |02-12 19:31:56
  3   6  86   0   0   5|   0     0 |  13M  441k|   0     0 |1268  5306 |02-12 19:31:57
  0   3  96   0   0   1|   0     0 |2409k   84k|   0     0 | 300  1112 |02-12 19:31:58
  1   0  99   0   0   0|   0     0 |4584B 4598B|   0     0 |  50   231 |02-12 19:31:59
  0   1 100   0   0   0|   0     0 |   0     0 |   0     0 |  39    78 |02-12 19:32:00
  1   0  99   0   0   0|   0     0 |5422B 2784B|   0     0 |  28    67 |02-12 19:32:01
  0   0 100   1   0   0|   0    84k|   0     0 |   0     0 |  26    63 |02-12 19:32:02
  0   0 100   0   0   0|   0     0 |   0     0 |   0     0 |  22    35 |02-12 19:32:03
  1   0  99   0   0   0|   0     0 |5422B 2784B|   0     0 |  26    77 |02-12 19:32:04
  0   1 100   0   0   0|   0     0 |   0     0 |   0     0 |  33    78 |02-12 19:32:05
  0   0 100   0   0   0|   0     0 |2112B 2112B|   0     0 |  24    40 |02-12 19:32:06
  1   1  99   0   0   0|   0     0 |5422B 2784B|   0     0 |  28    69 |02-12 19:32:07
  0   0 100   0   0   0|   0     0 |2112B 2112B|   0     0 |  24    45 |02-12 19:32:08
  1   1  99   0   0   0|   0     0 |2153B 2093B|   0     0 |  36    90 |02-12 19:32:09
  7   4  89   0   0   0|   0     0 |8280B 5212B|   0     0 | 211   766 |02-12 19:32:10
  0   0 100   0   0   0|   0     0 |   0     0 |   0     0 |  22    36 |02-12 19:32:11
  0   0 100   0   0   0|   0     0 |   0     0 |   0     0 |  23    37 |02-12 19:32:12
  0   0 100   0   0   0|   0     0 |5422B 2784B|   0     0 |  25    68 |02-12 19:32:13
  0   0 100   0   0   0|   0     0 |   0     0 |   0     0 |  23    51 |02-12 19:32:14
  1   1  99   0   0   0|   0     0 |   0     0 |   0     0 |  31    68 |02-12 19:32:15
  1   0  99   0   0   0|   0     0 |5422B 2784B|   0     0 |  30    72 |02-12 19:32:16
  0   0 100   0   0   0|   0  8192B|   0     0 |   0     0 |  22    52 |02-12 19:32:17
  0   0 100   0   0   0|   0     0 |   0     0 |   0     0 |  23    54 |02-12 19:32:18
  0   0 100   0   0   0|   0     0 |5422B 2784B|   0     0 |  29    75 |02-12 19:32:19
  1   0 100   0   0   0|   0     0 | 102B  192B|   0     0 |  36    75 |02-12 19:32:20
  0   0 100   0   0   0|   0     0 |   0     0 |   0     0 |  22    34 |02-12 19:32:21
  1   0  99   0   0   0|   0     0 |5422B 2784B|   0     0 |  28    70 |02-12 19:32:22
  0   0 100   0   0   0|   0     0 |   0     0 |   0     0 |  23    45 |02-12 19:32:23
  0   0 100   0   0   0|   0     0 |   0     0 |   0     0 |  23    41 |02-12 19:32:24
  8   2  90   0   0   0|   0     0 |8911B 5545B|   0     0 | 153   466 |02-12 19:32:25
  4   3  90   0   0   3|   0     0 |4249k  164k|   0     0 | 697  2959 |02-12 19:32:26
  4   7  82   0   0   8|   0     0 |  13M  453k|   0     0 |1847  6882 |02-12 19:32:27
  5   9  83   0   0   4|   0     0 |  13M  442k|   0     0 |1387  6040 |02-12 19:32:28
  3   6  85   0   0   6|   0     0 |  13M  440k|   0     0 |1484  5915 |02-12 19:32:29
  6   6  82   0   0   6|   0     0 |  13M  445k|   0     0 |1429  5328 |02-12 19:32:30
  5   7  84   0   0   5|   0     0 |  12M  437k|   0     0 |1221  4964 |02-12 19:32:31
  4   5  87   0   0   5|   0     0 |  12M  429k|   0     0 |1457  6094 |02-12 19:32:32
  3   6  86   1   0   4|   0    68k|  13M  445k|   0     0 |1402  5845 |02-12 19:32:33
  4   6  86   0   0   4|   0     0 |  12M  438k|   0     0 |1419  6245 |02-12 19:32:34
  4   6  86   0   0   4|   0     0 |  13M  437k|   0     0 |1652  6198 |02-12 19:32:35
  5   8  83   0   0   4|   0     0 |  13M  449k|   0     0 |1382  6263 |02-12 19:32:36
  3   8  83   0   0   6|   0     0 |  12M  439k|   0     0 |1291  5514 |02-12 19:32:37
  3   5  86   0   0   6|   0     0 |  12M  437k|   0     0 |1386  5581 |02-12 19:32:38
  4   8  86   0   0   2|   0     0 |  12M  434k|   0     0 |1348  5276 |02-12 19:32:39
  6   5  83   0   0   6|   0     0 |  13M  440k|   0     0 |1344  5310 |02-12 19:32:40
  3   6  86   0   0   5|   0     0 |  13M  443k|   0     0 |1677  6010 |02-12 19:32:41
  3   5  87   0   0   5|   0     0 |  12M  436k|   0     0 |1487  5968 |02-12 19:32:42
  6   7  82   0   0   5|   0  4096B|  13M  440k|   0     0 |1517  6048 |02-12 19:32:43
  3   7  83   0   0   6|   0     0 |  13M  451k|   0     0 |1334  5795 |02-12 19:32:44
  4   6  85   0   0   5|   0     0 |  12M  434k|   0     0 |1345  4893 |02-12 19:32:45
  4   8  85   0   0   4|   0     0 |  12M  440k|   0     0 |1096  4728 |02-12 19:32:46
  4   6  85   0   0   5|   0     0 |  12M  437k|   0     0 |1275  5302 |02-12 19:32:47
  5   8  83   0   0   4|   0  8192B|  13M  443k|   0     0 |1339  5214 |02-12 19:32:48
  5   7  83   0   0   5|   0     0 |  13M  444k|   0     0 |1397  5218 |02-12 19:32:49
  4   7  85   0   0   5|   0     0 |  13M  450k|   0     0 |1282  5221 |02-12 19:32:50
  4   5  87   0   0   5|   0     0 |  13M  447k|   0     0 |1452  5936 |02-12 19:32:51
  6   5  84   0   0   5|   0     0 |  13M  445k|   0     0 |1311  5181 |02-12 19:32:52
  4   5  85   0   0   7|   0     0 |  13M  445k|   0     0 |1405  5671 |02-12 19:32:53
  3   9  83   0   0   5|   0     0 |  13M  444k|   0     0 |1459  5492 |02-12 19:32:54
  4   8  83   0   0   6|   0     0 |  13M  442k|   0     0 |1419  5434 |02-12 19:32:55
  4   8  83   0   0   5|   0     0 |  13M  449k|   0     0 |1506  5538 |02-12 19:32:56
  4   7  86   0   0   4|   0     0 |  13M  454k|   0     0 |1401  4909 |02-12 19:32:57
  5   5  85   0   0   5|   0    16k|  13M  456k|   0     0 |1182  4803 |02-12 19:32:58
  4   6  85   0   0   6|   0     0 |  13M  446k|   0     0 |1196  4677 |02-12 19:32:59
  4   7  83   0   0   6|   0     0 |  13M  443k|   0     0 |1142  4765 |02-12 19:33:00
  3   6  87   0   0   4|   0     0 |  13M  443k|   0     0 |1125  5025 |02-12 19:33:01
  5   7  83   0   0   4|   0     0 |  13M  444k|   0     0 |1303  5120 |02-12 19:33:02
  5   6  75  11   0   4|   0    32k|  12M  439k|   0     0 |1115  4915 |02-12 19:33:03
  2   8  86   0   0   4|   0    52k|  13M  450k|   0     0 |1399  5133 |02-12 19:33:04
  5   7  85   0   0   4|   0     0 |  13M  449k|   0     0 |1097  4926 |02-12 19:33:05
  2   6  88   0   0   5|   0     0 |  13M  445k|   0     0 |1125  5179 |02-12 19:33:06
  4   6  87   0   0   4|   0     0 |  13M  444k|   0     0 |1350  5275 |02-12 19:33:07
  3   8  85   0   0   5|   0     0 |  13M  445k|   0     0 |1050  4794 |02-12 19:33:08
  3   7  86   0   0   4|   0     0 |  13M  440k|   0     0 |1171  4773 |02-12 19:33:09
  4   8  82   0   0   5|   0     0 |  13M  442k|   0     0 |1227  4885 |02-12 19:33:10
  4   7  84   0   0   5|   0     0 |  12M  428k|   0     0 |1185  4800 |02-12 19:33:11
  4   7  83   0   0   6|   0     0 |  12M  434k|   0     0 |1107  4640 |02-12 19:33:12
  7   5  84   0   0   5|   0     0 |  12M  435k|   0     0 |1140  4596 |02-12 19:33:13
  4   7  85   0   0   4|   0     0 |  12M  436k|   0     0 |1053  4362 |02-12 19:33:14
  4   8  83   0   0   5|   0     0 |  12M  436k|   0     0 |1390  5160 |02-12 19:33:15
  5   7  84   0   0   4|   0     0 |  13M  438k|   0     0 |1061  4453 |02-12 19:33:16
  6   7  84   0   0   3|   0     0 |  12M  430k|   0     0 |1062  4574 |02-12 19:33:17
  4   7  85   0   0   5|   0     0 |  13M  437k|   0     0 |1109  4490 |02-12 19:33:18
  3   6  86   0   0   6|   0  4096B|  13M  441k|   0     0 |1241  4641 |02-12 19:33:19
  5   8  83   0   0   5|   0     0 |  12M  440k|   0     0 |1140  4858 |02-12 19:33:20
  4   9  82   0   0   5|   0     0 |  12M  437k|   0     0 |1322  5367 |02-12 19:33:21
  4   5  87   0   0   4|   0     0 |  12M  436k|   0     0 |1257  5153 |02-12 19:33:22
  5   7  83   0   0   5|   0     0 |  13M  443k|   0     0 |1309  5185 |02-12 19:33:23
  4   6  87   0   0   4|   0     0 |  13M  443k|   0     0 |1373  5452 |02-12 19:33:24
  3   8  86   0   0   3|   0     0 |  12M  433k|   0     0 |1284  4950 |02-12 19:33:25
  2   3  94   0   0   2|   0     0 |4941k  172k|   0     0 | 473  2044 |02-12 19:33:26
  0   1  99   0   0   0|   0     0 |2472B 2486B|   0     0 |  53   208 |02-12 19:33:27
  0   0 100   0   0   0|   0     0 |   0     0 |   0     0 |  25    56 |02-12 19:33:28
  0   0 100   0   0   0|   0    16k|5422B 2784B|   0     0 |  28    70 |02-12 19:33:29
  0   1  99   0   0   0|   0     0 |   0     0 |   0     0 |  34    79 |02-12 19:33:30
  1   1  99   0   0   1|   0     0 |2680B 5564B|   0     0 |  48   121 |02-12 19:33:31
  0   0 100   0   0   0|   0     0 |5422B 2784B|   0     0 |  28    73 |02-12 19:33:32
  0   0 100   0   0   0|   0     0 |   0     0 |   0     0 |  19    28 |02-12 19:33:33
  0   0  98   2   0   0|   0    88k|   0     0 |   0     0 |  20    50 |02-12 19:33:34
  0   1  99   0   0   0|   0     0 |5422B 2784B|   0     0 |  40   102 |02-12 19:33:35
  0   0 100   0   0   0|   0     0 |   0     0 |   0     0 |  18    24 |02-12 19:33:36
  0   0 100   0   0   0|   0     0 |   0     0 |   0     0 |  18    25 |02-12 19:33:37
  0   0 100   0   0   0|   0     0 |5422B 2784B|   0     0 |  25    67 |02-12 19:33:38
  0   0 100   0   0   0|   0     0 |   0     0 |   0     0 |  18    24 |02-12 19:33:39
  1   1  99   0   0   0|   0     0 |2112B 2112B|   0     0 |  30    64 |02-12 19:33:40
  1   0 100   0   0   0|   0     0 |7534B 4896B|   0     0 |  25    74 |02-12 19:33:41
  1   1  99   0   0   0|   0     0 |1895B 1851B|   0     0 |  39   101 |02-12 19:33:42
  8   3  89   0   0   0|   0     0 |1792B 2026B|   0     0 | 189   543 |02-12 19:33:43
  1   1  98   0   0   0|   0     0 |6746B 3428B|   0     0 |  65   293 |02-12 19:33:44
  0   1  99   0   0   0|   0     0 |   0     0 |   0     0 |  40    97 |02-12 19:33:45
  0   0 100   0   0   0|   0     0 |   0     0 |   0     0 |  25    46 |02-12 19:33:46
  0   0 100   0   0   0|   0     0 |5844B 3496B|   0     0 |  25    74 |02-12 19:33:47
  0   0 100   0   0   0|   0     0 |   0     0 |   0     0 |  26    52 |02-12 19:33:48
  0   0 100   0   0   0|   0     0 |   0     0 |   0     0 |  25    49 |02-12 19:33:49
  1   0  99   0   0   0|   0     0 |5422B 2784B|   0     0 |  39   117 |02-12 19:33:50
  0   0 100   0   0   0|   0     0 |   0     0 |   0     0 |  22    36 |02-12 19:33:51
  0   0 100   0   0   0|   0     0 |   0     0 |   0     0 |  24    40 |02-12 19:33:52
  0   0 100   0   0   0|   0     0 |5422B 2784B|   0     0 |  26    65 |02-12 19:33:53
  0   0 100   0   0   0|   0     0 |   0     0 |   0     0 |  22    43 |02-12 19:33:54
  0   1  99   0   0   0|   0     0 |   0     0 |   0     0 |  38    82 |02-12 19:33:55
  0   0 100   0   0   0|   0     0 |5168B 2718B|   0     0 |  25    63 |02-12 19:33:56
  0   0 100   0   0   0|   0     0 | 254B   66B|   0     0 |  24    46 |02-12 19:33:57
  0   0 100   0   0   0|   0     0 | 102B  192B|   0     0 |  26    58 |02-12 19:33:58
  0   0 100   0   0   0|   0     0 |   0     0 |   0     0 |  23    32 |02-12 19:33:59
  2   1  98   0   0   0|   0     0 |7709B 4987B|   0     0 |  63   171 |02-12 19:34:00
  7   4  88   0   0   1|   0     0 | 671k   41k|   0     0 | 311   967 |02-12 19:34:01
  4   6  85   0   0   6|   0     0 |  13M  449k|   0     0 |1809  7034 |02-12 19:34:02
  4   5  86   0   0   5|   0     0 |  13M  441k|   0     0 |1402  5669 |02-12 19:34:03
  5   8  83   0   0   5|   0     0 |  12M  436k|   0     0 |1452  5747 |02-12 19:34:04
  4   7  84   2   0   5|   0    48k|  12M  436k|   0     0 |1220  4785 |02-12 19:34:05
  4   8  86   0   0   3|   0     0 |  13M  443k|   0     0 |1355  5155 |02-12 19:34:06
  4   8  86   0   0   2|   0     0 |  13M  448k|   0     0 |1322  5292 |02-12 19:34:07
  4   6  86   0   0   5|   0     0 |  13M  445k|   0     0 |1333  5321 |02-12 19:34:08
  5   6  85   0   0   5|   0     0 |  13M  444k|   0     0 |1436  5795 |02-12 19:34:09
  4   7  85   0   0   4|   0     0 |  13M  437k|   0     0 |1524  5826 |02-12 19:34:10
  3   6  87   0   0   5|   0     0 |  13M  444k|   0     0 |1525  5934 |02-12 19:34:11
  4   8  85   0   0   4|   0     0 |  13M  446k|   0     0 |1446  5857 |02-12 19:34:12
  4   7  84   0   0   5|   0     0 |  13M  446k|   0     0 |1512  5914 |02-12 19:34:13
  3   7  87   0   0   3|   0     0 |  12M  435k|   0     0 |1249  5020 |02-12 19:34:14
  5   6  85   0   0   4|   0    12k|  13M  443k|   0     0 |1331  5382 |02-12 19:34:15
  4   6  86   0   0   5|   0     0 |  13M  437k|   0     0 |1318  5126 |02-12 19:34:16
  3   6  86   0   0   5|   0     0 |  13M  439k|   0     0 |1321  5238 |02-12 19:34:17
  4   6  87   0   0   4|   0     0 |  13M  447k|   0     0 |1279  5107 |02-12 19:34:18
  4   6  85   0   0   5|   0     0 |  13M  449k|   0     0 |1289  5012 |02-12 19:34:19
  3   7  87   0   0   3|   0     0 |  13M  442k|   0     0 |1206  4702 |02-12 19:34:20
  5   7  85   0   0   4|   0     0 |  13M  449k|   0     0 |1282  5019 |02-12 19:34:21
  4   6  87   0   0   3|   0     0 |  13M  445k|   0     0 |1245  4872 |02-12 19:34:22
  3   5  88   0   0   5|   0     0 |  12M  407k|   0     0 |1212  4766 |02-12 19:34:23
  5   7  85   0   0   4|   0     0 |  13M  455k|   0     0 |1169  4879 |02-12 19:34:24
  3   6  86   0   0   5|   0     0 |  13M  450k|   0     0 |1356  5216 |02-12 19:34:25
  4   6  85   0   0   5|   0     0 |  13M  447k|   0     0 |1475  5965 |02-12 19:34:26
  5   7  84   0   0   4|   0     0 |  13M  446k|   0     0 |1451  5971 |02-12 19:34:27
  4   5  87   0   0   5|   0     0 |  13M  452k|   0     0 |1439  5742 |02-12 19:34:28
  4   5  84   0   0   7|   0     0 |  13M  449k|   0     0 |1565  6142 |02-12 19:34:29
  5   7  85   0   0   4|   0     0 |  13M  443k|   0     0 |1409  5712 |02-12 19:34:30
  3   7  86   0   0   4|   0    40k|  13M  444k|   0     0 |1334  5543 |02-12 19:34:31
  3   6  88   0   0   4|   0     0 |  13M  438k|   0     0 |1333  5478 |02-12 19:34:32
  3   7  87   0   0   3|   0     0 |  13M  451k|   0     0 |1437  5566 |02-12 19:34:33
  1   6  90   0   0   3|   0     0 |  13M  439k|   0     0 |1320  5367 |02-12 19:34:34
  6   7  82   1   0   5|   0    60k|  13M  444k|   0     0 |1358  5476 |02-12 19:34:35
  4   7  86   0   0   4|   0     0 |  13M  455k|   0     0 |1473  5820 |02-12 19:34:36
  5   7  84   0   0   4|   0     0 |  13M  438k|   0     0 |1401  5671 |02-12 19:34:37
  3   5  86   0   0   6|   0     0 |  13M  442k|   0     0 |1404  5739 |02-12 19:34:38
  3   6  88   0   0   3|   0     0 |  13M  448k|   0     0 |1394  5837 |02-12 19:34:39
  3   7  85   0   0   5|   0     0 |  13M  450k|   0     0 |1474  5911 |02-12 19:34:40
  3   5  88   0   0   4|   0     0 |  13M  452k|   0     0 |1294  5258 |02-12 19:34:41
  3   6  87   0   0   5|   0     0 |  13M  442k|   0     0 |1237  5034 |02-12 19:34:42
  4   8  84   0   0   3|   0     0 |  13M  447k|   0     0 |1279  5025 |02-12 19:34:43
  1   6  89   0   0   4|   0     0 |  13M  442k|   0     0 |1232  4863 |02-12 19:34:44
  6   5  84   0   0   5|   0     0 |  13M  448k|   0     0 |1214  4868 |02-12 19:34:45
  4   8  85   0   0   3|   0     0 |  13M  447k|   0     0 |1446  5538 |02-12 19:34:46
  4   6  86   0   0   4|   0     0 |  12M  436k|   0     0 |1347  5659 |02-12 19:34:47
  4   5  86   0   0   6|   0     0 |  13M  445k|   0     0 |1182  4934 |02-12 19:34:48
  3   6  86   0   0   5|   0     0 |  13M  441k|   0     0 |1228  5087 |02-12 19:34:49
  5   5  86   0   0   5|   0     0 |  13M  442k|   0     0 |1402  5531 |02-12 19:34:50
  4   7  85   0   0   4|   0     0 |  13M  448k|   0     0 |1431  5768 |02-12 19:34:51
  4   5  88   0   0   3|   0     0 |  13M  443k|   0     0 |1256  5066 |02-12 19:34:52
  3   5  87   0   0   5|   0     0 |  13M  439k|   0     0 |1290  5123 |02-12 19:34:53
  4   5  87   0   0   4|   0     0 |  13M  443k|   0     0 |1291  5099 |02-12 19:34:54
  5   6  86   0   0   3|   0     0 |  13M  439k|   0     0 |1286  5086 |02-12 19:34:55
  3   8  86   0   0   4|   0     0 |  12M  434k|   0     0 |1249  4827 |02-12 19:34:56
  5   7  84   0   0   5|   0     0 |  13M  450k|   0     0 |1318  5201 |02-12 19:34:57
  3   6  86   0   0   5|   0     0 |  13M  447k|   0     0 |1337  5447 |02-12 19:34:58
  2   8  86   0   0   5|   0     0 |  13M  442k|   0     0 |1417  5607 |02-12 19:34:59
  5   6  84   0   0   5|   0     0 |  13M  442k|   0     0 |1411  5541 |02-12 19:35:00
  3   3  92   0   0   3|   0     0 |8939k  304k|   0     0 | 998  3894 |02-12 19:35:01
  1   0  99   0   0   0|   0    24k|4584B 4598B|   0     0 |  52   236 |02-12 19:35:02
  0   0  99   0   0   0|   0     0 |5422B 2784B|   0     0 |  35    94 |02-12 19:35:03
  0   0 100   0   0   0|   0     0 |   0     0 |   0     0 |  24    36 |02-12 19:35:04
  0   1 100   0   0   0|   0     0 |   0     0 |   0     0 |  31    74 |02-12 19:35:05
  0   0  97   3   0   0|   0    56k|5168B 2718B|   0     0 |  32    74 |02-12 19:35:06
  0   0 100   0   0   0|   0    64k| 254B   66B|   0     0 |  24    57 |02-12 19:35:07
  0   0 100   0   0   0|   0     0 |   0     0 |   0     0 |  23    44 |02-12 19:35:08
  0   0 100   0   0   0|   0     0 |   0     0 |   0     0 |  22    34 |02-12 19:35:09
  1   0  99   0   0   0|   0     0 |7534B 4896B|   0     0 |  40   110 |02-12 19:35:10
  0   0 100   0   0   0|   0     0 |2112B 2112B|   0     0 |  24    38 |02-12 19:35:11
  0   0 100   0   0   0|   0     0 |   0     0 |   0     0 |  23    38 |02-12 19:35:12
  2   1  98   0   0   0|   0     0 |7251B 4635B|   0     0 |  41   116 |02-12 19:35:13
  8   2  90   0   0   0|   0     0 |1726B 2026B|   0     0 | 184   502 |02-12 19:35:14
  0   2  98   0   0   0|   0     0 |1324B  644B|   0     0 |  71   265 |02-12 19:35:15
  0   0 100   0   0   0|   0     0 |5422B 2784B|   0     0 |  32    84 |02-12 19:35:16
  0   0 100   0   0   0|   0     0 |   0     0 |   0     0 |  26    53 |02-12 19:35:17
  0   0 100   0   0   0|   0     0 |   0     0 |   0     0 |  24    54 |02-12 19:35:18
  1   0  99   0   0   0|   0     0 |5422B 2784B|   0     0 |  28    57 |02-12 19:35:19
  1   0 100   0   0   0|   0     0 |   0     0 |   0     0 |  35    75 |02-12 19:35:20
  0   0 100   0   0   0|   0     0 |   0     0 |   0     0 |  23    36 |02-12 19:35:21
  0   0 100   0   0   0|   0     0 |5422B 2784B|   0     0 |  27    83 |02-12 19:35:22
  0   0 100   0   0   0|   0     0 |   0     0 |   0     0 |  24    42 |02-12 19:35:23
  1   1  98   0   0   0|   0     0 |1911B 1917B|   0     0 |  37    83 |02-12 19:35:24
  8   3  89   0   0   0|   0     0 |7066B 4744B|   0     0 | 196   564 |02-12 19:35:25
