[7l----total-cpu-usage---- -dsk/total- -net/total- ---paging-- ---system-- ----system----
usr sys idl wai hiq siq| read  writ| recv  send|  in   out | int   csw |     time     
  2   2  94   1   0   2|  15k   56k|   0     0 |   0     0 | 507  1976 |02-12 19:17:13
  1   0 100   0   0   0|   0     0 |5524B 2850B|   0     0 |  29    98 |02-12 19:17:14
  0   0  99   2   0   0|   0    60k|   0     0 |   0     0 |  25    46 |02-12 19:17:15
  0   0 100   0   0   0|   0     0 |   0     0 |   0     0 |  24    34 |02-12 19:17:16
  1   0  99   0   0   0|   0     0 |5422B 2784B|   0     0 |  35   106 |02-12 19:17:17
  0   0 100   0   0   0|   0     0 |   0     0 |   0     0 |  23    60 |02-12 19:17:18
  0   0 100   0   0   0|   0     0 |   0     0 |   0     0 |  23    40 |02-12 19:17:19
  1   0  99   0   0   0|   0     0 |5422B 2784B|   0     0 |  24    58 |02-12 19:17:20
  1   0  99   0   0   0|   0  8192B|1911B 1917B|   0     0 |  37    88 |02-12 19:17:21
  8   5  87   0   0   1|   0     0 |  12k   16k|   0     0 | 201   590 |02-12 19:17:22
  2   2  95   0   0   2|   0     0 |3835k  136k|   0     0 | 494  2127 |02-12 19:17:23
  2   2  95   0   0   1|   0     0 |4290k  144k|   0     0 | 635  2460 |02-12 19:17:24
  1   2  96   0   0   2|   0     0 |4329k  146k|   0     0 | 607  2353 |02-12 19:17:25
  1   2  95   0   0   2|   0     0 |4317k  148k|   0     0 | 497  2183 |02-12 19:17:26
  1   2  94   0   0   3|   0     0 |4347k  146k|   0     0 | 588  2369 |02-12 19:17:27
  2   3  94   0   0   2|   0     0 |4255k  143k|   0     0 | 555  2214 |02-12 19:17:28
  3   3  92   0   0   3|   0     0 |4385k  152k|   0     0 | 568  2440 |02-12 19:17:29
  1   1  95   0   0   3|   0     0 |4290k  144k|   0     0 | 553  2394 |02-12 19:17:30
  1   2  96   0   0   2|   0  4096B|4334k  146k|   0     0 | 566  2426 |02-12 19:17:31
  2   4  92   0   0   1|   0     0 |4348k  149k|   0     0 | 523  2271 |02-12 19:17:32
  2   2  95   0   0   2|   0     0 |4312k  145k|   0     0 | 488  2318 |02-12 19:17:33
  2   2  95   0   0   2|   0     0 |4443k  149k|   0     0 | 580  2572 |02-12 19:17:34
  2   3  93   0   0   2|   0     0 |4352k  150k|   0     0 | 570  2417 |02-12 19:17:35
  1   2  96   0   0   1|   0     0 |4382k  147k|   0     0 | 535  2356 |02-12 19:17:36
  1   3  94   0   0   2|   0     0 |4364k  147k|   0     0 | 505  2343 |02-12 19:17:37
  2   3  94   0   0   2|   0     0 |4352k  149k|   0     0 | 487  2322 |02-12 19:17:38
  2   3  94   0   0   2|   0     0 |4273k  144k|   0     0 | 515  2339 |02-12 19:17:39
  1   3  94   0   0   3|   0     0 |4286k  144k|   0     0 | 588  2388 |02-12 19:17:40
  2   2  95   0   0   2|   0     0 |4299k  149k|   0     0 | 563  2421 |02-12 19:17:41
  2   3  94   0   0   2|   0     0 |4231k  144k|   0     0 | 496  2268 |02-12 19:17:42
  2   3  93   0   0   3|   0     0 |4349k  147k|   0     0 | 584  2327 |02-12 19:17:43
  2   2  95   0   0   2|   0     0 |4278k  146k|   0     0 | 482  2268 |02-12 19:17:44
  2   2  96   0   0   1|   0     0 |4299k  145k|   0     0 | 463  2272 |02-12 19:17:45
  1   1  95   1   0   2|   0    84k|4294k  145k|   0     0 | 532  2408 |02-12 19:17:46
  1   4  93   0   0   2|   0     0 |4273k  146k|   0     0 | 602  2399 |02-12 19:17:47
  1   3  95   0   0   2|   0     0 |4260k  143k|   0     0 | 567  2306 |02-12 19:17:48
  2   2  94   0   0   2|   0     0 |4329k  146k|   0     0 | 494  2161 |02-12 19:17:49
  1   2  96   0   0   2|   0     0 |4295k  147k|   0     0 | 486  2153 |02-12 19:17:50
  1   2  95   0   0   3|   0     0 |4299k  144k|   0     0 | 588  2324 |02-12 19:17:51
  2   3  94   0   0   1|   0     0 |4268k  144k|   0     0 | 505  2220 |02-12 19:17:52
  3   3  93   0   0   1|   0     0 |4300k  147k|   0     0 | 594  2183 |02-12 19:17:53
  1   2  95   0   0   2|   0     0 |4286k  144k|   0     0 | 560  2236 |02-12 19:17:54
  2   2  95   0   0   2|   0     0 |4355k  146k|   0     0 | 587  2420 |02-12 19:17:55
  2   3  93   0   0   2|   0    20k|4286k  145k|   0     0 | 507  2323 |02-12 19:17:56
  1   2  97   0   0   1|   0     0 |4295k  146k|   0     0 | 533  2382 |02-12 19:17:57
  1   3  95   0   0   2|   0     0 |4268k  144k|   0     0 | 438  2276 |02-12 19:17:58
  2   3  94   0   0   2|   0     0 |4281k  144k|   0     0 | 559  2306 |02-12 19:17:59
  1   3  94   0   0   3|   0     0 |4278k  146k|   0     0 | 539  2391 |02-12 19:18:00
  1   2  96   0   0   2|   0     0 |4551k  153k|   0     0 | 539  2519 |02-12 19:18:01
  1   2  96   0   0   2|   0     0 |4347k  146k|   0     0 | 559  2396 |02-12 19:18:02
  1   4  93   0   0   2|   0     0 |4448k  152k|   0     0 | 497  2491 |02-12 19:18:03
  1   3  93   0   0   2|   0     0 |4273k  144k|   0     0 | 523  2173 |02-12 19:18:04
  2   2  95   0   0   2|   0     0 |4368k  147k|   0     0 | 583  2390 |02-12 19:18:05
  2   1  94   0   0   3|   0     0 |4291k  147k|   0     0 | 511  2322 |02-12 19:18:06
  1   3  94   0   0   3|   0     0 |4273k  144k|   0     0 | 519  2255 |02-12 19:18:07
  1   2  94   0   0   4|   0     0 |4281k  144k|   0     0 | 518  2123 |02-12 19:18:08
  2   2  94   0   0   2|   0     0 |4321k  148k|   0     0 | 523  2275 |02-12 19:18:09
  1   3  94   0   0   2|   0     0 |4360k  147k|   0     0 | 528  2354 |02-12 19:18:10
  1   2  95   0   0   2|   0     0 |4294k  144k|   0     0 | 527  2328 |02-12 19:18:11
  2   2  95   0   0   2|   0     0 |4261k  146k|   0     0 | 490  2125 |02-12 19:18:12
  2   2  94   0   0   2|   0     0 |4303k  145k|   0     0 | 590  2472 |02-12 19:18:13
  1   3  94   0   0   2|   0     0 |4264k  143k|   0     0 | 546  2329 |02-12 19:18:14
  2   2  95   0   0   1|   0     0 |4291k  147k|   0     0 | 599  2381 |02-12 19:18:15
  1   3  93   2   0   2|   0    20k|4408k  148k|   0     0 | 508  2428 |02-12 19:18:16
  2   3  94   0   0   1|   0  8192B|4381k  147k|   0     0 | 489  2415 |02-12 19:18:17
  3   2  94   0   0   2|   0     0 |4278k  146k|   0     0 | 588  2376 |02-12 19:18:18
  2   2  93   0   0   3|   0     0 |4281k  144k|   0     0 | 574  2285 |02-12 19:18:19
  0   3  95   0   0   2|   0     0 |4260k  143k|   0     0 | 473  2300 |02-12 19:18:20
  1   2  95   0   0   2|   0     0 |4296k  148k|   0     0 | 574  2355 |02-12 19:18:21
  1   1  95   0   0   3|   0     0 |4125k  137k|   0     0 | 523  2316 |02-12 19:18:22
  0   1  99   0   0   0|   0     0 |4224B 4466B|   0     0 |  34   111 |02-12 19:18:23
  1   1  99   0   0   0|   0     0 |5782B 2916B|   0     0 |  48   199 |02-12 19:18:24
  0   0 100   0   0   0|   0     0 |   0     0 |   0     0 |  23    34 |02-12 19:18:25
  0   0 100   0   0   0|   0     0 |   0     0 |   0     0 |  23    38 |02-12 19:18:26
  1   0 100   0   0   0|   0     0 |5422B 2784B|   0     0 |  29    68 |02-12 19:18:27
  0   0  99   0   0   0|   0     0 |   0     0 |   0     0 |  33    98 |02-12 19:18:28
  1   0  99   0   0   0|   0     0 |2247B 2354B|   0     0 |  43   118 |02-12 19:18:29
  1   0  99   0   0   0|   0     0 |5422B 2784B|   0     0 |  27    79 |02-12 19:18:30
  0   0 100   0   0   0|   0     0 |2112B 2112B|   0     0 |  23    35 |02-12 19:18:31
  0   0 100   0   0   0|   0    16k|2112B 2112B|   0     0 |  23    63 |02-12 19:18:32
  1   0  99   0   0   0|   0     0 |5422B 2784B|   0     0 |  40   109 |02-12 19:18:33
  1   1  99   0   0   0|   0     0 |1895B 1851B|   0     0 |  39    80 |02-12 19:18:34
  7   3  90   0   0   0|   0     0 |2756B 2538B|   0     0 | 182   523 |02-12 19:18:35
  1   1  98   0   0   0|   0     0 |6204B 3628B|   0     0 |  43   215 |02-12 19:18:36
  0   0 100   0   0   0|   0     0 | 204B  270B|   0     0 |  21    39 |02-12 19:18:37
  0   1 100   0   0   0|   0     0 |   0     0 |   0     0 |  34   107 |02-12 19:18:38
  1   0  99   0   0   0|   0     0 |5422B 2784B|   0     0 |  25    72 |02-12 19:18:39
  0   0 100   0   0   0|   0     0 |   0     0 |   0     0 |  23    55 |02-12 19:18:40
  0   0 100   0   0   0|   0     0 |   0     0 |   0     0 |  23    49 |02-12 19:18:41
  1   0 100   0   0   0|   0     0 |5422B 2784B|   0     0 |  24    66 |02-12 19:18:42
  0   1 100   0   0   0|   0     0 |   0     0 |   0     0 |  34    74 |02-12 19:18:43
  0   0 100   0   0   0|   0     0 |   0     0 |   0     0 |  25    67 |02-12 19:18:44
  1   0 100   0   0   0|   0     0 |5422B 2784B|   0     0 |  25    67 |02-12 19:18:45
  0   0 100   0   0   0|   0     0 |   0     0 |   0     0 |  22    37 |02-12 19:18:46
  0   0  99   2   0   0|   0    24k|   0     0 |   0     0 |  25    47 |02-12 19:18:47
  0   1  99   0   0   0|   0    20k|5422B 2784B|   0     0 |  32   123 |02-12 19:18:48
  0   0 100   0   0   0|   0     0 |   0     0 |   0     0 |  24    36 |02-12 19:18:49
  0   0 100   0   0   0|   0     0 |   0     0 |   0     0 |  24    57 |02-12 19:18:50
  1   0  99   0   0   0|   0     0 |5669B 3031B|   0     0 |  31    85 |02-12 19:18:51
  7   2  91   0   0   0|   0     0 |3242B 2448B|   0     0 | 136   371 |02-12 19:18:52
  2   4  94   0   0   2|   0     0 |1978k   85k|   0     0 | 368  1581 |02-12 19:18:53
  1   3  93   0   0   3|   0     0 |4304k  148k|   0     0 | 547  2400 |02-12 19:18:54
  2   3  94   0   0   2|   0     0 |4238k  142k|   0     0 | 585  2462 |02-12 19:18:55
  2   3  95   0   0   1|   0     0 |4308k  145k|   0     0 | 570  2312 |02-12 19:18:56
  1   2  95   0   0   2|   0     0 |4274k  146k|   0     0 | 546  2199 |02-12 19:18:57
  1   3  94   0   0   2|   0  8192B|4260k  143k|   0     0 | 582  2296 |02-12 19:18:58
  1   3  94   0   0   2|   0     0 |4303k  145k|   0     0 | 555  2412 |02-12 19:18:59
  1   2  94   0   0   3|   0     0 |4287k  146k|   0     0 | 578  2349 |02-12 19:19:00
  3   2  94   0   0   1|   0     0 |4294k  144k|   0     0 | 568  2290 |02-12 19:19:01
  3   1  95   0   0   1|   0     0 |4260k  143k|   0     0 | 584  2332 |02-12 19:19:02
  3   3  93   0   0   2|   0     0 |4300k  147k|   0     0 | 533  2129 |02-12 19:19:03
  2   3  94   0   0   2|   0     0 |4268k  144k|   0     0 | 578  2265 |02-12 19:19:04
  2   2  92   0   0   3|   0     0 |4312k  145k|   0     0 | 554  2159 |02-12 19:19:05
  2   2  94   0   0   2|   0     0 |4269k  146k|   0     0 | 490  2173 |02-12 19:19:06
  2   3  93   0   0   1|   0     0 |4368k  147k|   0     0 | 517  2322 |02-12 19:19:07
  2   2  94   0   0   2|   0  4096B|4268k  144k|   0     0 | 542  2296 |02-12 19:19:08
  2   3  95   0   0   1|   0     0 |4313k  148k|   0     0 | 496  2247 |02-12 19:19:09
  2   2  95   0   0   2|   0     0 |4290k  144k|   0     0 | 504  2216 |02-12 19:19:10
  2   2  94   0   0   3|   0     0 |4321k  146k|   0     0 | 521  2333 |02-12 19:19:11
  3   1  95   0   0   1|   0     0 |4263k  145k|   0     0 | 561  2270 |02-12 19:19:12
  1   4  93   0   0   2|   0     0 |4237k  147k|   0     0 | 581  2401 |02-12 19:19:13
  2   3  94   0   0   3|   0     0 |4323k  147k|   0     0 | 512  2242 |02-12 19:19:14
  2   2  94   0   0   2|   0     0 |4294k  145k|   0     0 | 560  2241 |02-12 19:19:15
  1   2  95   0   0   2|   0     0 |4356k  149k|   0     0 | 566  2287 |02-12 19:19:16
  1   2  93   0   0   4|   0     0 |4286k  144k|   0     0 | 514  2295 |02-12 19:19:17
  2   5  92   1   0   1|   0    48k|4325k  145k|   0     0 | 504  2231 |02-12 19:19:18
  3   3  93   0   0   2|   0     0 |4265k  146k|   0     0 | 473  2061 |02-12 19:19:19
  1   3  95   0   0   2|   0     0 |4312k  145k|   0     0 | 457  2089 |02-12 19:19:20
  1   3  95   0   0   2|   0     0 |4320k  145k|   0     0 | 461  2217 |02-12 19:19:21
  1   2  94   0   0   3|   0     0 |4282k  146k|   0     0 | 502  2196 |02-12 19:19:22
  0   3  94   0   0   3|   0    20k|4316k  146k|   0     0 | 496  2181 |02-12 19:19:23
  1   2  95   0   0   2|   0     0 |4264k  144k|   0     0 | 543  2347 |02-12 19:19:24
  1   1  96   0   0   2|   0     0 |4348k  149k|   0     0 | 534  2233 |02-12 19:19:25
  1   2  96   0   0   2|   0     0 |4281k  144k|   0     0 | 533  2347 |02-12 19:19:26
  2   2  93   0   0   4|   0     0 |4347k  146k|   0     0 | 538  2239 |02-12 19:19:27
  2   3  94   0   0   1|   0     0 |4304k  147k|   0     0 | 521  2278 |02-12 19:19:28
  2   3  93   0   0   2|   0     0 |4258k  148k|   0     0 | 505  2225 |02-12 19:19:29
  1   2  95   0   0   2|   0     0 |4294k  144k|   0     0 | 525  2340 |02-12 19:19:30
  1   2  95   0   0   2|   0     0 |4308k  147k|   0     0 | 528  2378 |02-12 19:19:31
  1   2  95   0   0   3|   0     0 |4260k  143k|   0     0 | 510  2266 |02-12 19:19:32
  1   3  95   0   0   1|   0     0 |4316k  145k|   0     0 | 499  2228 |02-12 19:19:33
  2   3  93   0   0   3|   0     0 |4265k  146k|   0     0 | 521  2254 |02-12 19:19:34
  1   3  95   0   0   1|   0     0 |4329k  146k|   0     0 | 494  2147 |02-12 19:19:35
  1   2  96   0   0   2|   0     0 |4307k  144k|   0     0 | 509  2289 |02-12 19:19:36
  2   2  95   0   0   2|   0     0 |4283k  148k|   0     0 | 517  2327 |02-12 19:19:37
  2   3  93   0   0   2|   0     0 |4285k  144k|   0     0 | 567  2344 |02-12 19:19:38
  2   3  95   0   0   1|   0     0 |4286k  144k|   0     0 | 538  2421 |02-12 19:19:39
  2   2  95   0   0   1|   0     0 |4278k  146k|   0     0 | 530  2354 |02-12 19:19:40
  2   2  94   0   0   3|   0     0 |4277k  144k|   0     0 | 540  2375 |02-12 19:19:41
  2   1  95   0   0   2|   0     0 |4290k  144k|   0     0 | 522  2221 |02-12 19:19:42
  1   4  93   0   0   2|   0     0 |4300k  147k|   0     0 | 557  2391 |02-12 19:19:43
  2   2  95   0   0   1|   0     0 |4299k  144k|   0     0 | 539  2452 |02-12 19:19:44
  1   3  93   0   0   2|   0     0 |4293k  143k|   0     0 | 501  2307 |02-12 19:19:45
  2   2  94   0   0   2|   0     0 |4266k  147k|   0     0 | 524  2266 |02-12 19:19:46
  1   3  94   0   0   2|   0     0 |4311k  144k|   0     0 | 525  2324 |02-12 19:19:47
  1   3  94   1   0   1|   0    44k|4295k  145k|   0     0 | 503  2224 |02-12 19:19:48
  3   2  93   0   0   2|   0    52k|4261k  146k|   0     0 | 529  2276 |02-12 19:19:49
  1   4  94   0   0   3|   0     0 |4286k  144k|   0     0 | 469  2231 |02-12 19:19:50
  1   1  97   0   0   2|   0     0 |4277k  144k|   0     0 | 500  2217 |02-12 19:19:51
  2   2  95   0   0   2|   0     0 |4295k  147k|   0     0 | 528  2298 |02-12 19:19:52
  0   1  97   0   0   1|   0     0 |1695k   55k|   0     0 | 233   924 |02-12 19:19:53
  1   1  98   0   0   0|   0    24k|4584B 4598B|   0     0 |  43   242 |02-12 19:19:54
  1   0  99   0   0   0|   0     0 |5422B 2784B|   0     0 |  24    64 |02-12 19:19:55
  0   0 100   0   0   0|   0     0 |   0     0 |   0     0 |  18    24 |02-12 19:19:56
  0   0 100   0   0   0|   0     0 |   0     0 |   0     0 |  19    24 |02-12 19:19:57
  0   1  99   0   0   0|   0     0 |5422B 2784B|   0     0 |  39   101 |02-12 19:19:58
  0   0 100   0   0   0|   0     0 |   0     0 |   0     0 |  23    30 |02-12 19:19:59
  0   0 100   0   0   0|   0     0 |   0     0 |   0     0 |  19    35 |02-12 19:20:00
  1   0 100   0   0   0|   0     0 |7534B 4896B|   0     0 |  30    73 |02-12 19:20:01
  0   0 100   0   0   0|   0     0 |   0     0 |   0     0 |  18    30 |02-12 19:20:02
  1   1  99   0   0   0|   0     0 |   0     0 |   0     0 |  33    68 |02-12 19:20:03
  1   0 100   0   0   0|   0     0 |7534B 4896B|   0     0 |  23    76 |02-12 19:20:04
  0   0 100   0   0   0|   0     0 |   0     0 |   0     0 |  23    54 |02-12 19:20:05
  0   0 100   0   0   0|   0     0 |   0     0 |   0     0 |  24    46 |02-12 19:20:06
  0   0 100   0   0   0|   0     0 |5496B 2858B|   0     0 |  28    74 |02-12 19:20:07
  1   1  98   0   0   0|   0     0 |2519B 2527B|   0     0 |  58   180 |02-12 19:20:08
  7   4  89   0   0   0|   0     0 |2286B 1920B|   0     0 | 187   638 |02-12 19:20:09
  0   0 100   0   0   0|   0     0 |5422B 2784B|   0     0 |  20    67 |02-12 19:20:10
  0   0 100   0   0   0|   0     0 |   0     0 |   0     0 |  19    22 |02-12 19:20:11
  0   0 100   0   0   0|   0     0 |   0     0 |   0     0 |  18    26 |02-12 19:20:12
  0   1  99   0   0   0|   0     0 |5422B 2784B|   0     0 |  34   102 |02-12 19:20:13
  0   0 100   0   0   0|   0     0 |   0     0 |   0     0 |  19    37 |02-12 19:20:14
  0   0 100   0   0   0|   0     0 |   0     0 |   0     0 |  22    41 |02-12 19:20:15
  1   0 100   0   0   0|   0     0 |5422B 2784B|   0     0 |  22    58 |02-12 19:20:16
  0   0 100   0   0   0|   0     0 |   0     0 |   0     0 |  18    24 |02-12 19:20:17
  0   0  99   1   0   0|   0    28k|   0     0 |   0     0 |  32    89 |02-12 19:20:18
  0   1 100   0   0   0|   0     0 |5422B 2784B|   0     0 |  21    60 |02-12 19:20:19
  0   0 100   0   0   0|   0     0 |   0     0 |   0     0 |  20    37 |02-12 19:20:20
  0   0 100   0   0   0|   0     0 |   0     0 |   0     0 |  19    26 |02-12 19:20:21
  1   0 100   0   0   0|   0     0 |5422B 2784B|   0     0 |  19    61 |02-12 19:20:22
  0   0 100   0   0   0|   0     0 |   0     0 |   0     0 |  33   102 |02-12 19:20:23
  0   0 100   0   0   0|   0     0 |   0     0 |   0     0 |  23    44 |02-12 19:20:24
  1   1  99   0   0   0|   0    12k|5669B 3031B|   0     0 |  32   116 |02-12 19:20:25
  6   2  92   0   0   0|   0     0 |3374B 2514B|   0     0 | 132   371 |02-12 19:20:26
  2   2  94   0   0   2|   0     0 |2182k   93k|   0     0 | 412  1616 |02-12 19:20:27
  2   2  94   0   0   3|   0     0 |4278k  146k|   0     0 | 568  2465 |02-12 19:20:28
  2   3  94   0   0   2|   0     0 |4389k  153k|   0     0 | 605  2615 |02-12 19:20:29
  2   3  93   0   0   3|   0     0 |4273k  144k|   0     0 | 535  2354 |02-12 19:20:30
  2   3  94   0   0   2|   0     0 |4304k  147k|   0     0 | 512  2343 |02-12 19:20:31
  2   2  95   0   0   1|   0     0 |4269k  144k|   0     0 | 474  2130 |02-12 19:20:32
  1   3  94   0   0   2|   0     0 |4273k  144k|   0     0 | 494  2149 |02-12 19:20:33
  2   3  94   0   0   1|   0     0 |4299k  147k|   0     0 | 503  2175 |02-12 19:20:34
  3   2  94   0   0   2|   0     0 |4255k  143k|   0     0 | 508  2194 |02-12 19:20:35
  1   2  95   0   0   2|   0     0 |4303k  145k|   0     0 | 526  2260 |02-12 19:20:36
  1   1  94   0   0   3|   0     0 |4273k  144k|   0     0 | 496  2178 |02-12 19:20:37
  2   3  93   0   0   2|   0     0 |4283k  147k|   0     0 | 499  2152 |02-12 19:20:38
  1   2  97   0   0   1|   0     0 |4316k  145k|   0     0 | 560  2304 |02-12 19:20:39
  1   2  94   0   0   3|   0  4096B|4334k  145k|   0     0 | 521  2175 |02-12 19:20:40
  2   2  94   0   0   3|   0     0 |4352k  149k|   0     0 | 514  2238 |02-12 19:20:41
  2   3  94   0   0   2|   0     0 |4307k  145k|   0     0 | 563  2305 |02-12 19:20:42
  2   3  94   0   0   2|   0     0 |4268k  143k|   0     0 | 523  2228 |02-12 19:20:43
  1   2  95   0   0   2|   0     0 |4304k  147k|   0     0 | 528  2386 |02-12 19:20:44
  1   4  94   0   0   1|   0     0 |4333k  146k|   0     0 | 574  2352 |02-12 19:20:45
  1   2  94   0   0   3|   0     0 |4290k  147k|   0     0 | 552  2329 |02-12 19:20:46
  2   3  94   0   0   2|   0     0 |4243k  148k|   0     0 | 567  2407 |02-12 19:20:47
  2   3  93   0   0   2|   0     0 |4425k  149k|   0     0 | 554  2283 |02-12 19:20:48
  2   1  94   2   0   2|   0    60k|4300k  145k|   0     0 | 505  2292 |02-12 19:20:49
  2   3  93   0   0   2|   0    44k|4289k  146k|   0     0 | 463  2217 |02-12 19:20:50
  1   2  95   0   0   2|   0     0 |4277k  145k|   0     0 | 516  2293 |02-12 19:20:51
  3   2  94   0   0   2|   0     0 |4330k  145k|   0     0 | 516  2394 |02-12 19:20:52
  2   2  94   0   0   2|   0     0 |4278k  147k|   0     0 | 502  2271 |02-12 19:20:53
  1   2  94   0   0   3|   0     0 |4351k  146k|   0     0 | 502  2221 |02-12 19:20:54
  2   1  97   0   0   1|   0     0 |4299k  145k|   0     0 | 462  2201 |02-12 19:20:55
  1   3  94   0   0   2|   0    24k|4278k  147k|   0     0 | 537  2344 |02-12 19:20:56
  1   2  95   0   0   2|   0     0 |4311k  145k|   0     0 | 502  2201 |02-12 19:20:57
  1   4  94   0   0   2|   0     0 |4268k  143k|   0     0 | 509  2319 |02-12 19:20:58
  1   2  94   0   0   3|   0     0 |4287k  147k|   0     0 | 531  2317 |02-12 19:20:59
  1   3  95   0   0   1|   0     0 |4286k  145k|   0     0 | 538  2395 |02-12 19:21:00
  2   3  94   0   0   2|   0     0 |4277k  144k|   0     0 | 528  2232 |02-12 19:21:01
  2   3  93   0   0   2|   0     0 |4296k  148k|   0     0 | 511  2376 |02-12 19:21:02
  1   2  95   0   0   3|   0     0 |4320k  145k|   0     0 | 499  2210 |02-12 19:21:03
  2   3  94   0   0   2|   0     0 |4247k  143k|   0     0 | 508  2155 |02-12 19:21:04
  2   2  95   0   0   2|   0     0 |4312k  147k|   0     0 | 407  2224 |02-12 19:21:05
  1   3  94   0   0   3|   0     0 |4347k  147k|   0     0 | 383  2221 |02-12 19:21:06
  2   3  95   0   0   1|   0     0 |4264k  144k|   0     0 | 523  2281 |02-12 19:21:07
  2   3  94   0   0   2|   0     0 |4313k  148k|   0     0 | 490  2210 |02-12 19:21:08
  1   1  96   0   0   2|   0     0 |4320k  145k|   0     0 | 481  2157 |02-12 19:21:09
  1   2  95   0   0   2|   0     0 |4285k  143k|   0     0 | 500  2306 |02-12 19:21:10
  2   2  95   0   0   2|   0     0 |4287k  148k|   0     0 | 509  2175 |02-12 19:21:11
  1   2  95   0   0   2|   0     0 |4316k  144k|   0     0 | 487  2100 |02-12 19:21:12
  2   2  94   0   0   2|   0     0 |4252k  144k|   0     0 | 485  2135 |02-12 19:21:13
  2   2  95   0   0   1|   0     0 |4321k  148k|   0     0 | 506  2201 |02-12 19:21:14
  1   3  94   0   0   4|   0     0 |4268k  144k|   0     0 | 553  2226 |02-12 19:21:15
  1   2  94   0   0   3|   0     0 |4325k  145k|   0     0 | 538  2268 |02-12 19:21:16
  0   3  93   0   0   3|   0     0 |4269k  146k|   0     0 | 479  2184 |02-12 19:21:17
  0   2  96   0   0   2|   0     0 |4364k  147k|   0     0 | 574  2380 |02-12 19:21:18
  2   1  95   1   0   2|   0    24k|4303k  145k|   0     0 | 537  2338 |02-12 19:21:19
  2   3  92   0   0   3|   0     0 |4418k  151k|   0     0 | 574  2290 |02-12 19:21:20
  1   1  96   0   0   2|   0     0 |4224k  142k|   0     0 | 552  2179 |02-12 19:21:21
  1   3  93   0   0   3|   0     0 |4351k  146k|   0     0 | 547  2172 |02-12 19:21:22
  3   2  94   0   0   2|   0     0 |4317k  148k|   0     0 | 528  2014 |02-12 19:21:23
  1   1  95   0   0   3|   0     0 |4277k  143k|   0     0 | 529  2149 |02-12 19:21:24
  1   2  96   0   0   1|   0     0 |4281k  143k|   0     0 | 570  2210 |02-12 19:21:25
  2   2  94   0   0   2|   0     0 |4387k  150k|   0     0 | 479  2198 |02-12 19:21:26
  1   1  98   0   0   1|   0    24k|1708k   56k|   0     0 | 235   949 |02-12 19:21:27
  1   1  99   0   0   0|   0     0 |4584B 4598B|   0     0 |  79   294 |02-12 19:21:28
  1   0 100   0   0   0|   0     0 |5422B 2784B|   0     0 |  27    71 |02-12 19:21:29
  1   1  99   0   0   0|   0     0 |2680B 5564B|   0     0 |  51   127 |02-12 19:21:30
  0   0 100   0   0   0|   0     0 |   0     0 |   0     0 |  23    36 |02-12 19:21:31
  0   1 100   0   0   0|   0     0 |5422B 2784B|   0     0 |  25    73 |02-12 19:21:32
  1   0  99   0   0   0|   0     0 |   0     0 |   0     0 |  36    76 |02-12 19:21:33
  0   0 100   0   0   0|   0     0 |   0     0 |   0     0 |  24    52 |02-12 19:21:34
  0   0 100   0   0   0|   0     0 |7534B 4896B|   0     0 |  24    64 |02-12 19:21:35
  0   0 100   0   0   0|   0     0 |   0     0 |   0     0 |  23    46 |02-12 19:21:36
  0   0 100   0   0   0|   0     0 |   0     0 |   0     0 |  23    39 |02-12 19:21:37
  0   1  99   0   0   0|   0     0 |7956B 5608B|   0     0 |  37   127 |02-12 19:21:38
  0   1 100   0   0   0|   0     0 |1715B 1355B|   0     0 |  38    83 |02-12 19:21:39
  1   0  99   0   0   0|   0     0 |1010B 1644B|   0     0 |  45    99 |02-12 19:21:40
  8   4  88   0   0   1|   0     0 |8146B 4848B|   0     0 | 202   699 |02-12 19:21:41
  0   0 100   0   0   0|   0     0 |   0     0 |   0     0 |  21    41 |02-12 19:21:42
  0   0 100   0   0   0|   0     0 |   0     0 |   0     0 |  37    84 |02-12 19:21:43
  1   0  99   0   0   0|   0     0 |5168B 2718B|   0     0 |  31   160 |02-12 19:21:44
  0   0 100   0   0   0|   0     0 | 254B   66B|   0     0 |  19    37 |02-12 19:21:45
  0   0 100   0   0   0|   0     0 |   0     0 |   0     0 |  18    28 |02-12 19:21:46
  0   0 100   0   0   0|   0     0 |   0     0 |   0     0 |  19    37 |02-12 19:21:47
  1   0  99   0   0   0|   0     0 |5422B 2784B|   0     0 |  37   113 |02-12 19:21:48
  0   0 100   0   0   0|   0     0 |   0     0 |   0     0 |  18    27 |02-12 19:21:49
  0   0  99   1   0   0|   0    52k|   0     0 |   0     0 |  21    38 |02-12 19:21:50
  1   0  99   0   0   0|   0     0 |5422B 2784B|   0     0 |  23    58 |02-12 19:21:51
  0   0 100   0   0   0|   0    40k|   0     0 |   0     0 |  20    32 |02-12 19:21:52
  0   1  99   0   0   0|   0     0 |   0     0 |   0     0 |  37    89 |02-12 19:21:53
  1   0 100   0   0   0|   0     0 |5422B 2784B|   0     0 |  21    73 |02-12 19:21:54
  0   0 100   0   0   0|   0     0 |   0     0 |   0     0 |  23    40 |02-12 19:21:55
  0   0 100   0   0   0|   0     0 |   0     0 |   0     0 |  18    24 |02-12 19:21:56
  2   0  98   0   0   0|   0  8192B|8147B 5385B|   0     0 |  56   164 |02-12 19:21:57
  7   5  86   0   0   2|   0     0 |1613k   74k|   0     0 | 429  1463 |02-12 19:21:58
  1   1  97   0   0   1|   0     0 |4365k  147k|   0     0 | 401  1590 |02-12 19:21:59
  2   2  94   0   0   3|   0     0 |4461k  153k|   0     0 | 473  1778 |02-12 19:22:00
  1   2  95   0   0   2|   0     0 |4403k  148k|   0     0 | 378  1435 |02-12 19:22:01
  1   2  95   0   0   2|   0    12k|4364k  147k|   0     0 | 346  1383 |02-12 19:22:02
  1   2  95   0   0   2|   0     0 |4348k  149k|   0     0 | 343  1382 |02-12 19:22:03
  1   2  95   0   0   3|   0     0 |4386k  148k|   0     0 | 310  1263 |02-12 19:22:04
  2   2  95   0   0   2|   0     0 |4464k  150k|   0     0 | 289  1273 |02-12 19:22:05
  2   3  93   0   0   2|   0     0 |4335k  149k|   0     0 | 281  1424 |02-12 19:22:06
  1   2  96   0   0   1|   0     0 |4408k  148k|   0     0 | 275  1260 |02-12 19:22:07
  1   3  95   0   0   1|   0     0 |4368k  147k|   0     0 | 263  1236 |02-12 19:22:08
  3   2  94   0   0   2|   0     0 |4378k  150k|   0     0 | 267  1279 |02-12 19:22:09
  1   2  96   0   0   2|   0     0 |4369k  148k|   0     0 | 277  1295 |02-12 19:22:10
  1   2  95   0   0   2|   0     0 |4377k  147k|   0     0 | 221  1131 |02-12 19:22:11
  1   2  95   0   0   2|   0     0 |4335k  148k|   0     0 | 277  1300 |02-12 19:22:12
  2   3  95   0   0   1|   0  4096B|4460k  150k|   0     0 | 279  1317 |02-12 19:22:13
  1   2  96   0   0   2|   0     0 |4320k  145k|   0     0 | 298  1411 |02-12 19:22:14
  2   3  95   0   0   1|   0     0 |4356k  149k|   0     0 | 223  1166 |02-12 19:22:15
  1   2  97   0   0   1|   0     0 |4409k  149k|   0     0 | 258  1324 |02-12 19:22:16
  2   2  94   0   0   2|   0     0 |4321k  148k|   0     0 | 315  1409 |02-12 19:22:17
  3   2  94   0   0   1|   0     0 |4363k  151k|   0     0 | 266  1250 |02-12 19:22:18
  2   2  95   0   0   2|   0     0 |4399k  148k|   0     0 | 268  1283 |02-12 19:22:19
  1   3  94   0   0   1|   0     0 |4399k  148k|   0     0 | 272  1302 |02-12 19:22:20
  1   3  92   1   0   2|   0    44k|4443k  152k|   0     0 | 278  1273 |02-12 19:22:21
  2   2  96   0   0   1|   0     0 |4320k  145k|   0     0 | 255  1304 |02-12 19:22:22
  1   3  96   0   0   1|   0     0 |4381k  147k|   0     0 | 264  1301 |02-12 19:22:23
  2   2  95   0   0   2|   0     0 |4326k  148k|   0     0 | 290  1333 |02-12 19:22:24
  1   2  97   0   0   1|   0     0 |4421k  149k|   0     0 | 275  1357 |02-12 19:22:25
  1   2  96   0   0   2|   0     0 |4338k  146k|   0     0 | 301  1378 |02-12 19:22:26
  1   2  95   0   0   2|   0     0 |4352k  149k|   0     0 | 289  1318 |02-12 19:22:27
  1   2  94   0   0   2|   0     0 |4399k  148k|   0     0 | 296  1359 |02-12 19:22:28
  2   1  96   0   0   1|   0     0 |4438k  149k|   0     0 | 300  1349 |02-12 19:22:29
  2   3  94   0   0   2|   0     0 |4612k  163k|   0     0 | 308  1370 |02-12 19:22:30
  2   3  95   0   0   1|   0     0 |4368k  147k|   0     0 | 261  1226 |02-12 19:22:31
  1   2  94   0   0   3|   0     0 |4386k  147k|   0     0 | 255  1250 |02-12 19:22:32
  2   3  94   0   0   2|   0    20k|4518k  154k|   0     0 | 261  1242 |02-12 19:22:33
  2   1  95   0   0   2|   0     0 |4434k  149k|   0     0 | 239  1261 |02-12 19:22:34
  1   2  95   0   0   3|   0     0 |4473k  150k|   0     0 | 256  1282 |02-12 19:22:35
  2   2  95   0   0   2|   0     0 |4356k  149k|   0     0 | 253  1310 |02-12 19:22:36
  1   2  94   0   0   3|   0     0 |4499k  151k|   0     0 | 256  1248 |02-12 19:22:37
  1   2  95   0   0   2|   0     0 |4390k  148k|   0     0 | 239  1327 |02-12 19:22:38
  2   2  94   0   0   2|   0     0 |4413k  152k|   0     0 | 230  1364 |02-12 19:22:39
  1   2  95   0   0   2|   0     0 |4429k  149k|   0     0 | 216  1170 |02-12 19:22:40
  1   2  96   0   0   2|   0     0 |4364k  147k|   0     0 | 273  1258 |02-12 19:22:41
  1   3  95   0   0   1|   0     0 |4365k  149k|   0     0 | 283  1296 |02-12 19:22:42
  2   1  95   0   0   2|   0     0 |4382k  147k|   0     0 | 233  1311 |02-12 19:22:43
  1   2  95   0   0   3|   0     0 |4377k  147k|   0     0 | 283  1357 |02-12 19:22:44
  1   2  95   0   0   2|   0     0 |4404k  151k|   0     0 | 324  1297 |02-12 19:22:45
  1   1  97   0   0   1|   0     0 |4368k  147k|   0     0 | 337  1285 |02-12 19:22:46
  1   3  95   0   0   1|   0     0 |4368k  147k|   0     0 | 351  1291 |02-12 19:22:47
  2   1  95   0   0   2|   0     0 |4457k  153k|   0     0 | 335  1300 |02-12 19:22:48
  1   3  95   0   0   2|   0     0 |4412k  148k|   0     0 | 312  1268 |02-12 19:22:49
  2   2  95   0   0   1|   0     0 |4429k  149k|   0     0 | 342  1277 |02-12 19:22:50
  2   2  86   9   0   1|   0    44k|4343k  149k|   0     0 | 368  1445 |02-12 19:22:51
  1   3  95   0   0   1|   0     0 |4477k  150k|   0     0 | 331  1347 |02-12 19:22:52
  2   2  94   0   0   2|   0     0 |4355k  146k|   0     0 | 292  1220 |02-12 19:22:53
  2   1  94   0   0   2|   0    48k|4352k  149k|   0     0 | 348  1321 |02-12 19:22:54
  1   2  96   0   0   2|   0     0 |4351k  146k|   0     0 | 374  1392 |02-12 19:22:55
  2   3  95   0   0   1|   0     0 |4303k  145k|   0     0 | 322  1303 |02-12 19:22:56
  1   3  95   0   0   1|   0     0 |4392k  151k|   0     0 | 319  1253 |02-12 19:22:57
  1   2  95   0   0   2|   0     0 |2760k   94k|   0     0 | 271  1036 |02-12 19:22:58
  0   0 100   0   0   0|   0     0 |2112B 2112B|   0     0 |  48   134 |02-12 19:22:59
  1   0 100   0   0   0|   0     0 |5422B 2784B|   0     0 |  24    68 |02-12 19:23:00
  0   0 100   0   0   0|   0     0 |   0     0 |   0     0 |  18    25 |02-12 19:23:01
  0   0 100   0   0   0|   0     0 |   0     0 |   0     0 |  24    39 |02-12 19:23:02
  0   1  99   0   0   0|   0     0 |5422B 2784B|   0     0 |  57   131 |02-12 19:23:03
  0   0 100   0   0   0|   0  8192B|   0     0 |   0     0 |  24    44 |02-12 19:23:04
  0   0 100   0   0   0|   0     0 |   0     0 |   0     0 |  26    51 |02-12 19:23:05
  0   0 100   0   0   0|   0     0 |7534B 4896B|   0     0 |  31    76 |02-12 19:23:06
  0   0 100   0   0   0|   0     0 |   0     0 |   0     0 |  23    34 |02-12 19:23:07
  0   0 100   0   0   0|   0     0 |2112B 2112B|   0     0 |  37    83 |02-12 19:23:08
  1   0  99   0   0   0|   0    16k|5422B 2784B|   0     0 |  32    72 |02-12 19:23:09
  0   0 100   0   0   0|   0     0 |   0     0 |   0     0 |  23    49 |02-12 19:23:10
  1   1  99   0   0   0|   0     0 |2725B 2601B|   0     0 |  56   123 |02-12 19:23:11
  8   4  89   0   0   0|   0     0 |2286B 1920B|   0     0 | 197   638 |02-12 19:23:12
  0   1  99   0   0   0|   0     0 |5422B 2784B|   0     0 |  34   101 |02-12 19:23:13
  0   0 100   0   0   0|   0     0 | 102B  192B|   0     0 |  22    43 |02-12 19:23:14
  0   0 100   0   0   0|   0     0 |   0     0 |   0     0 |  18    24 |02-12 19:23:15
  0   1  99   0   0   0|   0     0 |5422B 2784B|   0     0 |  28    85 |02-12 19:23:16
  0   0 100   0   0   0|   0     0 |   0     0 |   0     0 |  23    43 |02-12 19:23:17
  0   1 100   0   0   0|   0     0 |   0     0 |   0     0 |  34    85 |02-12 19:23:18
  1   0 100   0   0   0|   0     0 |5422B 2784B|   0     0 |  22    63 |02-12 19:23:19
  0   0 100   0   0   0|   0     0 |   0     0 |   0     0 |  19    24 |02-12 19:23:20
  0   0 100   0   0   0|   0     0 |   0     0 |   0     0 |  18    24 |02-12 19:23:21
  0   0  98   1   0   0|   0    32k|5422B 2784B|   0     0 |  21    79 |02-12 19:23:22
  1   0  99   0   0   0|   0     0 |   0     0 |   0     0 |  31    57 |02-12 19:23:23
  0   0 100   0   0   0|   0     0 |   0     0 |   0     0 |  22    42 |02-12 19:23:24
  0   0 100   0   0   0|   0     0 |5422B 2784B|   0     0 |  27    68 |02-12 19:23:25
  0   0 100   0   0   0|   0     0 |   0     0 |   0     0 |  25    47 |02-12 19:23:26
  0   0 100   0   0   0|   0     0 |   0     0 |   0     0 |  24    46 |02-12 19:23:27
  2   1  98   0   0   0|   0     0 |8147B 5385B|   0     0 |  68   178 |02-12 19:23:28
  8   5  86   0   0   2|   0  8192B|1343k   64k|   0     0 | 393  1378 |02-12 19:23:29
  2   3  93   0   0   2|   0     0 |4384k  153k|   0     0 | 417  1656 |02-12 19:23:30
  1   3  96   0   0   1|   0     0 |4308k  147k|   0     0 | 467  1644 |02-12 19:23:31
  1   2  95   0   0   2|   0     0 |4399k  148k|   0     0 | 348  1282 |02-12 19:23:32
  1   3  95   0   0   2|   0     0 |4473k  150k|   0     0 | 327  1334 |02-12 19:23:33
  2   2  94   0   0   2|   0     0 |4391k  150k|   0     0 | 342  1357 |02-12 19:23:34
  1   2  96   0   0   1|   0  8192B|4312k  145k|   0     0 | 340  1274 |02-12 19:23:35
  1   2  95   0   0   3|   0     0 |4399k  148k|   0     0 | 342  1219 |02-12 19:23:36
  2   2  94   0   0   2|   0     0 |4256k  146k|   0     0 | 324  1343 |02-12 19:23:37
  1   3  95   0   0   2|   0     0 |4416k  149k|   0     0 | 386  1412 |02-12 19:23:38
  2   2  94   0   0   2|   0     0 |4390k  148k|   0     0 | 366  1427 |02-12 19:23:39
  2   2  95   0   0   1|   0     0 |4331k  149k|   0     0 | 321  1340 |02-12 19:23:40
  1   2  96   0   0   2|   0     0 |4503k  151k|   0     0 | 322  1267 |02-12 19:23:41
  1   2  97   0   0   1|   0     0 |4277k  144k|   0     0 | 335  1233 |02-12 19:23:42
  1   2  95   0   0   3|   0     0 |4443k  152k|   0     0 | 427  1540 |02-12 19:23:43
  2   2  96   0   0   1|   0     0 |4307k  145k|   0     0 | 346  1318 |02-12 19:23:44
  1   3  96   0   0   1|   0  4096B|4399k  148k|   0     0 | 311  1312 |02-12 19:23:45
  2   2  94   0   0   2|   0     0 |4426k  151k|   0     0 | 370  1425 |02-12 19:23:46
  2   1  94   0   0   2|   0     0 |4321k  146k|   0     0 | 353  1342 |02-12 19:23:47
  1   3  95   0   0   2|   0     0 |4347k  149k|   0     0 | 406  1508 |02-12 19:23:48
  2   2  94   0   0   3|   0     0 |4324k  150k|   0     0 | 346  1361 |02-12 19:23:49
  2   1  96   0   0   2|   0     0 |4421k  149k|   0     0 | 330  1448 |02-12 19:23:50
  2   2  96   0   0   1|   0     0 |4399k  148k|   0     0 | 286  1384 |02-12 19:23:51
  1   2  95   0   0   2|   0     0 |4365k  149k|   0     0 | 289  1250 |02-12 19:23:52
  1   3  94   2   0   2|   0    72k|4334k  146k|   0     0 | 315  1291 |02-12 19:23:53
  2   2  95   0   0   2|   0     0 |4486k  151k|   0     0 | 289  1246 |02-12 19:23:54
  2   3  94   0   0   2|   0    56k|4378k  150k|   0     0 | 260  1257 |02-12 19:23:55
  1   2  96   0   0   1|   0     0 |4368k  147k|   0     0 | 251  1260 |02-12 19:23:56
  1   2  96   0   0   1|   0     0 |4351k  146k|   0     0 | 281  1337 |02-12 19:23:57
  1   2  96   0   0   1|   0     0 |4352k  149k|   0     0 | 267  1300 |02-12 19:23:58
  1   2  95   0   0   3|   0     0 |4482k  151k|   0     0 | 274  1314 |02-12 19:23:59
  2   3  95   0   0   1|   0    16k|4395k  148k|   0     0 | 247  1230 |02-12 19:24:00
  2   2  95   0   0   1|   0     0 |4387k  150k|   0     0 | 286  1287 |02-12 19:24:01
  2   3  95   0   0   1|   0     0 |4360k  147k|   0     0 | 304  1337 |02-12 19:24:02
  1   2  95   0   0   2|   0     0 |4412k  148k|   0     0 | 259  1258 |02-12 19:24:03
  1   2  95   0   0   2|   0     0 |4369k  150k|   0     0 | 265  1246 |02-12 19:24:04
  1   1  96   0   0   2|   0     0 |4408k  148k|   0     0 | 221  1215 |02-12 19:24:05
  1   3  95   0   0   1|   0     0 |4360k  147k|   0     0 | 275  1272 |02-12 19:24:06
  2   2  94   0   0   2|   0     0 |4361k  149k|   0     0 | 262  1256 |02-12 19:24:07
  2   1  96   0   0   2|   0     0 |4538k  153k|   0     0 | 293  1268 |02-12 19:24:08
  1   3  95   0   0   1|   0     0 |4316k  145k|   0     0 | 275  1218 |02-12 19:24:09
  2   2  93   0   0   2|   0  4096B|4391k  150k|   0     0 | 260  1300 |02-12 19:24:10
  1   2  96   0   0   1|   0     0 |4408k  148k|   0     0 | 259  1265 |02-12 19:24:11
  1   1  96   0   0   2|   0     0 |4437k  149k|   0     0 | 264  1170 |02-12 19:24:12
  2   3  94   0   0   1|   0     0 |4387k  150k|   0     0 | 258  1195 |02-12 19:24:13
  3   2  94   0   0   2|   0     0 |4395k  148k|   0     0 | 291  1260 |02-12 19:24:14
  1   2  96   0   0   1|   0     0 |4421k  149k|   0     0 | 271  1300 |02-12 19:24:15
  2   1  95   0   0   2|   0     0 |4396k  150k|   0     0 | 239  1200 |02-12 19:24:16
  1   3  95   0   0   2|   0     0 |4373k  147k|   0     0 | 266  1297 |02-12 19:24:17
  1   2  95   0   0   2|   0     0 |4425k  149k|   0     0 | 281  1226 |02-12 19:24:18
  3   2  94   0   0   2|   0     0 |4382k  150k|   0     0 | 235  1207 |02-12 19:24:19
  1   3  96   0   0   1|   0     0 |4486k  151k|   0     0 | 282  1264 |02-12 19:24:20
  1   3  95   0   0   1|   0     0 |4390k  148k|   0     0 | 256  1187 |02-12 19:24:21
  1   2  94   0   0   3|   0     0 |4396k  150k|   0     0 | 248  1162 |02-12 19:24:22
  2   1  94   2   0   1|   0    24k|4421k  149k|   0     0 | 261  1267 |02-12 19:24:23
  2   2  95   0   0   2|   0     0 |4386k  147k|   0     0 | 267  1292 |02-12 19:24:24
  2   2  94   0   0   2|   0     0 |4339k  148k|   0     0 | 221  1223 |02-12 19:24:25
  2   1  97   0   0   1|   0     0 |4442k  149k|   0     0 | 236  1264 |02-12 19:24:26
  1   2  95   0   0   2|   0     0 |4495k  151k|   0     0 | 274  1303 |02-12 19:24:27
  2   2  94   0   0   2|   0     0 |4396k  151k|   0     0 | 262  1262 |02-12 19:24:28
  1   2  96   0   0   1|   0     0 |3138k  105k|   0     0 | 175   825 |02-12 19:24:29
  2   1  97   0   0   0|   0     0 |7264B   10k|   0     0 |  70   296 |02-12 19:24:30
  1   0  99   0   0   0|   0     0 |5422B 2784B|   0     0 |  23    62 |02-12 19:24:31
  0   0 100   0   0   0|   0     0 |   0     0 |   0     0 |  19    26 |02-12 19:24:32
  0   0 100   0   0   0|   0     0 |   0     0 |   0     0 |  18    24 |02-12 19:24:33
  1   0  99   0   0   0|   0     0 |5168B 2718B|   0     0 |  34    89 |02-12 19:24:34
  0   0 100   0   0   0|   0     0 | 254B   66B|   0     0 |  19    43 |02-12 19:24:35
  0   0 100   0   0   0|   0    16k|2112B 2112B|   0     0 |  20    31 |02-12 19:24:36
  0   0 100   0   0   0|   0     0 |   0     0 |   0     0 |  20    36 |02-12 19:24:37
  1   0 100   0   0   0|   0     0 |7710B 5162B|   0     0 |  23    86 |02-12 19:24:38
  8   4  88   0   0   0|   0     0 |3547B 3693B|   0     0 | 200   567 |02-12 19:24:39
  1   1  98   0   0   0|   0     0 |1390B  754B|   0     0 |  57   213 |02-12 19:24:40
  0   1 100   0   0   0|   0  8192B|5844B 3496B|   0     0 |  21    85 |02-12 19:24:41
  0   0 100   0   0   0|   0     0 |   0     0 |   0     0 |  23    44 |02-12 19:24:42
  0   0 100   0   0   0|   0     0 |   0     0 |   0     0 |  24    39 |02-12 19:24:43
  1   1  99   0   0   0|   0     0 |5422B 2784B|   0     0 |  39   145 |02-12 19:24:44
  0   0 100   0   0   0|   0     0 |   0     0 |   0     0 |  22    48 |02-12 19:24:45
  0   0 100   0   0   0|   0     0 |   0     0 |   0     0 |  23    53 |02-12 19:24:46
  0   0 100   0   0   0|   0     0 |5422B 2784B|   0     0 |  24    70 |02-12 19:24:47
  0   0 100   0   0   0|   0     0 |   0     0 |   0     0 |  24    49 |02-12 19:24:48
  0   1 100   0   0   0|   0     0 |   0     0 |   0     0 |  33    82 |02-12 19:24:49
  0   0  99   0   0   0|   0     0 |5422B 2784B|   0     0 |  27    71 |02-12 19:24:50
  0   0 100   0   0   0|   0     0 |   0     0 |   0     0 |  23    38 |02-12 19:24:51
  0   0 100   0   0   0|   0     0 |   0     0 |   0     0 |  22    49 |02-12 19:24:52
  1   0  99   0   0   0|   0     0 |5422B 2784B|   0     0 |  24    79 |02-12 19:24:53
  1   1  97   2   0   0|   0    52k|1715B 1355B|   0     0 |  47   125 |02-12 19:24:54
  7   5  88   0   0   1|   0     0 |  12k   17k|   0     0 | 194   549 |02-12 19:24:55
  2   2  96   0   0   1|   0     0 |2984k  107k|   0     0 | 305  1309 |02-12 19:24:56
  1   1  96   0   0   2|   0    28k|4390k  148k|   0     0 | 384  1603 |02-12 19:24:57
  2   3  95   0   0   1|   0     0 |4342k  146k|   0     0 | 284  1445 |02-12 19:24:58
  3   3  94   0   0   1|   0     0 |4430k  152k|   0     0 | 270  1356 |02-12 19:24:59
  1   3  95   0   0   2|   0     0 |4460k  150k|   0     0 | 299  1308 |02-12 19:25:00
  1   2  95   0   0   2|   0     0 |4442k  149k|   0     0 | 351  1484 |02-12 19:25:01
  1   4  94   0   0   2|   0  4096B|4404k  151k|   0     0 | 303  1334 |02-12 19:25:02
  1   3  95   0   0   1|   0     0 |4451k  150k|   0     0 | 265  1253 |02-12 19:25:03
  1   3  95   0   0   1|   0     0 |4360k  147k|   0     0 | 305  1366 |02-12 19:25:04
  2   4  94   0   0   1|   0     0 |4400k  150k|   0     0 | 279  1289 |02-12 19:25:05
  1   3  94   0   0   2|   0     0 |4473k  150k|   0     0 | 280  1342 |02-12 19:25:06
  3   2  95   0   0   1|   0     0 |4386k  148k|   0     0 | 268  1276 |02-12 19:25:07
  1   2  95   0   0   2|   0     0 |4395k  150k|   0     0 | 264  1210 |02-12 19:25:08
  1   2  95   0   0   2|   0     0 |4538k  153k|   0     0 | 332  1506 |02-12 19:25:09
  1   2  96   0   0   1|   0     0 |4329k  146k|   0     0 | 264  1354 |02-12 19:25:10
  1   3  95   0   0   1|   0     0 |4356k  149k|   0     0 | 284  1395 |02-12 19:25:11
  1   3  95   0   0   2|   0    12k|4355k  146k|   0     0 | 240  1340 |02-12 19:25:12
  1   2  96   0   0   2|   0     0 |4442k  149k|   0     0 | 246  1371 |02-12 19:25:13
  2   3  94   0   0   2|   0     0 |4585k  159k|   0     0 | 320  1457 |02-12 19:25:14
  2   2  95   0   0   2|   0     0 |4230k  145k|   0     0 | 287  1408 |02-12 19:25:15
  1   2  96   0   0   1|   0     0 |4413k  149k|   0     0 | 270  1339 |02-12 19:25:16
  2   3  94   0   0   2|   0     0 |4570k  156k|   0     0 | 345  1555 |02-12 19:25:17
  1   2  95   0   0   2|   0     0 |4373k  147k|   0     0 | 296  1285 |02-12 19:25:18
  1   1  95   0   0   3|   0     0 |4495k  151k|   0     0 | 282  1360 |02-12 19:25:19
  1   2  95   0   0   2|   0     0 |4426k  151k|   0     0 | 223  1166 |02-12 19:25:20
  0   2  98   0   0   1|   0     0 |4342k  146k|   0     0 | 297  1310 |02-12 19:25:21
  2   3  95   0   0   2|   0     0 |4334k  146k|   0     0 | 296  1283 |02-12 19:25:22
  2   3  94   0   0   1|   0     0 |4326k  148k|   0     0 | 330  1232 |02-12 19:25:23
  1   2  95   0   0   2|   0     0 |4382k  147k|   0     0 | 364  1521 |02-12 19:25:24
  1   2  94   2   0   2|   0    44k|4386k  147k|   0     0 | 334  1375 |02-12 19:25:25
  3   2  94   0   0   3|   0     0 |4365k  149k|   0     0 | 321  1361 |02-12 19:25:26
  2   2  95   0   0   1|   0    16k|4469k  150k|   0     0 | 349  1351 |02-12 19:25:27
  1   2  97   0   0   1|   0     0 |4342k  146k|   0     0 | 315  1335 |02-12 19:25:28
  2   3  93   0   0   2|   0     0 |4387k  150k|   0     0 | 330  1221 |02-12 19:25:29
  2   3  93   0   0   2|   0     0 |4358k  152k|   0     0 | 336  1320 |02-12 19:25:30
  1   3  95   0   0   2|   0     0 |4377k  147k|   0     0 | 317  1282 |02-12 19:25:31
  2   2  94   0   0   2|   0     0 |4291k  147k|   0     0 | 318  1275 |02-12 19:25:32
  2   2  95   0   0   2|   0     0 |4425k  149k|   0     0 | 329  1276 |02-12 19:25:33
  2   2  95   0   0   1|   0     0 |4460k  150k|   0     0 | 319  1202 |02-12 19:25:34
  2   1  94   0   0   3|   0     0 |4413k  151k|   0     0 | 336  1279 |02-12 19:25:35
  2   2  95   0   0   2|   0     0 |4325k  145k|   0     0 | 324  1239 |02-12 19:25:36
  1   2  95   0   0   2|   0     0 |4425k  149k|   0     0 | 315  1270 |02-12 19:25:37
  1   2  94   0   0   3|   0     0 |4369k  149k|   0     0 | 305  1340 |02-12 19:25:38
  1   3  94   0   0   2|   0     0 |4386k  147k|   0     0 | 252  1148 |02-12 19:25:39
  1   2  96   0   0   1|   0     0 |4360k  147k|   0     0 | 235  1235 |02-12 19:25:40
  1   3  95   0   0   2|   0     0 |4387k  151k|   0     0 | 232  1213 |02-12 19:25:41
  1   2  95   0   0   2|   0     0 |4395k  148k|   0     0 | 263  1177 |02-12 19:25:42
  1   2  96   0   0   1|   0  4096B|4351k  146k|   0     0 | 273  1293 |02-12 19:25:43
  3   2  93   0   0   2|   0     0 |4361k  149k|   0     0 | 266  1193 |02-12 19:25:44
  2   2  95   0   0   1|   0     0 |4447k  150k|   0     0 | 195  1218 |02-12 19:25:45
  1   3  95   0   0   2|   0     0 |4382k  147k|   0     0 | 202  1241 |02-12 19:25:46
  2   2  95   0   0   2|   0     0 |4404k  151k|   0     0 | 237  1233 |02-12 19:25:47
  1   3  95   0   0   2|   0     0 |4373k  147k|   0     0 | 249  1190 |02-12 19:25:48
  2   2  95   0   0   1|   0     0 |4512k  152k|   0     0 | 327  1328 |02-12 19:25:49
  1   3  95   0   0   2|   0     0 |4422k  151k|   0     0 | 319  1351 |02-12 19:25:50
  1   2  95   0   0   3|   0     0 |4347k  146k|   0     0 | 282  1252 |02-12 19:25:51
  1   2  95   0   0   2|   0     0 |4456k  150k|   0     0 | 234  1151 |02-12 19:25:52
  2   3  94   0   0   2|   0     0 |4387k  150k|   0     0 | 235  1108 |02-12 19:25:53
  1   3  94   0   0   2|   0     0 |4469k  151k|   0     0 | 280  1306 |02-12 19:25:54
  2   2  93   1   0   2|   0    40k|4393k  146k|   0     0 | 269  1246 |02-12 19:25:55
  0   0  99   0   0   0|   0  4096B| 147k   13k|   0     0 |  46   151 |02-12 19:25:56
  1   0 100   0   0   0|   0     0 |4584B  132B|   0     0 |  35   171 |02-12 19:25:57
  0   0 100   0   0   0|   0    60k|   0     0 |   0     0 |  23    64 |02-12 19:25:58
  1   1  99   0   0   0|   0     0 |5422B 2784B|   0     0 |  34   110 |02-12 19:25:59
  0   0 100   0   0   0|   0     0 |   0     0 |   0     0 |  23    41 |02-12 19:26:00
  0   0 100   0   0   0|   0     0 |   0     0 |   0     0 |  23    46 |02-12 19:26:01
  1   0 100   0   0   0|   0     0 |5422B 2784B|   0     0 |  26    65 |02-12 19:26:02
  0   0 100   0   0   0|   0     0 |2112B 2112B|   0     0 |  22    40 |02-12 19:26:03
  0   0 100   0   0   0|   0     0 |2112B 2112B|   0     0 |  33    72 |02-12 19:26:04
  2   0  98   0   0   0|   0     0 |7893B 5319B|   0     0 |  55   158 |02-12 19:26:05
  7   4  89   0   0   0|   0     0 |1438B 2138B|   0     0 | 163   473 |02-12 19:26:06
  1   1  98   0   0   0|   0     0 |1502B  722B|   0     0 |  51   231 |02-12 19:26:07
  0   0 100   0   0   0|   0     0 |   0     0 |   0     0 |  23    52 |02-12 19:26:08
  0   1  99   0   0   0|   0     0 |5422B 2784B|   0     0 |  32   105 |02-12 19:26:09
  0   0 100   0   0   0|   0     0 |   0     0 |   0     0 |  22    38 |02-12 19:26:10
  0   0 100   0   0   0|   0     0 |   0     0 |   0     0 |  23    47 |02-12 19:26:11
  1   0  99   0   0   0|   0     0 |5422B 2784B|   0     0 |  25    66 |02-12 19:26:12
  0   0 100   0   0   0|   0     0 |   0     0 |   0     0 |  23    39 |02-12 19:26:13
  1   1  99   0   0   0|   0     0 |1715B 1355B|   0     0 |  43   115 |02-12 19:26:14
