[7l----total-cpu-usage---- -dsk/total- -net/total- ---paging-- ---system-- ----system----
usr sys idl wai hiq siq| read  writ| recv  send|  in   out | int   csw |     time     
  2   2  94   1   0   2|  16k   59k|   0     0 |   0     0 | 495  1923 |02-12 18:59:24
  0   0 100   0   0   0|   0     0 |   0     0 |   0     0 |  21    46 |02-12 18:59:25
  0   0 100   0   0   0|   0     0 |   0     0 |   0     0 |  18    30 |02-12 18:59:26
  1   1  98   0   0   0|   0     0 |8102B 8348B|   0     0 |  49   170 |02-12 18:59:27
  0   0 100   0   0   0|   0     0 |   0     0 |   0     0 |  18    33 |02-12 18:59:28
  0   1 100   0   0   0|   0     0 |  74B   74B|   0     0 |  31    77 |02-12 18:59:29
  2   1  98   0   0   0|   0     0 |7503B 4913B|   0     0 |  51   145 |02-12 18:59:30
  7   4  89   0   0   0|   0    24k|  11k   16k|   0     0 | 186   557 |02-12 18:59:31
  1   3  92   0   0   3|   0     0 |4696k  163k|   0     0 | 674  3282 |02-12 18:59:32
  2   2  93   0   0   3|   0     0 |4260k  146k|   0     0 | 707  2930 |02-12 18:59:33
  1   4  93   0   0   3|   0     0 |4247k  143k|   0     0 | 614  2849 |02-12 18:59:34
  1   4  93   0   0   3|   0     0 |4255k  143k|   0     0 | 590  2870 |02-12 18:59:35
  2   5  90   0   0   3|   0     0 |4252k  146k|   0     0 | 662  2819 |02-12 18:59:36
  2   3  93   0   0   3|   0     0 |4216k  142k|   0     0 | 693  2726 |02-12 18:59:37
  1   3  93   0   0   3|   0     0 |4338k  146k|   0     0 | 594  2820 |02-12 18:59:38
  2   2  95   0   0   2|   0     0 |4225k  144k|   0     0 | 685  2932 |02-12 18:59:39
  3   3  93   0   0   1|   0     0 |4260k  144k|   0     0 | 666  2878 |02-12 18:59:40
  2   3  94   0   0   2|   0     0 |4238k  142k|   0     0 | 669  2895 |02-12 18:59:41
  2   5  93   0   0   1|   0     0 |4243k  145k|   0     0 | 574  2778 |02-12 18:59:42
  2   3  94   0   0   2|   0     0 |4247k  143k|   0     0 | 588  2852 |02-12 18:59:43
  3   3  93   0   0   2|   0     0 |4273k  144k|   0     0 | 644  2954 |02-12 18:59:44
  3   3  92   0   0   3|   0     0 |4304k  147k|   0     0 | 645  2821 |02-12 18:59:45
  2   4  93   0   0   2|   0     0 |4247k  143k|   0     0 | 645  2846 |02-12 18:59:46
  1   3  93   0   0   3|   0     0 |4290k  144k|   0     0 | 684  2818 |02-12 18:59:47
  1   2  92   0   0   4|   0     0 |4308k  147k|   0     0 | 665  2808 |02-12 18:59:48
  3   2  93   0   0   2|   0     0 |4290k  144k|   0     0 | 643  2753 |02-12 18:59:49
  2   3  92   0   0   2|   0     0 |4251k  143k|   0     0 | 690  2781 |02-12 18:59:50
  2   3  93   0   0   3|   0     0 |4186k  148k|   0     0 | 690  2867 |02-12 18:59:51
  2   2  95   0   0   2|   0     0 |4333k  146k|   0     0 | 710  2861 |02-12 18:59:52
  2   2  94   0   0   3|   0     0 |4364k  147k|   0     0 | 658  2829 |02-12 18:59:53
  2   2  94   2   0   2|   0    52k|4212k  144k|   0     0 | 735  2811 |02-12 18:59:54
  2   2  95   0   0   2|   0     0 |4260k  143k|   0     0 | 632  2682 |02-12 18:59:55
  1   2  94   0   0   3|   0     0 |4190k  141k|   0     0 | 672  2695 |02-12 18:59:56
  3   2  93   0   0   2|   0    16k|4234k  145k|   0     0 | 683  2758 |02-12 18:59:57
  2   4  93   0   0   2|   0     0 |4329k  145k|   0     0 | 689  2805 |02-12 18:59:58
  1   2  95   0   0   2|   0     0 |4238k  143k|   0     0 | 675  2660 |02-12 18:59:59
  3   3  93   0   0   1|   0     0 |4239k  145k|   0     0 | 747  2803 |02-12 19:00:00
  2   2  95   0   0   2|   0     0 |4229k  142k|   0     0 | 719  2723 |02-12 19:00:01
  2   4  93   0   0   3|   0    44k|4225k  142k|   0     0 | 688  2684 |02-12 19:00:02
  2   3  93   0   0   2|   0     0 |4239k  145k|   0     0 | 727  2722 |02-12 19:00:03
  2   3  93   0   0   3|   0     0 |4269k  144k|   0     0 | 659  2602 |02-12 19:00:04
  1   3  94   0   0   2|   0     0 |4290k  144k|   0     0 | 691  2795 |02-12 19:00:05
  2   2  93   0   0   4|   0     0 |4234k  145k|   0     0 | 675  2728 |02-12 19:00:06
  2   2  94   0   0   2|   0     0 |4321k  145k|   0     0 | 683  2740 |02-12 19:00:07
  1   3  93   0   0   3|   0     0 |4321k  146k|   0     0 | 616  2603 |02-12 19:00:08
  2   2  93   0   0   3|   0     0 |4226k  145k|   0     0 | 651  2725 |02-12 19:00:09
  2   3  91   0   0   3|   0     0 |4225k  142k|   0     0 | 632  2649 |02-12 19:00:10
  2   3  94   0   0   2|   0     0 |4307k  145k|   0     0 | 630  2705 |02-12 19:00:11
  2   2  93   0   0   3|   0     0 |4261k  146k|   0     0 | 579  2586 |02-12 19:00:12
  3   3  93   0   0   2|   0     0 |4220k  142k|   0     0 | 630  2631 |02-12 19:00:13
  1   2  95   0   0   2|   0     0 |4259k  143k|   0     0 | 575  2677 |02-12 19:00:14
  1   2  96   0   0   2|   0     0 |4234k  145k|   0     0 | 556  2561 |02-12 19:00:15
  2   2  94   0   0   2|   0     0 |4307k  145k|   0     0 | 643  2699 |02-12 19:00:16
  1   2  93   0   0   3|   0     0 |4212k  141k|   0     0 | 641  2536 |02-12 19:00:17
  1   2  95   0   0   3|   0     0 |4286k  144k|   0     0 | 667  2779 |02-12 19:00:18
  3   4  92   0   0   2|   0     0 |4217k  144k|   0     0 | 660  2803 |02-12 19:00:19
  2   1  96   0   0   2|   0     0 |4233k  142k|   0     0 | 644  2721 |02-12 19:00:20
  3   3  92   0   0   2|   0     0 |4250k  143k|   0     0 | 658  2690 |02-12 19:00:21
  1   2  94   0   0   3|   0     0 |4270k  147k|   0     0 | 720  2745 |02-12 19:00:22
  1   2  95   0   0   3|   0     0 |4221k  142k|   0     0 | 547  2568 |02-12 19:00:23
  2   3  93   0   0   3|   0     0 |4220k  142k|   0     0 | 654  2777 |02-12 19:00:24
  3   2  92   2   0   2|   0    32k|4239k  145k|   0     0 | 622  2783 |02-12 19:00:25
  1   2  94   0   0   3|   0     0 |4277k  144k|   0     0 | 622  2879 |02-12 19:00:26
  1   2  94   0   0   3|   0     0 |4201k  147k|   0     0 | 670  2643 |02-12 19:00:27
  2   3  93   0   0   3|   0     0 |4256k  146k|   0     0 | 650  2663 |02-12 19:00:28
  2   3  94   0   0   1|   0     0 |4233k  142k|   0     0 | 708  2787 |02-12 19:00:29
  2   2  93   0   0   3|   0     0 |4221k  142k|   0     0 | 712  2874 |02-12 19:00:30
  2   3  95   0   0   1|   0     0 |3960k  134k|   0     0 | 633  2470 |02-12 19:00:31
  1   0  99   0   0   0|   0     0 |4518B 4598B|   0     0 |  50   207 |02-12 19:00:32
  0   0 100   0   0   0|   0    16k|  66B    0 |   0     0 |  25    60 |02-12 19:00:33
  1   1  99   0   0   0|   0     0 |5422B 2784B|   0     0 |  39   114 |02-12 19:00:34
  0   0 100   0   0   0|   0     0 |   0     0 |   0     0 |  19    23 |02-12 19:00:35
  0   0 100   0   0   0|   0     0 |   0     0 |   0     0 |  18    24 |02-12 19:00:36
  1   0  99   0   0   0|   0     0 |5422B 2784B|   0     0 |  27    65 |02-12 19:00:37
  0   0 100   0   0   0|   0     0 | 168B  192B|   0     0 |  24    60 |02-12 19:00:38
  0   0 100   0   0   0|   0     0 |   0     0 |   0     0 |  36    75 |02-12 19:00:39
  0   0 100   0   0   0|   0     0 |9646B 7008B|   0     0 |  22    55 |02-12 19:00:40
  0   0 100   0   0   0|   0     0 |   0     0 |   0     0 |  18    26 |02-12 19:00:41
  1   0  99   0   0   0|   0     0 |1829B 1851B|   0     0 |  35    77 |02-12 19:00:42
  7   3  90   0   0   0|   0     0 |7082B 4700B|   0     0 | 189   554 |02-12 19:00:43
  1   1  98   0   0   0|   0     0 |1390B  754B|   0     0 |  66   292 |02-12 19:00:44
  0   0 100   0   0   0|   0     0 |   0     0 |   0     0 |  22    36 |02-12 19:00:45
  1   0 100   0   0   0|   0     0 |5422B 2784B|   0     0 |  25    62 |02-12 19:00:46
  0   0 100   0   0   0|   0     0 |   0     0 |   0     0 |  18    24 |02-12 19:00:47
  0   0 100   0   0   0|   0     0 |   0     0 |   0     0 |  21    37 |02-12 19:00:48
  1   1  99   0   0   0|   0     0 |5422B 2784B|   0     0 |  39   103 |02-12 19:00:49
  0   0 100   0   0   0|   0     0 |   0     0 |   0     0 |  24    38 |02-12 19:00:50
  0   0 100   0   0   0|   0     0 |   0     0 |   0     0 |  24    38 |02-12 19:00:51
  1   0  99   0   0   0|   0     0 |5422B 2784B|   0     0 |  30    71 |02-12 19:00:52
  0   0 100   0   0   0|   0     0 |   0     0 |   0     0 |  25    49 |02-12 19:00:53
  0   0 100   0   0   0|   0     0 |   0     0 |   0     0 |  35    77 |02-12 19:00:54
  1   0  98   2   0   0|   0    44k|5422B 2784B|   0     0 |  24    79 |02-12 19:00:55
  0   0 100   0   0   0|   0     0 |   0     0 |   0     0 |  18    22 |02-12 19:00:56
  1   0  99   0   0   0|   0     0 |1829B 1851B|   0     0 |  35    75 |02-12 19:00:57
  2   2  96   0   0   0|   0     0 |6904B 3628B|   0     0 | 122   380 |02-12 19:00:58
  7   2  91   0   0   0|   0    36k|1023k   57k|   0     0 | 283  1143 |02-12 19:00:59
  2   1  95   0   0   2|   0     0 |4126k  140k|   0     0 | 755  3038 |02-12 19:01:00
  2   2  95   0   0   2|   0     0 |4247k  145k|   0     0 | 724  2939 |02-12 19:01:01
  1   3  94   0   0   2|   0     0 |4221k  143k|   0     0 | 709  2795 |02-12 19:01:02
  1   3  95   0   0   2|   0     0 |4255k  143k|   0     0 | 708  2862 |02-12 19:01:03
  2   4  93   0   0   2|   0    12k|4239k  145k|   0     0 | 688  2784 |02-12 19:01:04
  1   3  94   0   0   2|   0     0 |4229k  142k|   0     0 | 635  2549 |02-12 19:01:05
  2   3  93   0   0   2|   0     0 |4390k  147k|   0     0 | 677  2741 |02-12 19:01:06
  2   3  92   0   0   3|   0     0 |4270k  146k|   0     0 | 687  2858 |02-12 19:01:07
  2   2  94   0   0   3|   0     0 |4225k  142k|   0     0 | 693  2720 |02-12 19:01:08
  1   3  93   0   0   4|   0     0 |4242k  143k|   0     0 | 731  2828 |02-12 19:01:09
  3   2  93   0   0   2|   0     0 |4256k  146k|   0     0 | 712  2796 |02-12 19:01:10
  1   2  95   0   0   2|   0     0 |4273k  144k|   0     0 | 667  2749 |02-12 19:01:11
  2   2  94   0   0   3|   0     0 |4281k  144k|   0     0 | 525  2752 |02-12 19:01:12
  2   3  93   0   0   2|   0     0 |4247k  145k|   0     0 | 573  2524 |02-12 19:01:13
  2   2  94   0   0   2|   0  4096B|4247k  143k|   0     0 | 572  2645 |02-12 19:01:14
  1   1  95   0   0   3|   0     0 |4190k  141k|   0     0 | 605  2582 |02-12 19:01:15
  1   4  93   0   0   2|   0     0 |4286k  147k|   0     0 | 632  2780 |02-12 19:01:16
  1   3  94   0   0   3|   0     0 |4264k  143k|   0     0 | 622  2741 |02-12 19:01:17
  2   3  95   0   0   1|   0     0 |4238k  143k|   0     0 | 651  2671 |02-12 19:01:18
  3   3  93   0   0   2|   0     0 |4203k  148k|   0     0 | 681  2871 |02-12 19:01:19
  1   3  95   0   0   2|   0     0 |4247k  143k|   0     0 | 611  2568 |02-12 19:01:20
  1   2  95   0   0   2|   0     0 |4225k  142k|   0     0 | 583  2686 |02-12 19:01:21
  2   2  95   0   0   2|   0     0 |4260k  146k|   0     0 | 678  2837 |02-12 19:01:22
  1   3  94   0   0   2|   0     0 |4234k  143k|   0     0 | 686  2784 |02-12 19:01:23
  2   4  92   0   0   2|   0     0 |4242k  142k|   0     0 | 704  2825 |02-12 19:01:24
  2   3  93   0   0   2|   0     0 |4239k  145k|   0     0 | 638  2661 |02-12 19:01:25
  2   3  89   6   0   1|   0    40k|4229k  142k|   0     0 | 685  2777 |02-12 19:01:26
  3   2  93   0   0   2|   0     0 |4310k  150k|   0     0 | 746  2913 |02-12 19:01:27
  2   3  93   0   0   3|   0     0 |4252k  146k|   0     0 | 660  2618 |02-12 19:01:28
  2   4  93   0   0   2|   0     0 |4251k  143k|   0     0 | 627  2552 |02-12 19:01:29
  2   2  93   0   0   4|   0    28k|4264k  143k|   0     0 | 621  2570 |02-12 19:01:30
  3   3  92   0   0   3|   0     0 |4226k  145k|   0     0 | 657  2643 |02-12 19:01:31
  2   3  93   0   0   2|   0     0 |4234k  142k|   0     0 | 641  2645 |02-12 19:01:32
  1   2  95   0   0   2|   0     0 |4246k  142k|   0     0 | 668  2751 |02-12 19:01:33
  3   3  93   0   0   2|   0     0 |4221k  145k|   0     0 | 665  2567 |02-12 19:01:34
  2   3  94   0   0   2|   0  8192B|4255k  143k|   0     0 | 642  2677 |02-12 19:01:35
  2   3  94   0   0   1|   0     0 |4212k  142k|   0     0 | 629  2636 |02-12 19:01:36
  2   4  93   0   0   3|   0     0 |4316k  145k|   0     0 | 694  2818 |02-12 19:01:37
  1   2  95   0   0   2|   0     0 |4243k  145k|   0     0 | 687  2807 |02-12 19:01:38
  2   3  92   0   0   2|   0     0 |4238k  142k|   0     0 | 689  2798 |02-12 19:01:39
  1   3  94   0   0   3|   0     0 |4221k  142k|   0     0 | 702  2754 |02-12 19:01:40
  3   2  93   0   0   3|   0  8192B|4260k  146k|   0     0 | 659  2549 |02-12 19:01:41
  2   3  92   0   0   3|   0     0 |4312k  145k|   0     0 | 637  2557 |02-12 19:01:42
  2   2  95   0   0   2|   0     0 |4203k  142k|   0     0 | 662  2647 |02-12 19:01:43
  3   2  93   0   0   2|   0     0 |4273k  146k|   0     0 | 636  2664 |02-12 19:01:44
  1   3  95   0   0   2|   0     0 |4250k  143k|   0     0 | 678  2732 |02-12 19:01:45
  2   2  96   0   0   1|   0    12k|4277k  144k|   0     0 | 669  2716 |02-12 19:01:46
  1   5  93   0   0   2|   0     0 |4295k  147k|   0     0 | 691  2774 |02-12 19:01:47
  2   3  93   0   0   3|   0     0 |4281k  143k|   0     0 | 678  2695 |02-12 19:01:48
  2   3  93   0   0   2|   0     0 |4286k  145k|   0     0 | 620  2693 |02-12 19:01:49
  2   3  93   0   0   3|   0     0 |4269k  146k|   0     0 | 632  2679 |02-12 19:01:50
  3   2  93   0   0   2|   0     0 |4220k  142k|   0     0 | 584  2591 |02-12 19:01:51
  1   3  94   0   0   3|   0  8192B|4212k  142k|   0     0 | 628  2702 |02-12 19:01:52
  2   2  94   0   0   3|   0     0 |4273k  146k|   0     0 | 684  2777 |02-12 19:01:53
  2   3  93   0   0   3|   0     0 |4250k  142k|   0     0 | 639  2796 |02-12 19:01:54
  1   2  95   0   0   2|   0     0 |4230k  144k|   0     0 | 515  2592 |02-12 19:01:55
  3   4  90   2   0   2|   0    44k|4283k  147k|   0     0 | 621  2607 |02-12 19:01:56
  2   2  95   0   0   1|   0    32k|4285k  144k|   0     0 | 694  2719 |02-12 19:01:57
  1   2  95   0   0   2|   0     0 |4272k  144k|   0     0 | 695  2825 |02-12 19:01:58
  3   6  89   0   0   2|   0     0 |7091k  243k|   0     0 |1018  3956 |02-12 19:01:59
  1   2  95   0   0   2|   0     0 |4197k  144k|   0     0 | 696  2339 |02-12 19:02:00
  0   0 100   0   0   0|   0     0 |4224B 4466B|   0     0 |  30    73 |02-12 19:02:01
  1   0  99   0   0   0|   0     0 |5782B 2916B|   0     0 |  53   223 |02-12 19:02:02
  0   0 100   0   0   0|   0     0 |   0     0 |   0     0 |  24    44 |02-12 19:02:03
  1   0 100   0   0   0|   0     0 |   0     0 |   0     0 |  37    71 |02-12 19:02:04
  1   0  99   0   0   0|   0     0 |5422B 2784B|   0     0 |  28    63 |02-12 19:02:05
  0   0 100   0   0   0|   0     0 |   0     0 |   0     0 |  23    37 |02-12 19:02:06
  0   0 100   0   0   0|   0     0 |4224B 4224B|   0     0 |  24    45 |02-12 19:02:07
  0   0 100   0   0   0|   0    12k|5422B 2784B|   0     0 |  30    84 |02-12 19:02:08
  1   1  98   0   0   0|   0     0 |1961B 1851B|   0     0 |  51   129 |02-12 19:02:09
  8   3  90   0   0   0|   0     0 |1726B 2026B|   0     0 | 189   537 |02-12 19:02:10
  1   1  98   0   0   0|   0     0 |6746B 3428B|   0     0 |  47   245 |02-12 19:02:11
  0   0 100   0   0   0|   0     0 | 336B  270B|   0     0 |  29    46 |02-12 19:02:12
  0   0 100   0   0   0|   0     0 | 300B  770B|   0     0 |  36    74 |02-12 19:02:13
  1   1  99   0   0   0|   0    12k|6196B 3404B|   0     0 |  68   184 |02-12 19:02:14
  0   0 100   0   0   0|   0     0 | 132B    0 |   0     0 |  20    28 |02-12 19:02:15
  0   0 100   0   0   0|   0     0 |   0     0 |   0     0 |  19    22 |02-12 19:02:16
  1   0 100   0   0   0|   0     0 |5590B 2886B|   0     0 |  32    81 |02-12 19:02:17
  0   0 100   0   0   0|   0     0 |   0     0 |   0     0 |  23    38 |02-12 19:02:18
  1   0  99   0   0   0|   0     0 | 804B 3930B|   0     0 |  58   147 |02-12 19:02:19
  1   0  99   0   0   0|   0  4096B|6262B 3302B|   0     0 |  48   120 |02-12 19:02:20
  0   0 100   0   0   0|   0     0 | 300B  482B|   0     0 |  34    74 |02-12 19:02:21
  0   0 100   0   0   0|   0     0 | 840B  518B|   0     0 |  41    80 |02-12 19:02:22
  0   0  99   0   0   0|   0     0 |6888B 4840B|   0     0 |  54   136 |02-12 19:02:23
  1   0  99   0   0   0|   0     0 | 776B 3676B|   0     0 |  53   136 |02-12 19:02:24
  7   4  90   0   0   0|   0     0 |3547B 2687B|   0     0 | 167   447 |02-12 19:02:25
  2   4  93   0   0   1|   0    12k|2134k   94k|   0     0 | 510  1929 |02-12 19:02:26
  2   4  91   1   0   3|   0    64k|4678k  158k|   0     0 | 847  3069 |02-12 19:02:27
  2   2  92   0   0   4|   0     0 |4179k  146k|   0     0 | 667  2678 |02-12 19:02:28
  1   4  91   0   0   4|   0     0 |4317k  148k|   0     0 | 729  2585 |02-12 19:02:29
  1   3  94   0   0   2|   0     0 |4203k  142k|   0     0 | 546  2543 |02-12 19:02:30
  2   3  93   0   0   2|   0    48k|4225k  142k|   0     0 | 616  2525 |02-12 19:02:31
  2   1  96   0   0   2|   0     0 |4239k  145k|   0     0 | 574  2408 |02-12 19:02:32
  1   3  93   0   0   3|   0     0 |4242k  143k|   0     0 | 575  2571 |02-12 19:02:33
  2   2  95   0   0   1|   0     0 |4212k  142k|   0     0 | 562  2612 |02-12 19:02:34
  2   2  94   0   0   2|   0     0 |4217k  144k|   0     0 | 774  2730 |02-12 19:02:35
  2   1  95   0   0   2|   0     0 |4255k  143k|   0     0 | 589  2708 |02-12 19:02:36
  1   2  94   0   0   3|   0     0 |4251k  143k|   0     0 | 638  2664 |02-12 19:02:37
  2   1  94   0   0   4|   0     0 |4230k  145k|   0     0 | 669  2822 |02-12 19:02:38
  2   3  94   0   0   1|   0     0 |4255k  142k|   0     0 | 600  2801 |02-12 19:02:39
  0   2  95   0   0   3|   0     0 |4230k  144k|   0     0 | 588  2718 |02-12 19:02:40
  3   3  92   0   0   2|   0     0 |4235k  145k|   0     0 | 584  2695 |02-12 19:02:41
  1   2  93   0   0   4|   0     0 |4234k  143k|   0     0 | 602  2663 |02-12 19:02:42
  2   2  94   0   0   2|   0     0 |4265k  144k|   0     0 | 572  3029 |02-12 19:02:43
  2   2  94   0   0   3|   0     0 |4248k  146k|   0     0 | 681  2907 |02-12 19:02:44
  1   2  95   0   0   2|   0     0 |4288k  146k|   0     0 | 645  2754 |02-12 19:02:45
  3   3  93   0   0   2|   0     0 |4171k  145k|   0     0 | 727  2706 |02-12 19:02:46
  2   3  92   0   0   3|   0     0 |4239k  145k|   0     0 | 680  2767 |02-12 19:02:47
  1   2  96   0   0   2|   0     0 |4264k  144k|   0     0 | 709  2656 |02-12 19:02:48
  2   3  94   0   0   2|   0     0 |4225k  142k|   0     0 | 580  2824 |02-12 19:02:49
  2   2  94   0   0   3|   0     0 |4235k  145k|   0     0 | 738  2816 |02-12 19:02:50
  2   2  94   0   0   3|   0     0 |4251k  143k|   0     0 | 772  2863 |02-12 19:02:51
  1   3  95   0   0   2|   0     0 |4256k  143k|   0     0 | 786  2823 |02-12 19:02:52
  1   3  94   0   0   3|   0     0 |4238k  143k|   0     0 | 685  2784 |02-12 19:02:53
  2   2  94   0   0   2|   0     0 |4243k  145k|   0     0 | 679  2835 |02-12 19:02:54
  2   3  93   0   0   3|   0     0 |4225k  142k|   0     0 | 800  2872 |02-12 19:02:55
  3   2  94   0   0   2|   0     0 |4251k  143k|   0     0 | 811  2748 |02-12 19:02:56
  2   3  92   1   0   3|   0    88k|4252k  146k|   0     0 | 740  2641 |02-12 19:02:57
  1   1  95   0   0   3|   0     0 |4225k  142k|   0     0 | 664  2659 |02-12 19:02:58
  2   1  95   0   0   3|   0     0 |4225k  142k|   0     0 | 626  2998 |02-12 19:02:59
  3   4  91   0   0   2|   0     0 |4352k  149k|   0     0 | 746  2844 |02-12 19:03:00
  2   2  93   0   0   4|   0     0 |4221k  142k|   0     0 | 633  2757 |02-12 19:03:01
  1   1  95   0   0   3|   0    12k|4290k  145k|   0     0 | 748  2640 |02-12 19:03:02
  2   2  93   0   0   3|   0     0 |4291k  147k|   0     0 | 569  2580 |02-12 19:03:03
  1   3  92   0   0   3|   0     0 |4264k  143k|   0     0 | 721  2741 |02-12 19:03:04
  1   2  96   0   0   2|   0     0 |4212k  142k|   0     0 | 658  2741 |02-12 19:03:05
  2   1  94   0   0   3|   0     0 |4265k  146k|   0     0 | 485  2712 |02-12 19:03:06
  1   4  94   0   0   2|   0     0 |4328k  148k|   0     0 | 775  3172 |02-12 19:03:07
  1   4  94   0   0   1|   0     0 |4273k  144k|   0     0 | 609  3014 |02-12 19:03:08
  2   3  93   0   0   2|   0     0 |4283k  147k|   0     0 | 815  2869 |02-12 19:03:09
  1   2  95   0   0   2|   0     0 |4233k  142k|   0     0 | 765  2834 |02-12 19:03:10
  2   3  95   0   0   1|   0     0 |4234k  143k|   0     0 | 730  2818 |02-12 19:03:11
  2   4  92   0   0   2|   0     0 |4243k  146k|   0     0 | 646  2719 |02-12 19:03:12
  1   2  95   0   0   2|   0     0 |4288k  145k|   0     0 | 694  2964 |02-12 19:03:13
  1   2  95   0   0   2|   0     0 |4203k  141k|   0     0 | 678  2895 |02-12 19:03:14
  2   4  92   0   0   2|   0     0 |4265k  146k|   0     0 | 692  2806 |02-12 19:03:15
  2   3  94   0   0   2|   0     0 |4256k  144k|   0     0 | 623  2680 |02-12 19:03:16
  2   3  93   0   0   3|   0     0 |4230k  143k|   0     0 | 656  2781 |02-12 19:03:17
  2   2  94   0   0   3|   0     0 |4374k  150k|   0     0 | 748  3092 |02-12 19:03:18
  1   2  96   0   0   1|   0     0 |2160k   73k|   0     0 | 321  1547 |02-12 19:03:19
  1   2  97   0   0   1|   0     0 |1825k   62k|   0     0 | 284  1136 |02-12 19:03:20
  2   1  98   0   0   0|   0     0 |1216k   44k|   0     0 | 229   846 |02-12 19:03:21
  0   0 100   0   0   0|   0     0 |  48k 1643B|   0     0 |  32    79 |02-12 19:03:22
  0   0 100   0   0   0|   0     0 |  78k 2690B|   0     0 |  32    84 |02-12 19:03:23
  1   2  96   0   0   2|   0     0 |2160k   76k|   0     0 | 363  1398 |02-12 19:03:24
  1   4  93   0   0   3|   0     0 |4233k  143k|   0     0 | 649  2624 |02-12 19:03:25
  1   0  97   0   0   1|   0     0 |1642k   54k|   0     0 | 237  1112 |02-12 19:03:26
  1   1  96   2   0   0|   0    68k|  10k 7382B|   0     0 |  60   250 |02-12 19:03:27
  1   1  98   0   0   0|   0    52k|3454B 6082B|   0     0 |  69   187 |02-12 19:03:28
  0   0 100   0   0   0|   0     0 | 774B  936B|   0     0 |  46    91 |02-12 19:03:29
  1   1  99   0   0   0|   0     0 |6094B 3422B|   0     0 |  53   146 |02-12 19:03:30
  0   0 100   0   0   0|   0     0 | 606B  416B|   0     0 |  46    97 |02-12 19:03:31
  0   0 100   0   0   0|   0     0 | 738B  806B|   0     0 |  36    73 |02-12 19:03:32
  0   0 100   0   0   0|   0    16k|5746B 3656B|   0     0 |  41   115 |02-12 19:03:33
  0   0 100   0   0   0|   0     0 |4224B 4224B|   0     0 |  21    31 |02-12 19:03:34
  0   1 100   0   0   0|   0     0 |   0     0 |   0     0 |  37    77 |02-12 19:03:35
  1   1  99   0   0   0|   0     0 |8239B 5255B|   0     0 |  62   178 |02-12 19:03:36
  8   4  88   0   0   0|   0     0 |2608B 2538B|   0     0 | 194   537 |02-12 19:03:37
  0   0 100   0   0   0|   0    16k| 360B  132B|   0     0 |  51   210 |02-12 19:03:38
  1   0  99   0   0   0|   0     0 |5590B 2886B|   0     0 |  35    71 |02-12 19:03:39
  0   0 100   0   0   0|   0     0 |   0     0 |   0     0 |  37    67 |02-12 19:03:40
  0   0 100   0   0   0|   0     0 | 336B  466B|   0     0 |  31    51 |02-12 19:03:41
  1   0  99   0   0   0|   0     0 |6028B 6280B|   0     0 |  64   181 |02-12 19:03:42
  0   0 100   0   0   0|   0     0 | 504B  576B|   0     0 |  40    88 |02-12 19:03:43
  0   0 100   0   0   0|   0  4096B| 132B    0 |   0     0 |  30    59 |02-12 19:03:44
  1   0 100   0   0   0|   0     0 |5422B 2784B|   0     0 |  34   109 |02-12 19:03:45
  0   0 100   0   0   0|   0     0 |   0     0 |   0     0 |  19    29 |02-12 19:03:46
  0   0 100   0   0   0|   0     0 |   0     0 |   0     0 |  18    26 |02-12 19:03:47
  1   0 100   0   0   0|   0     0 |5422B 2784B|   0     0 |  23    73 |02-12 19:03:48
  0   0 100   0   0   0|   0     0 |   0     0 |   0     0 |  22    35 |02-12 19:03:49
  0   1 100   0   0   0|   0  4096B|   0     0 |   0     0 |  34    78 |02-12 19:03:50
  1   0  98   0   0   1|   0     0 |7137B 4139B|   0     0 |  40    99 |02-12 19:03:51
  1   1  99   0   0   0|   0     0 |1596B 2382B|   0     0 |  93   253 |02-12 19:03:52
  8   4  87   0   0   2|   0     0 |1696k   77k|   0     0 | 425  1608 |02-12 19:03:53
  2   2  94   0   0   3|   0     0 |5137k  176k|   0     0 | 669  2741 |02-12 19:03:54
  2   2  95   0   0   1|   0     0 |4251k  143k|   0     0 | 546  2274 |02-12 19:03:55
  2   2  94   0   0   2|   0    16k|4264k  144k|   0     0 | 510  2098 |02-12 19:03:56
  2   3  89   5   0   1|   0   112k|4186k  144k|   0     0 | 496  2092 |02-12 19:03:57
  2   2  95   0   0   1|   0     0 |4203k  141k|   0     0 | 495  2120 |02-12 19:03:58
  1   2  95   0   0   2|   0     0 |4216k  142k|   0     0 | 577  2178 |02-12 19:03:59
  4   2  91   0   0   2|   0     0 |4356k  149k|   0     0 | 568  2208 |02-12 19:04:00
  0   2  97   0   0   2|   0   104k|2287k   77k|   0     0 | 321  1189 |02-12 19:04:01
  0   1  98   0   0   1|   0     0 |1429k   48k|   0     0 | 215   772 |02-12 19:04:02
  1   2  96   0   0   1|   0     0 |2749k   95k|   0     0 | 359  1387 |02-12 19:04:03
  1   1  96   0   0   2|   0     0 |3249k  109k|   0     0 | 411  1795 |02-12 19:04:04
  0   1  99   0   0   1|   0     0 | 734k   25k|   0     0 | 123   432 |02-12 19:04:05
  2   2  95   0   0   2|   0     0 |3060k  106k|   0     0 | 446  1836 |02-12 19:04:06
  2   1  96   0   0   1|   0    12k|4364k  147k|   0     0 | 548  2321 |02-12 19:04:07
  1   2  94   0   0   3|   0     0 |4238k  142k|   0     0 | 587  2271 |02-12 19:04:08
  1   1  97   0   0   1|   0     0 |4282k  147k|   0     0 | 619  2305 |02-12 19:04:09
  2   3  93   0   0   2|   0     0 |4046k  136k|   0     0 | 598  2355 |02-12 19:04:10
  1   3  95   0   0   1|   0     0 |4229k  142k|   0     0 | 560  2273 |02-12 19:04:11
  1   3  94   0   0   2|   0     0 |4213k  144k|   0     0 | 527  2160 |02-12 19:04:12
  1   3  95   0   0   2|   0     0 |4212k  142k|   0     0 | 592  2223 |02-12 19:04:13
  2   2  95   0   0   1|   0     0 |4268k  144k|   0     0 | 563  2312 |02-12 19:04:14
  2   2  94   0   0   3|   0     0 |4288k  150k|   0     0 | 514  2239 |02-12 19:04:15
  2   3  93   0   0   3|   0     0 |4245k  144k|   0     0 | 543  2211 |02-12 19:04:16
  2   3  94   0   0   2|   0     0 |4260k  143k|   0     0 | 543  2146 |02-12 19:04:17
  1   2  95   0   0   2|   0     0 |4207k  142k|   0     0 | 536  2082 |02-12 19:04:18
  2   2  95   0   0   2|   0     0 |4234k  145k|   0     0 | 518  2093 |02-12 19:04:19
  2   3  93   0   0   2|   0     0 |4238k  142k|   0     0 | 501  2114 |02-12 19:04:20
  2   2  95   0   0   1|   0     0 |4212k  142k|   0     0 | 556  2255 |02-12 19:04:21
  2   3  93   0   0   2|   0     0 |4335k  148k|   0     0 | 481  2105 |02-12 19:04:22
  1   2  94   0   0   3|   0     0 |4277k  144k|   0     0 | 499  2022 |02-12 19:04:23
  1   2  97   0   0   1|   0     0 |4264k  143k|   0     0 | 523  2042 |02-12 19:04:24
  2   2  95   0   0   1|   0     0 |4217k  145k|   0     0 | 501  2092 |02-12 19:04:25
  1   2  95   0   0   3|   0     0 |4277k  144k|   0     0 | 528  2202 |02-12 19:04:26
  2   1  95   0   0   2|   0     0 |4281k  144k|   0     0 | 518  2206 |02-12 19:04:27
  3   3  91   1   0   2|   0    28k|4237k  150k|   0     0 | 528  2222 |02-12 19:04:28
  2   3  94   0   0   2|   0     0 |4268k  144k|   0     0 | 494  1999 |02-12 19:04:29
  1   2  95   0   0   3|   0     0 |4329k  146k|   0     0 | 477  2135 |02-12 19:04:30
  1   2  95   0   0   2|   0     0 |4230k  145k|   0     0 | 457  2024 |02-12 19:04:31
  1   3  95   0   0   2|   0     0 |4225k  142k|   0     0 | 492  2161 |02-12 19:04:32
  1   3  94   0   0   2|   0     0 |4251k  143k|   0     0 | 541  2294 |02-12 19:04:33
  2   2  94   0   0   2|   0     0 |4213k  144k|   0     0 | 458  2143 |02-12 19:04:34
  1   3  95   0   0   1|   0     0 |4220k  142k|   0     0 | 418  2105 |02-12 19:04:35
  2   1  94   0   0   3|   0     0 |4268k  144k|   0     0 | 446  2091 |02-12 19:04:36
  1   1  97   0   0   2|   0     0 |4239k  145k|   0     0 | 417  2110 |02-12 19:04:37
  2   2  94   0   0   2|   0    12k|4299k  145k|   0     0 | 449  2126 |02-12 19:04:38
  2   3  94   0   0   2|   0     0 |4246k  143k|   0     0 | 482  2102 |02-12 19:04:39
  2   3  94   0   0   2|   0     0 |4243k  145k|   0     0 | 495  2166 |02-12 19:04:40
  1   2  96   0   0   1|   0     0 |4194k  141k|   0     0 | 522  2162 |02-12 19:04:41
  1   0  99   0   0   1|   0     0 | 849k   29k|   0     0 | 125   508 |02-12 19:04:42
  1   1  97   0   0   0|   0     0 |1346k   48k|   0     0 | 200   746 |02-12 19:04:43
  0   1  98   0   0   0|   0     0 | 574k   19k|   0     0 |  94   359 |02-12 19:04:44
  2   1  96   0   0   1|   0     0 |3185k  108k|   0     0 | 348  1685 |02-12 19:04:45
  2   2  95   0   0   2|   0     0 |4234k  145k|   0     0 | 482  2276 |02-12 19:04:46
  2   2  95   0   0   1|   0     0 |4329k  146k|   0     0 | 485  2166 |02-12 19:04:47
  2   2  94   0   0   2|   0     0 |3972k  134k|   0     0 | 431  2062 |02-12 19:04:48
  2   2  96   0   0   1|   0     0 |4248k  146k|   0     0 | 459  2024 |02-12 19:04:49
  2   2  95   0   0   2|   0     0 |4347k  146k|   0     0 | 502  2105 |02-12 19:04:50
  1   2  95   0   0   2|   0     0 |4273k  144k|   0     0 | 556  2216 |02-12 19:04:51
  2   3  94   0   0   2|   0     0 |4247k  145k|   0     0 | 525  2124 |02-12 19:04:52
  0   1  98   0   0   1|   0     0 |2291k   76k|   0     0 | 270  1091 |02-12 19:04:53
  0   0  99   0   0   0|   0     0 |4584B 4598B|   0     0 |  47   230 |02-12 19:04:54
  1   0  99   0   0   0|   0     0 |5422B 2784B|   0     0 |  53   134 |02-12 19:04:55
  0   0 100   0   0   0|   0     0 |   0     0 |   0     0 |  24    35 |02-12 19:04:56
  0   0 100   0   0   0|   0     0 |   0     0 |   0     0 |  23    42 |02-12 19:04:57
  1   0 100   0   0   0|   0  4096B|5422B 2784B|   0     0 |  25    85 |02-12 19:04:58
  0   0 100   0   0   0|   0    48k|   0     0 |   0     0 |  27    54 |02-12 19:04:59
  0   0 100   0   0   0|   0     0 |   0     0 |   0     0 |  32    75 |02-12 19:05:00
  1   0  99   0   0   0|   0     0 |9646B 7008B|   0     0 |  24    69 |02-12 19:05:01
  0   0 100   0   0   0|   0     0 |   0     0 |   0     0 |  23    46 |02-12 19:05:02
  0   0 100   0   0   0|   0     0 |   0     0 |   0     0 |  23    37 |02-12 19:05:03
  2   1  98   0   0   0|   0     0 |8015B 5385B|   0     0 |  51   164 |02-12 19:05:04
  9   3  88   0   0   1|   0     0 |2286B 1920B|   0     0 | 223   687 |02-12 19:05:05
  0   0 100   0   0   0|   0     0 |   0     0 |   0     0 |  20    42 |02-12 19:05:06
  0   0 100   0   0   0|   0     0 |5422B 2784B|   0     0 |  28    68 |02-12 19:05:07
  0   0 100   0   0   0|   0  8192B|   0     0 |   0     0 |  23    51 |02-12 19:05:08
  0   0 100   0   0   0|   0     0 |   0     0 |   0     0 |  23    37 |02-12 19:05:09
  0   0 100   0   0   0|   0     0 |5422B 2784B|   0     0 |  31   115 |02-12 19:05:10
  0   0 100   0   0   0|   0     0 |   0     0 |   0     0 |  23    40 |02-12 19:05:11
  0   0 100   0   0   0|   0     0 |   0     0 |   0     0 |  23    42 |02-12 19:05:12
  1   0 100   0   0   0|   0     0 |5422B 2784B|   0     0 |  23    70 |02-12 19:05:13
  0   0 100   0   0   0|   0  8192B|   0     0 |   0     0 |  24    51 |02-12 19:05:14
  1   1  99   0   0   0|   0     0 |   0     0 |   0     0 |  33    76 |02-12 19:05:15
  0   0  99   0   0   0|   0     0 |5422B 2784B|   0     0 |  23    71 |02-12 19:05:16
  0   0 100   0   0   0|   0     0 |   0     0 |   0     0 |  22    36 |02-12 19:05:17
  0   0 100   0   0   0|   0     0 |   0     0 |   0     0 |  23    65 |02-12 19:05:18
  1   0  99   0   0   0|   0     0 |7465B 4701B|   0     0 |  41   113 |02-12 19:05:19
  7   4  89   0   0   0|   0     0 |1644B 1960B|   0     0 | 172   540 |02-12 19:05:20
  1   2  94   0   0   3|   0     0 |5243k  196k|   0     0 | 711  2960 |02-12 19:05:21
  2   3  95   0   0   1|   0     0 |4466k  153k|   0     0 | 562  2315 |02-12 19:05:22
  2   2  94   0   0   2|   0     0 |4229k  143k|   0     0 | 485  2174 |02-12 19:05:23
  1   2  97   0   0   1|   0     0 |4251k  143k|   0     0 | 425  2095 |02-12 19:05:24
  1   3  93   0   0   3|   0     0 |4222k  146k|   0     0 | 481  2149 |02-12 19:05:25
  1   3  94   0   0   2|   0     0 |4186k  141k|   0     0 | 477  2193 |02-12 19:05:26
  1   2  96   0   0   2|   0     0 |4277k  144k|   0     0 | 520  2122 |02-12 19:05:27
  2   4  93   0   0   2|   0     0 |4228k  150k|   0     0 | 475  2132 |02-12 19:05:28
  2   2  95   0   0   1|   0  4096B|4229k  142k|   0     0 | 477  2216 |02-12 19:05:29
  1   3  94   1   0   2|   0    64k|4247k  143k|   0     0 | 471  2165 |02-12 19:05:30
  3   3  93   0   0   2|   0     0 |4243k  145k|   0     0 | 452  2177 |02-12 19:05:31
  1   2  96   0   0   2|   0     0 |4255k  143k|   0     0 | 484  2287 |02-12 19:05:32
  1   1  95   0   0   3|   0     0 |4277k  144k|   0     0 | 479  2192 |02-12 19:05:33
  1   2  96   0   0   1|   0     0 |4239k  145k|   0     0 | 493  2067 |02-12 19:05:34
  2   2  94   0   0   2|   0     0 |4238k  143k|   0     0 | 499  2066 |02-12 19:05:35
  2   3  95   0   0   1|   0     0 |4277k  144k|   0     0 | 450  2092 |02-12 19:05:36
  3   3  92   0   0   1|   0     0 |4204k  144k|   0     0 | 501  2225 |02-12 19:05:37
  1   2  96   0   0   2|   0     0 |4238k  143k|   0     0 | 437  2081 |02-12 19:05:38
  2   2  94   0   0   2|   0  4096B|4226k  143k|   0     0 | 465  2176 |02-12 19:05:39
  3   2  94   0   0   2|   0     0 |4198k  148k|   0     0 | 462  2158 |02-12 19:05:40
  1   2  96   0   0   1|   0     0 |4334k  146k|   0     0 | 500  2138 |02-12 19:05:41
  2   2  94   0   0   3|   0     0 |4246k  143k|   0     0 | 474  2193 |02-12 19:05:42
  1   2  96   0   0   2|   0     0 |4230k  143k|   0     0 | 472  2229 |02-12 19:05:43
  2   2  95   0   0   2|   0     0 |4230k  144k|   0     0 | 526  2173 |02-12 19:05:44
  2   3  94   0   0   2|   0     0 |4238k  143k|   0     0 | 549  2334 |02-12 19:05:45
  2   3  94   0   0   2|   0     0 |4242k  143k|   0     0 | 503  2224 |02-12 19:05:46
  3   1  94   0   0   2|   0     0 |4326k  148k|   0     0 | 510  2149 |02-12 19:05:47
  3   3  92   0   0   2|   0     0 |4299k  145k|   0     0 | 472  2159 |02-12 19:05:48
  1   2  96   0   0   2|   0  8192B|4269k  143k|   0     0 | 531  2288 |02-12 19:05:49
  2   2  94   0   0   2|   0     0 |4282k  147k|   0     0 | 528  2197 |02-12 19:05:50
  1   3  94   0   0   2|   0     0 |4312k  145k|   0     0 | 510  2295 |02-12 19:05:51
  2   2  95   0   0   2|   0     0 |4268k  144k|   0     0 | 528  2090 |02-12 19:05:52
  1   4  93   0   0   1|   0     0 |4234k  145k|   0     0 | 430  1937 |02-12 19:05:53
  2   2  94   0   0   2|   0  8192B|4247k  143k|   0     0 | 502  2239 |02-12 19:05:54
  1   3  93   0   0   4|   0     0 |4225k  142k|   0     0 | 472  2145 |02-12 19:05:55
  2   2  95   0   0   2|   0     0 |4261k  146k|   0     0 | 520  2066 |02-12 19:05:56
  1   3  95   0   0   1|   0     0 |4303k  145k|   0     0 | 480  1926 |02-12 19:05:57
  2   2  95   0   0   2|   0     0 |4242k  143k|   0     0 | 601  2134 |02-12 19:05:58
  2   2  95   0   0   2|   0     0 |4334k  148k|   0     0 | 540  2081 |02-12 19:05:59
  2   3  92   2   0   1|   0    80k|4273k  144k|   0     0 | 511  2112 |02-12 19:06:00
  1   2  93   0   0   3|   0     0 |4277k  144k|   0     0 | 522  2055 |02-12 19:06:01
  2   3  93   0   0   2|   0     0 |4304k  147k|   0     0 | 513  2160 |02-12 19:06:02
  1   2  95   0   0   3|   0     0 |4468k  151k|   0     0 | 467  2000 |02-12 19:06:03
  1   2  95   0   0   2|   0     0 |4246k  143k|   0     0 | 499  1983 |02-12 19:06:04
  2   3  95   0   0   1|   0     0 |4387k  150k|   0     0 | 548  2257 |02-12 19:06:05
  1   2  95   0   0   2|   0     0 |4229k  142k|   0     0 | 558  2182 |02-12 19:06:06
  1   3  95   0   0   2|   0     0 |4264k  143k|   0     0 | 500  2039 |02-12 19:06:07
  2   2  95   0   0   1|   0     0 |4317k  149k|   0     0 | 464  2108 |02-12 19:06:08
  1   3  95   0   0   1|   0     0 |4320k  145k|   0     0 | 469  2093 |02-12 19:06:09
  2   2  94   0   0   2|   0     0 |4225k  142k|   0     0 | 526  2168 |02-12 19:06:10
  1   3  94   0   0   2|   0     0 |4221k  145k|   0     0 | 496  2088 |02-12 19:06:11
  1   3  95   0   0   1|   0     0 |4290k  144k|   0     0 | 547  2130 |02-12 19:06:12
  2   3  94   0   0   2|   0     0 |4360k  147k|   0     0 | 591  2156 |02-12 19:06:13
  2   1  94   0   0   4|   0     0 |4287k  147k|   0     0 | 556  2126 |02-12 19:06:14
  1   4  94   0   0   1|   0     0 |4268k  144k|   0     0 | 531  2056 |02-12 19:06:15
  1   2  95   0   0   3|   0     0 |4238k  143k|   0     0 | 568  2139 |02-12 19:06:16
  3   3  94   0   0   1|   0     0 |4343k  149k|   0     0 | 533  2140 |02-12 19:06:17
  1   3  94   0   0   2|   0     0 |4268k  143k|   0     0 | 503  2070 |02-12 19:06:18
  2   3  94   0   0   2|   0     0 |4286k  144k|   0     0 | 494  1967 |02-12 19:06:19
  2   2  95   0   0   2|   0  4096B|4252k  145k|   0     0 | 513  2014 |02-12 19:06:20
  1   0  99   0   0   0|   0     0 | 449k   13k|   0     0 |  80   234 |02-12 19:06:21
  1   0  99   0   0   0|   0     0 |4584B 4598B|   0     0 |  69   233 |02-12 19:06:22
  0   0 100   0   0   0|   0     0 |5422B 2784B|   0     0 |  24    69 |02-12 19:06:23
  0   0 100   0   0   0|   0     0 |   0     0 |   0     0 |  19    24 |02-12 19:06:24
  1   1  99   0   0   0|   0  8192B|   0     0 |   0     0 |  29    73 |02-12 19:06:25
  1   0  99   0   0   0|   0     0 |5844B 3496B|   0     0 |  22    73 |02-12 19:06:26
  0   0 100   0   0   0|   0     0 |   0     0 |   0     0 |  18    22 |02-12 19:06:27
  1   1  99   0   0   0|   0     0 |2680B 5564B|   0     0 |  46   135 |02-12 19:06:28
  0   0 100   0   0   0|   0     0 |5422B 2784B|   0     0 |  27    68 |02-12 19:06:29
  0   1 100   0   0   0|   0     0 |4224B 4224B|   0     0 |  34    78 |02-12 19:06:30
  0   0 100   0   0   0|   0    48k|   0     0 |   0     0 |  24    53 |02-12 19:06:31
  2   0  98   0   0   0|   0     0 |7317B 4635B|   0     0 |  36   111 |02-12 19:06:32
  5   2  93   0   0   0|   0     0 |2164B 1386B|   0     0 | 135   377 |02-12 19:06:33
  3   1  96   0   0   0|   0     0 |1522B 1826B|   0     0 | 120   400 |02-12 19:06:34
  1   1  99   0   0   0|   0     0 |5422B 2784B|   0     0 |  36   105 |02-12 19:06:35
  0   0 100   0   0   0|   0     0 |   0     0 |   0     0 |  18    24 |02-12 19:06:36
  0   0 100   0   0   0|   0     0 |   0     0 |   0     0 |  18    24 |02-12 19:06:37
  1   0 100   0   0   0|   0     0 |5422B 2784B|   0     0 |  23    76 |02-12 19:06:38
  0   0 100   0   0   0|   0     0 |   0     0 |   0     0 |  18    23 |02-12 19:06:39
  0   1 100   0   0   0|   0     0 |   0     0 |   0     0 |  30    71 |02-12 19:06:40
  1   0  99   0   0   0|   0     0 |5422B 2784B|   0     0 |  23    73 |02-12 19:06:41
  0   0 100   0   0   0|   0     0 |   0     0 |   0     0 |  25    44 |02-12 19:06:42
  0   0 100   0   0   0|   0     0 |   0     0 |   0     0 |  25    51 |02-12 19:06:43
  1   0  99   0   0   0|   0     0 |5422B 2784B|   0     0 |  31   155 |02-12 19:06:44
  0   1 100   0   0   0|   0     0 |   0     0 |   0     0 |  35    81 |02-12 19:06:45
  0   0 100   0   0   0|   0     0 |   0     0 |   0     0 |  19    38 |02-12 19:06:46
  1   0  99   0   0   0|   0     0 |5422B 2784B|   0     0 |  26    55 |02-12 19:06:47
  0   0 100   0   0   0|   0     0 |   0     0 |   0     0 |  21    37 |02-12 19:06:48
  1   0  99   0   0   0|   0     0 |2043B 1851B|   0     0 |  41    92 |02-12 19:06:49
  8   3  89   0   0   1|   0     0 |  17k   19k|   0     0 | 218   601 |02-12 19:06:50
  1   3  93   0   0   3|   0  8192B|5424k  188k|   0     0 | 891  3620 |02-12 19:06:51
  1   2  95   0   0   2|   0     0 |4224k  142k|   0     0 | 619  2420 |02-12 19:06:52
  3   2  93   0   0   2|   0     0 |4278k  147k|   0     0 | 561  2300 |02-12 19:06:53
  1   1  96   0   0   2|   0     0 |4247k  143k|   0     0 | 552  2151 |02-12 19:06:54
  1   3  94   0   0   2|   0     0 |4242k  143k|   0     0 | 531  2158 |02-12 19:06:55
  3   2  93   0   0   1|   0  4096B|4256k  146k|   0     0 | 577  2172 |02-12 19:06:56
  1   2  95   0   0   3|   0     0 |4229k  142k|   0     0 | 516  2032 |02-12 19:06:57
  1   2  95   0   0   3|   0     0 |4255k  143k|   0     0 | 504  2095 |02-12 19:06:58
  2   1  95   0   0   2|   0     0 |4243k  145k|   0     0 | 575  2239 |02-12 19:06:59
  2   3  94   0   0   2|   0     0 |4273k  144k|   0     0 | 553  2280 |02-12 19:07:00
  1   3  93   0   0   2|   0    20k|4290k  144k|   0     0 | 569  2264 |02-12 19:07:01
  2   2  94   1   0   2|   0    44k|4260k  146k|   0     0 | 579  2236 |02-12 19:07:02
  2   2  94   0   0   2|   0     0 |4369k  147k|   0     0 | 550  2225 |02-12 19:07:03
  2   2  94   0   0   2|   0     0 |4207k  142k|   0     0 | 513  2021 |02-12 19:07:04
  2   2  95   0   0   1|   0     0 |4251k  143k|   0     0 | 500  2011 |02-12 19:07:05
  2   3  94   0   0   2|   0  4096B|4356k  149k|   0     0 | 531  2045 |02-12 19:07:06
  2   2  94   0   0   2|   0     0 |4342k  146k|   0     0 | 556  2184 |02-12 19:07:07
  2   3  94   0   0   1|   0     0 |4260k  143k|   0     0 | 482  1933 |02-12 19:07:08
  2   2  94   0   0   3|   0     0 |4175k  144k|   0     0 | 492  2017 |02-12 19:07:09
  1   3  95   0   0   2|   0     0 |4279k  148k|   0     0 | 557  2172 |02-12 19:07:10
  1   4  94   0   0   2|   0     0 |4334k  146k|   0     0 | 546  2225 |02-12 19:07:11
  2   3  95   0   0   1|   0     0 |4252k  146k|   0     0 | 517  2024 |02-12 19:07:12
  1   2  95   0   0   3|   0     0 |4233k  142k|   0     0 | 569  2247 |02-12 19:07:13
  1   3  95   0   0   2|   0     0 |4229k  142k|   0     0 | 577  2240 |02-12 19:07:14
  2   2  94   0   0   2|   0     0 |4252k  145k|   0     0 | 543  2231 |02-12 19:07:15
  1   2  95   0   0   3|   0     0 |4229k  142k|   0     0 | 548  2295 |02-12 19:07:16
  1   2  96   0   0   2|   0     0 |4229k  142k|   0     0 | 468  2078 |02-12 19:07:17
  1   1  96   0   0   2|   0     0 |4252k  146k|   0     0 | 464  2131 |02-12 19:07:18
  2   2  94   0   0   2|   0     0 |4225k  142k|   0     0 | 493  2234 |02-12 19:07:19
  2   3  95   0   0   1|   0     0 |4238k  143k|   0     0 | 465  2137 |02-12 19:07:20
  2   2  93   0   0   3|   0     0 |4413k  151k|   0     0 | 521  2325 |02-12 19:07:21
  2   3  94   0   0   2|   0    16k|4294k  145k|   0     0 | 476  2145 |02-12 19:07:22
  2   1  96   0   0   1|   0     0 |4255k  143k|   0     0 | 434  2032 |02-12 19:07:23
  2   2  93   0   0   3|   0     0 |4204k  144k|   0     0 | 461  2092 |02-12 19:07:24
  1   3  96   0   0   1|   0     0 |4233k  142k|   0     0 | 476  2077 |02-12 19:07:25
  2   2  94   0   0   2|   0     0 |4225k  143k|   0     0 | 474  2104 |02-12 19:07:26
  2   3  94   0   0   2|   0     0 |4335k  149k|   0     0 | 518  2202 |02-12 19:07:27
  2   3  94   0   0   1|   0     0 |4223k  148k|   0     0 | 528  2330 |02-12 19:07:28
  2   2  95   0   0   2|   0     0 |4247k  143k|   0     0 | 492  2140 |02-12 19:07:29
  2   3  93   0   0   3|   0     0 |4261k  146k|   0     0 | 525  2240 |02-12 19:07:30
  2   3  94   0   0   2|   0     0 |4281k  144k|   0     0 | 535  2316 |02-12 19:07:31
  2   2  92   2   0   3|   0    60k|4281k  144k|   0     0 | 534  2254 |02-12 19:07:32
  1   4  92   1   0   1|   0  4096B|4238k  145k|   0     0 | 512  2212 |02-12 19:07:33
  2   2  95   0   0   2|   0     0 |4298k  145k|   0     0 | 489  2170 |02-12 19:07:34
  2   2  95   0   0   1|   0     0 |4199k  142k|   0     0 | 481  2128 |02-12 19:07:35
  1   2  94   0   0   3|   0     0 |4239k  146k|   0     0 | 476  2121 |02-12 19:07:36
  1   2  95   0   0   3|   0     0 |4238k  143k|   0     0 | 493  2158 |02-12 19:07:37
  1   3  95   0   0   1|   0     0 |4259k  143k|   0     0 | 489  2148 |02-12 19:07:38
  2   4  93   0   0   2|   0     0 |4300k  148k|   0     0 | 514  2240 |02-12 19:07:39
  2   3  95   0   0   1|   0     0 |4272k  144k|   0     0 | 504  2219 |02-12 19:07:40
  2   2  95   0   0   2|   0     0 |4260k  144k|   0     0 | 487  2156 |02-12 19:07:41
  2   3  93   0   0   3|   0     0 |4299k  147k|   0     0 | 478  2207 |02-12 19:07:42
  1   3  95   0   0   1|   0     0 |4307k  145k|   0     0 | 513  2235 |02-12 19:07:43
  1   1  96   0   0   2|   0     0 |4325k  147k|   0     0 | 487  2184 |02-12 19:07:44
  2   2  94   0   0   2|   0     0 |4273k  146k|   0     0 | 487  2206 |02-12 19:07:45
  2   1  96   0   0   1|   0     0 |4251k  143k|   0     0 | 483  2163 |02-12 19:07:46
  1   2  96   0   0   2|   0     0 |4303k  145k|   0     0 | 504  2264 |02-12 19:07:47
  3   1  95   0   0   1|   0     0 |4217k  144k|   0     0 | 479  2188 |02-12 19:07:48
  1   2  96   0   0   1|   0     0 |4272k  144k|   0     0 | 462  2077 |02-12 19:07:49
  1   2  95   0   0   2|   0     0 |4212k  138k|   0     0 | 523  2270 |02-12 19:07:50
  0   0 100   0   0   0|   0     0 |  31k   10k|   0     0 |  35   116 |02-12 19:07:51
  1   1  99   0   0   0|   0     0 |4584B  132B|   0     0 |  45   194 |02-12 19:07:52
  0   0 100   0   0   0|   0     0 |   0     0 |   0     0 |  23    53 |02-12 19:07:53
  0   0 100   0   0   0|   0     0 |5422B 2784B|   0     0 |  26    70 |02-12 19:07:54
  0   0 100   0   0   0|   0     0 |   0     0 |   0     0 |  34    65 |02-12 19:07:55
  0   0 100   0   0   0|   0     0 |   0     0 |   0     0 |  25    47 |02-12 19:07:56
  0   0  99   0   0   0|   0    12k|5422B 2784B|   0     0 |  27    69 |02-12 19:07:57
  0   0 100   0   0   0|   0     0 |   0     0 |   0     0 |  23    61 |02-12 19:07:58
  0   0 100   0   0   0|   0     0 |4224B 4224B|   0     0 |  22    43 |02-12 19:07:59
  1   1  99   0   0   0|   0     0 |5422B 2784B|   0     0 |  37    92 |02-12 19:08:00
  0   0 100   0   0   0|   0     0 | 247B  247B|   0     0 |  33    77 |02-12 19:08:01
  1   0  99   0   0   0|   0     0 |2346B 2354B|   0     0 |  45   101 |02-12 19:08:02
  9   4  87   0   0   0|   0    28k|7708B 4704B|   0     0 | 188   682 |02-12 19:08:03
  0   0 100   0   0   0|   0     0 |   0     0 |   0     0 |  23    52 |02-12 19:08:04
  0   0 100   0   0   0|   0     0 |   0     0 |   0     0 |  27    55 |02-12 19:08:05
  0   0 100   0   0   0|   0     0 |5422B 2784B|   0     0 |  31    98 |02-12 19:08:06
  0   0 100   0   0   0|   0     0 |   0     0 |   0     0 |  23    33 |02-12 19:08:07
  0   0 100   0   0   0|   0    36k|   0     0 |   0     0 |  23    51 |02-12 19:08:08
  0   1 100   0   0   0|   0     0 |5422B 2784B|   0     0 |  22    64 |02-12 19:08:09
  0   0 100   0   0   0|   0     0 |   0     0 |   0     0 |  23    44 |02-12 19:08:10
  0   1  99   0   0   0|   0     0 |   0     0 |   0     0 |  33    82 |02-12 19:08:11
  1   0  99   0   0   0|   0     0 |7407B 4409B|   0     0 |  43   123 |02-12 19:08:12
  8   3  89   0   0   0|   0     0 |1896B 1704B|   0     0 | 202   554 |02-12 19:08:13
