[7l----total-cpu-usage---- -dsk/total- -net/total- ---paging-- ---system-- ----system----
usr sys idl wai hiq siq| read  writ| recv  send|  in   out | int   csw |     time     
  2   2  94   0   0   2|  15k   57k|   0     0 |   0     0 | 450  1717 |02-12 19:08:19
  0   0 100   0   0   0|   0     0 |1074B  822B|   0     0 |  47   109 |02-12 19:08:20
  1   0  99   0   0   0|   0     0 |6196B 3292B|   0     0 |  49   116 |02-12 19:08:21
  1   1  99   0   0   0|   0     0 |1074B  850B|   0     0 |  61   170 |02-12 19:08:22
  0   0 100   0   0   0|   0     0 | 738B 1322B|   0     0 |  45    96 |02-12 19:08:23
  1   0  99   0   0   0|   0     0 |6562B 3758B|   0     0 |  61   144 |02-12 19:08:24
  1   1  99   0   0   0|   0     0 |2789B 3067B|   0     0 |  52   134 |02-12 19:08:25
  8   3  89   0   0   0|   0  8192B|  43k   18k|   0     0 | 201   630 |02-12 19:08:26
  4   5  87   0   0   5|   0     0 |7272k  253k|   0     0 |1096  4488 |02-12 19:08:27
  4   6  87   0   0   3|   0     0 |7727k  269k|   0     0 |1194  4920 |02-12 19:08:28
  4   9  83   0   0   5|   0     0 |  10M  362k|   0     0 |1527  5992 |02-12 19:08:29
  5   5  85   0   0   5|   0     0 |9810k  337k|   0     0 |1308  5401 |02-12 19:08:30
  4   7  86   0   0   4|   0     0 |  10M  346k|   0     0 |1435  5894 |02-12 19:08:31
  5   8  83   0   0   5|   0  4096B|  11M  380k|   0     0 |1613  6229 |02-12 19:08:32
  3   7  86   0   0   5|   0     0 |9084k  310k|   0     0 |1351  5401 |02-12 19:08:33
  5   7  81   1   0   6|   0    88k|  11M  400k|   0     0 |1684  6500 |02-12 19:08:34
  4   6  86   0   0   4|   0     0 |9533k  330k|   0     0 |1452  5603 |02-12 19:08:35
  6   6  84   0   0   4|   0     0 |  11M  402k|   0     0 |1470  6436 |02-12 19:08:36
  4   7  84   0   0   6|   0  4096B|  11M  377k|   0     0 |1543  6142 |02-12 19:08:37
  6   9  80   0   0   5|   0     0 |  12M  403k|   0     0 |1693  6589 |02-12 19:08:38
  4   7  84   0   0   5|   0     0 |  12M  404k|   0     0 |1579  6460 |02-12 19:08:39
  4   9  82   0   0   5|   0     0 |  11M  395k|   0     0 |1607  6314 |02-12 19:08:40
  5   8  82   0   0   6|   0     0 |  12M  420k|   0     0 |1730  6546 |02-12 19:08:41
  4   7  83   0   0   6|   0     0 |  12M  428k|   0     0 |1582  6436 |02-12 19:08:42
  5   9  82   0   0   5|   0     0 |  12M  424k|   0     0 |1557  6337 |02-12 19:08:43
  3   7  84   0   0   6|   0     0 |  12M  408k|   0     0 |1618  6451 |02-12 19:08:44
  4   7  83   0   0   6|   0     0 |  12M  402k|   0     0 |1700  6389 |02-12 19:08:45
  5   9  81   0   0   4|   0     0 |  13M  448k|   0     0 |1753  6757 |02-12 19:08:46
  4   6  85   0   0   5|   0     0 |  12M  426k|   0     0 |1491  5641 |02-12 19:08:47
  4   9  82   0   0   6|   0     0 |  12M  412k|   0     0 |1560  6552 |02-12 19:08:48
  6   7  82   0   0   5|   0     0 |  12M  438k|   0     0 |1623  6834 |02-12 19:08:49
  5   7  84   0   0   5|   0     0 |  11M  390k|   0     0 |1628  6217 |02-12 19:08:50
  6   8  81   0   0   5|   0     0 |  13M  439k|   0     0 |1467  6350 |02-12 19:08:51
  5   8  81   0   0   6|   0  4096B|  10M  372k|   0     0 |1313  5544 |02-12 19:08:52
  3   5  87   0   0   5|   0     0 |  11M  368k|   0     0 |1400  5975 |02-12 19:08:53
  4   8  84   0   0   5|   0     0 |  11M  391k|   0     0 |1521  6538 |02-12 19:08:54
  6   6  83   0   0   5|   0     0 |  12M  405k|   0     0 |1541  6239 |02-12 19:08:55
  3   7  85   0   0   5|   0     0 |  11M  386k|   0     0 |1527  5943 |02-12 19:08:56
  4  11  80   0   0   6|   0  8192B|  13M  443k|   0     0 |1657  6419 |02-12 19:08:57
  5   7  81   0   0   7|   0     0 |  12M  421k|   0     0 |1529  6416 |02-12 19:08:58
  3   7  83   0   0   6|   0     0 |  12M  424k|   0     0 |1547  6272 |02-12 19:08:59
  3   7  84   0   0   6|   0     0 |  12M  429k|   0     0 |1656  6526 |02-12 19:09:00
  5   9  79   0   0   7|   0     0 |  12M  440k|   0     0 |1682  6561 |02-12 19:09:01
  5  11  79   0   0   6|   0     0 |  12M  430k|   0     0 |1514  6334 |02-12 19:09:02
  4   7  84   0   0   5|   0     0 |  12M  421k|   0     0 |1745  6650 |02-12 19:09:03
  5  10  80   0   0   6|   0     0 |  12M  429k|   0     0 |1482  6708 |02-12 19:09:04
  5   6  84   1   0   5|   0    20k|  11M  399k|   0     0 |1425  5953 |02-12 19:09:05
  5   9  79   0   0   6|   0     0 |  13M  442k|   0     0 |1688  6703 |02-12 19:09:06
  4  10  81   0   0   5|   0    80k|  11M  395k|   0     0 |1632  6100 |02-12 19:09:07
  3   9  83   0   0   6|   0     0 |  12M  414k|   0     0 |1377  5557 |02-12 19:09:08
  4   5  84   0   0   7|   0     0 |  12M  433k|   0     0 |1660  6467 |02-12 19:09:09
  4   6  84   0   0   7|   0     0 |  11M  400k|   0     0 |1442  5961 |02-12 19:09:10
  4   6  83   0   0   7|   0     0 |  11M  398k|   0     0 |1465  5921 |02-12 19:09:11
  3   7  85   0   0   5|   0     0 |  12M  418k|   0     0 |1499  6215 |02-12 19:09:12
  4   7  84   0   0   6|   0     0 |  12M  434k|   0     0 |1603  6413 |02-12 19:09:13
  6   7  81   0   0   7|   0     0 |  13M  440k|   0     0 |1807  7032 |02-12 19:09:14
  6   7  83   0   0   5|   0     0 |  12M  420k|   0     0 |1539  6521 |02-12 19:09:15
  5   7  82   0   0   6|   0     0 |  12M  426k|   0     0 |1810  6812 |02-12 19:09:16
  5   6  83   0   0   6|   0     0 |  12M  430k|   0     0 |1520  6005 |02-12 19:09:17
  4   7  85   0   0   4|   0     0 |  12M  410k|   0     0 |1742  7007 |02-12 19:09:18
  6   9  80   0   0   5|   0     0 |  13M  439k|   0     0 |1616  6627 |02-12 19:09:19
  5   7  83   0   0   5|   0     0 |  12M  415k|   0     0 |1566  6253 |02-12 19:09:20
  4   8  82   0   0   6|   0     0 |  13M  437k|   0     0 |1625  6402 |02-12 19:09:21
  4   8  83   0   0   5|   0     0 |  11M  397k|   0     0 |1586  6385 |02-12 19:09:22
  4   8  83   0   0   6|   0  8192B|  12M  418k|   0     0 |1653  6392 |02-12 19:09:23
  6   7  81   0   0   8|   0     0 |  12M  436k|   0     0 |1533  6676 |02-12 19:09:24
  6   7  80   0   0   7|   0     0 |  12M  418k|   0     0 |1537  6332 |02-12 19:09:25
  3   4  90   0   0   3|   0     0 |9684k  331k|   0     0 |1230  5129 |02-12 19:09:26
  1   1  98   0   0   0|   0     0 |4518B 4546B|   0     0 |  59   259 |02-12 19:09:27
  1   1  98   0   0   0|   0  8192B|8100B 8348B|   0     0 |  54   158 |02-12 19:09:28
  0   0 100   0   0   0|   0     0 |   0     0 |   0     0 |  23    46 |02-12 19:09:29
  0   0 100   0   0   0|   0     0 |   0     0 |   0     0 |  23    35 |02-12 19:09:30
  1   0  99   0   0   0|   0     0 |5422B 2782B|   0     0 |  28    74 |02-12 19:09:31
  0   1 100   0   0   0|   0     0 |   0     0 |   0     0 |  30    73 |02-12 19:09:32
  0   0 100   0   0   0|   0     0 |   0     0 |   0     0 |  24    54 |02-12 19:09:33
  1   0  99   0   0   0|   0     0 |5422B 2782B|   0     0 |  24    71 |02-12 19:09:34
  1   1  98   1   0   0|   0    44k|6135B 6141B|   0     0 |  35   100 |02-12 19:09:35
  6   5  89   0   0   0|   0     0 |1644B 1960B|   0     0 | 178   491 |02-12 19:09:36
  1   1  98   0   0   0|   0     0 |6746B 3426B|   0     0 |  61   281 |02-12 19:09:37
  0   0 100   0   0   0|   0     0 |   0     0 |   0     0 |  24    40 |02-12 19:09:38
  0   0 100   0   0   0|   0     0 |   0     0 |   0     0 |  22    33 |02-12 19:09:39
  1   0 100   0   0   0|   0     0 |5422B 2782B|   0     0 |  24    70 |02-12 19:09:40
  0   0 100   0   0   0|   0     0 |   0     0 |   0     0 |  23    45 |02-12 19:09:41
  1   0 100   0   0   0|   0     0 |   0     0 |   0     0 |  35    72 |02-12 19:09:42
  0   1 100   0   0   0|   0     0 |5422B 2782B|   0     0 |  30    75 |02-12 19:09:43
  0   0 100   0   0   0|   0     0 |   0     0 |   0     0 |  23    37 |02-12 19:09:44
  0   0 100   0   0   0|   0     0 |   0     0 |   0     0 |  23    43 |02-12 19:09:45
  1   0 100   0   0   0|   0     0 |5168B 2716B|   0     0 |  23    73 |02-12 19:09:46
  0   0  99   0   0   0|   0     0 | 254B   66B|   0     0 |  32    92 |02-12 19:09:47
  0   0 100   0   0   0|   0     0 |   0     0 |   0     0 |  24    41 |02-12 19:09:48
  0   0 100   0   0   0|   0     0 |   0     0 |   0     0 |  23    45 |02-12 19:09:49
  1   0 100   0   0   0|   0     0 |5844B 3494B|   0     0 |  31    76 |02-12 19:09:50
  0   0 100   0   0   0|   0     0 |   0     0 |   0     0 |  23    37 |02-12 19:09:51
  0   0 100   0   0   0|   0     0 |  74B   74B|   0     0 |  34    72 |02-12 19:09:52
  7   2  91   0   0   0|   0     0 |8969B 5469B|   0     0 | 139   435 |02-12 19:09:53
  2   3  94   0   0   1|   0  8192B|1943k   86k|   0     0 | 410  1711 |02-12 19:09:54
  2   6  87   0   0   5|   0     0 |7310k  250k|   0     0 |1123  4735 |02-12 19:09:55
  2   6  88   0   0   4|   0     0 |8992k  309k|   0     0 |1362  5688 |02-12 19:09:56
  5   8  81   0   0   6|   0     0 |  12M  419k|   0     0 |1636  6755 |02-12 19:09:57
  6   7  83   0   0   5|   0     0 |  11M  385k|   0     0 |1503  6243 |02-12 19:09:58
  4   6  86   0   0   5|   0  8192B|9639k  332k|   0     0 |1360  5574 |02-12 19:09:59
  3   7  86   0   0   5|   0     0 |  10M  347k|   0     0 |1377  5749 |02-12 19:10:00
  3   5  88   0   0   4|   0     0 |9449k  323k|   0     0 |1409  5959 |02-12 19:10:01
  4   7  82   0   0   6|   0     0 |  11M  383k|   0     0 |1508  6309 |02-12 19:10:02
  3   8  85   0   0   5|   0     0 |  11M  372k|   0     0 |1552  6400 |02-12 19:10:03
  4   8  84   0   0   4|   0     0 |  12M  425k|   0     0 |1618  6676 |02-12 19:10:04
  4   8  82   0   0   6|   0     0 |  12M  407k|   0     0 |1495  6325 |02-12 19:10:05
  5   6  81   2   0   6|   0    48k|  12M  434k|   0     0 |1640  6654 |02-12 19:10:06
  5   8  80   0   0   8|   0     0 |  11M  388k|   0     0 |1527  6270 |02-12 19:10:07
  5   9  83   0   0   4|   0     0 |  12M  438k|   0     0 |1625  6674 |02-12 19:10:08
  4   6  85   0   0   5|   0    60k|  12M  414k|   0     0 |1595  6568 |02-12 19:10:09
  4   8  81   0   0   8|   0     0 |  12M  429k|   0     0 |1701  6860 |02-12 19:10:10
  5   8  82   0   0   5|   0     0 |  13M  440k|   0     0 |1715  6950 |02-12 19:10:11
  5   9  81   0   0   5|   0     0 |  12M  412k|   0     0 |1631  6425 |02-12 19:10:12
  8   9  79   0   0   5|   0     0 |  12M  418k|   0     0 |1648  6604 |02-12 19:10:13
  3   9  83   0   0   5|   0     0 |  11M  402k|   0     0 |1525  6073 |02-12 19:10:14
  4   7  84   0   0   6|   0     0 |  12M  426k|   0     0 |1711  6799 |02-12 19:10:15
  3   7  86   0   0   4|   0     0 |  12M  430k|   0     0 |1732  6773 |02-12 19:10:16
  6   8  80   0   0   7|   0     0 |  12M  435k|   0     0 |1614  6439 |02-12 19:10:17
  4   8  84   0   0   5|   0     0 |  11M  400k|   0     0 |1654  6639 |02-12 19:10:18
  4   7  83   0   0   6|   0     0 |  12M  434k|   0     0 |1507  6159 |02-12 19:10:19
  3   6  85   0   0   6|   0     0 |  12M  415k|   0     0 |1486  6105 |02-12 19:10:20
  5   9  80   0   0   7|   0     0 |  12M  431k|   0     0 |1664  6735 |02-12 19:10:21
  5   6  83   0   0   6|   0     0 |  11M  397k|   0     0 |1498  5961 |02-12 19:10:22
  6   8  80   0   0   6|   0     0 |  13M  445k|   0     0 |1693  6844 |02-12 19:10:23
  4   8  84   0   0   4|   0  8192B|  12M  418k|   0     0 |1667  6709 |02-12 19:10:24
  6   8  80   0   0   6|   0     0 |  12M  424k|   0     0 |1637  6741 |02-12 19:10:25
  6   6  82   0   0   6|   0     0 |  12M  431k|   0     0 |1564  6525 |02-12 19:10:26
  4   9  82   0   0   5|   0     0 |  11M  389k|   0     0 |1413  5870 |02-12 19:10:27
  5  10  81   0   0   4|   0     0 |  12M  426k|   0     0 |1404  6010 |02-12 19:10:28
  3   8  82   0   0   8|   0  4096B|  12M  408k|   0     0 |1634  6746 |02-12 19:10:29
  4   7  84   0   0   5|   0     0 |  12M  434k|   0     0 |1642  6666 |02-12 19:10:30
  4   9  82   0   0   6|   0     0 |  12M  417k|   0     0 |1624  6687 |02-12 19:10:31
  5   9  81   0   0   5|   0     0 |  12M  429k|   0     0 |1649  6486 |02-12 19:10:32
  5   8  81   0   0   7|   0     0 |  12M  408k|   0     0 |1524  6306 |02-12 19:10:33
  4   5  87   0   0   4|   0     0 |  11M  399k|   0     0 |1452  6185 |02-12 19:10:34
  5   6  82   0   0   8|   0     0 |  11M  389k|   0     0 |1513  6269 |02-12 19:10:35
  5   7  83   1   0   5|   0    40k|  12M  409k|   0     0 |1571  6495 |02-12 19:10:36
  6   9  80   0   0   5|   0     0 |  10M  369k|   0     0 |1473  6053 |02-12 19:10:37
  5   9  83   0   0   3|   0     0 |  12M  413k|   0     0 |1649  6667 |02-12 19:10:38
  4   7  83   0   0   7|   0     0 |  11M  383k|   0     0 |1517  6265 |02-12 19:10:39
  5   4  86   0   0   5|   0     0 |  11M  373k|   0     0 |1420  5785 |02-12 19:10:40
  5   8  80   0   0   8|   0     0 |  12M  419k|   0     0 |1601  6322 |02-12 19:10:41
  4   8  83   0   0   5|   0     0 |  12M  404k|   0     0 |1461  6087 |02-12 19:10:42
  5   7  82   0   0   6|   0     0 |  11M  385k|   0     0 |1590  6466 |02-12 19:10:43
  2   6  88   0   0   4|   0     0 |  11M  384k|   0     0 |1537  6093 |02-12 19:10:44
  5   7  81   0   0   7|   0     0 |  12M  418k|   0     0 |1633  6664 |02-12 19:10:45
  4   7  81   0   0   8|   0     0 |  11M  399k|   0     0 |1676  6601 |02-12 19:10:46
  4  10  80   0   0   6|   0     0 |  13M  446k|   0     0 |1654  6749 |02-12 19:10:47
  6   8  82   0   0   4|   0     0 |  12M  415k|   0     0 |1627  6780 |02-12 19:10:48
  3   9  83   0   0   4|   0     0 |  12M  427k|   0     0 |1615  6678 |02-12 19:10:49
  5   8  81   0   0   6|   0     0 |  12M  412k|   0     0 |1498  6427 |02-12 19:10:50
  6   8  84   0   0   3|   0     0 |  12M  425k|   0     0 |1643  6631 |02-12 19:10:51
  5  10  81   0   0   5|   0     0 |  11M  384k|   0     0 |1462  6050 |02-12 19:10:52
  6   7  83   0   0   4|   0     0 |  12M  425k|   0     0 |1522  6350 |02-12 19:10:53
  3   4  89   0   0   4|   0     0 |9206k  314k|   0     0 |1089  5052 |02-12 19:10:54
  1   2  96   0   0   1|   0  8192B|2893k  103k|   0     0 | 728  1664 |02-12 19:10:55
  1   1  99   0   0   0|   0     0 |5168B 2716B|   0     0 |  28    54 |02-12 19:10:56
  0   1 100   0   0   0|   0     0 | 254B   66B|   0     0 |  37    90 |02-12 19:10:57
  0   0 100   0   0   0|   0     0 |   0     0 |   0     0 |  24    35 |02-12 19:10:58
  0   0 100   0   0   0|   0     0 |   0     0 |   0     0 |  23    35 |02-12 19:10:59
  0   0 100   0   0   0|   0  8192B|5422B 2782B|   0     0 |  31    79 |02-12 19:11:00
  0   0 100   0   0   0|   0     0 |   0     0 |   0     0 |  19    31 |02-12 19:11:01
  1   0  98   0   0   0|   0     0 |6119B 6075B|   0     0 |  45   124 |02-12 19:11:02
  8   3  90   0   0   0|   0     0 |7214B 4808B|   0     0 | 191   546 |02-12 19:11:03
  1   1  99   0   0   0|   0     0 |1324B  644B|   0     0 |  45   222 |02-12 19:11:04
  0   0 100   0   0   0|   0     0 |   0     0 |   0     0 |  24    50 |02-12 19:11:05
  1   0  99   0   0   0|   0     0 |5422B 2782B|   0     0 |  25    63 |02-12 19:11:06
  0   0  89  11   0   0|   0    32k|   0     0 |   0     0 |  36   113 |02-12 19:11:07
  0   0 100   0   0   0|   0     0 |   0     0 |   0     0 |  21    59 |02-12 19:11:08
  0   0 100   0   0   0|   0     0 |5422B 2782B|   0     0 |  25    59 |02-12 19:11:09
  0   0 100   0   0   0|   0    40k|   0     0 |   0     0 |  26    53 |02-12 19:11:10
  0   0 100   0   0   0|   0     0 |   0     0 |   0     0 |  21    41 |02-12 19:11:11
  1   1  99   0   0   0|   0     0 |5422B 2782B|   0     0 |  37   112 |02-12 19:11:12
  0   0 100   0   0   0|   0     0 |   0     0 |   0     0 |  23    50 |02-12 19:11:13
  0   0 100   0   0   0|   0     0 |   0     0 |   0     0 |  24    49 |02-12 19:11:14
  0   0 100   0   0   0|   0     0 |5422B 2782B|   0     0 |  25    75 |02-12 19:11:15
  0   0 100   0   0   0|   0     0 |   0     0 |   0     0 |  22    33 |02-12 19:11:16
  1   1  99   0   0   0|   0     0 |   0     0 |   0     0 |  34   105 |02-12 19:11:17
  1   0 100   0   0   0|   0     0 |5422B 2782B|   0     0 |  25    73 |02-12 19:11:18
  1   0  99   0   0   0|   0     0 |1715B 1355B|   0     0 |  31    72 |02-12 19:11:19
  7   4  89   0   0   0|   0     0 |1972B 2522B|   0     0 | 181   558 |02-12 19:11:20
  3   4  91   0   0   3|   0     0 |5008k  191k|   0     0 | 808  3030 |02-12 19:11:21
  3   5  88   0   0   5|   0     0 |7739k  263k|   0     0 |1067  4677 |02-12 19:11:22
  3   5  88   0   0   5|   0     0 |7229k  246k|   0     0 |1072  4239 |02-12 19:11:23
  5   6  84   0   0   5|   0     0 |  10M  363k|   0     0 |1380  5718 |02-12 19:11:24
  5   7  82   0   0   5|   0     0 |  11M  369k|   0     0 |1557  6339 |02-12 19:11:25
  4   8  83   0   0   6|   0  4096B|  11M  374k|   0     0 |1572  6258 |02-12 19:11:26
  4   9  82   0   0   6|   0     0 |  10M  351k|   0     0 |1514  5917 |02-12 19:11:27
  5   9  82   0   0   5|   0     0 |  11M  377k|   0     0 |1469  5799 |02-12 19:11:28
  4   9  79   0   0   8|   0     0 |  11M  397k|   0     0 |1638  6412 |02-12 19:11:29
  4   6  84   0   0   6|   0     0 |  12M  413k|   0     0 |1684  6590 |02-12 19:11:30
  4   7  84   0   0   5|   0  8192B|  11M  391k|   0     0 |1564  6331 |02-12 19:11:31
  5   8  82   0   0   5|   0     0 |  13M  440k|   0     0 |1592  6707 |02-12 19:11:32
  5   7  83   0   0   5|   0     0 |  11M  395k|   0     0 |1409  6351 |02-12 19:11:33
  5   6  83   0   0   7|   0     0 |  11M  399k|   0     0 |1647  6454 |02-12 19:11:34
  4   6  83   0   0   7|   0     0 |  11M  371k|   0     0 |1715  6314 |02-12 19:11:35
  4   9  81   0   0   6|   0  4096B|  10M  350k|   0     0 |1383  5848 |02-12 19:11:36
  4   8  81   0   0   7|   0     0 |  11M  397k|   0     0 |1612  5786 |02-12 19:11:37
  6   9  78   1   0   7|   0    60k|  13M  444k|   0     0 |1785  6630 |02-12 19:11:38
  7   7  80   0   0   7|   0     0 |  12M  429k|   0     0 |1520  6752 |02-12 19:11:39
  5   7  83   0   0   5|   0     0 |  11M  399k|   0     0 |1564  6512 |02-12 19:11:40
  5   8  81   0   0   6|   0     0 |  12M  421k|   0     0 |1750  6631 |02-12 19:11:41
  6   9  80   0   0   6|   0     0 |  11M  400k|   0     0 |1420  5927 |02-12 19:11:42
  4   6  84   0   0   7|   0     0 |  12M  414k|   0     0 |1487  6360 |02-12 19:11:43
  5   8  83   0   0   5|   0     0 |  12M  404k|   0     0 |1641  6455 |02-12 19:11:44
  5   8  81   0   0   7|   0     0 |  12M  419k|   0     0 |1396  6348 |02-12 19:11:45
  3   7  84   0   0   6|   0     0 |  11M  398k|   0     0 |1500  5968 |02-12 19:11:46
  4   7  83   0   0   6|   0     0 |  11M  406k|   0     0 |1541  6446 |02-12 19:11:47
  5   6  83   0   0   6|   0     0 |  12M  417k|   0     0 |1516  6405 |02-12 19:11:48
  5   7  82   0   0   6|   0     0 |  12M  421k|   0     0 |1796  6571 |02-12 19:11:49
  4   6  84   0   0   5|   0     0 |  11M  393k|   0     0 |1471  6228 |02-12 19:11:50
  5   6  84   0   0   6|   0  8192B|  12M  424k|   0     0 |1590  6382 |02-12 19:11:51
  4   7  81   0   0   8|   0     0 |  11M  372k|   0     0 |1535  5930 |02-12 19:11:52
  5   6  85   0   0   4|   0     0 |  12M  403k|   0     0 |1471  5909 |02-12 19:11:53
  5   7  82   0   0   6|   0     0 |  12M  418k|   0     0 |1665  6410 |02-12 19:11:54
  5   5  86   0   0   4|   0     0 |  11M  408k|   0     0 |1854  6877 |02-12 19:11:55
  3   5  86   0   0   6|   0     0 |  12M  412k|   0     0 |1714  6411 |02-12 19:11:56
  6   9  81   0   0   5|   0     0 |  12M  426k|   0     0 |1529  6253 |02-12 19:11:57
  4   6  84   0   0   6|   0     0 |  11M  397k|   0     0 |1504  5794 |02-12 19:11:58
  5   4  84   0   0   7|   0     0 |  12M  411k|   0     0 |1557  6280 |02-12 19:11:59
  6   7  83   0   0   4|   0     0 |  13M  443k|   0     0 |1595  6534 |02-12 19:12:00
  6   6  82   0   0   6|   0     0 |  13M  439k|   0     0 |1722  6742 |02-12 19:12:01
  5   9  82   0   0   5|   0  4096B|  11M  403k|   0     0 |1481  5923 |02-12 19:12:02
  5   9  80   0   0   7|   0     0 |  12M  427k|   0     0 |1653  6568 |02-12 19:12:03
  5   7  84   0   0   4|   0     0 |  12M  412k|   0     0 |1603  6390 |02-12 19:12:04
  4   9  82   0   0   5|   0     0 |  11M  400k|   0     0 |1502  6327 |02-12 19:12:05
  3  10  80   0   0   8|   0     0 |  12M  419k|   0     0 |1570  6703 |02-12 19:12:06
  3   7  85   0   0   5|   0     0 |  11M  384k|   0     0 |1479  5842 |02-12 19:12:07
  6   7  82   1   0   4|   0    20k|  12M  412k|   0     0 |1606  6502 |02-12 19:12:08
  4   8  83   0   0   5|   0     0 |  12M  424k|   0     0 |1632  6708 |02-12 19:12:09
  5  10  79   0   0   6|   0     0 |  12M  412k|   0     0 |1522  6580 |02-12 19:12:10
  3   6  84   0   0   7|   0     0 |  12M  433k|   0     0 |1671  6749 |02-12 19:12:11
  5   8  84   0   0   4|   0    48k|  12M  404k|   0     0 |1451  6175 |02-12 19:12:12
  4   6  83   0   0   7|   0     0 |  11M  408k|   0     0 |1528  6199 |02-12 19:12:13
  3   7  84   0   0   6|   0     0 |  12M  403k|   0     0 |1793  6720 |02-12 19:12:14
  4   9  81   0   0   6|   0     0 |  12M  416k|   0     0 |1704  6716 |02-12 19:12:15
  5   9  81   0   0   5|   0     0 |  12M  415k|   0     0 |1363  5598 |02-12 19:12:16
  5   6  84   0   0   6|   0     0 |  12M  416k|   0     0 |1444  5630 |02-12 19:12:17
  4   5  84   0   0   7|   0     0 |  12M  407k|   0     0 |1341  5116 |02-12 19:12:18
  4   8  83   0   0   5|   0     0 |  11M  397k|   0     0 |1608  6057 |02-12 19:12:19
  4   6  84   0   0   6|   0     0 |  11M  401k|   0     0 |1663  6190 |02-12 19:12:20
  1   2  97   0   0   1|   0     0 |1614k   53k|   0     0 | 240   871 |02-12 19:12:21
  1   1  99   0   0   0|   0  8192B|9940B 7328B|   0     0 |  48   219 |02-12 19:12:22
  0   1  99   0   0   0|   0     0 |   0     0 |   0     0 |  34    75 |02-12 19:12:23
  0   0 100   0   0   0|   0     0 |   0     0 |   0     0 |  25    45 |02-12 19:12:24
  1   0  99   0   0   0|   0     0 |5422B 2782B|   0     0 |  31    80 |02-12 19:12:25
  0   0 100   0   0   0|   0     0 |   0     0 |   0     0 |  24    41 |02-12 19:12:26
  0   0 100   0   0   0|   0     0 |   0     0 |   0     0 |  25    53 |02-12 19:12:27
  1   1  98   0   0   0|   0     0 |8100B 8348B|   0     0 |  63   192 |02-12 19:12:28
  0   0 100   0   0   0|   0     0 |  74B   74B|   0     0 |  24    46 |02-12 19:12:29
  4   2  94   0   0   0|   0     0 |7771B 6845B|   0     0 | 135   359 |02-12 19:12:30
  7   2  91   0   0   0|   0     0 |6812B 4608B|   0     0 | 119   448 |02-12 19:12:31
  0   0 100   0   0   0|   0     0 |   0     0 |   0     0 |  24    48 |02-12 19:12:32
  0   0 100   0   0   0|   0     0 |   0     0 |   0     0 |  34    72 |02-12 19:12:33
  1   0  99   0   0   0|   0     0 |5422B 2782B|   0     0 |  23    55 |02-12 19:12:34
  0   0 100   0   0   0|   0     0 |   0     0 |   0     0 |  18    24 |02-12 19:12:35
  0   0 100   0   0   0|   0     0 |   0     0 |   0     0 |  19    31 |02-12 19:12:36
  1   0 100   0   0   0|   0  8192B|5590B 2974B|   0     0 |  26    83 |02-12 19:12:37
  1   0  99   0   0   0|   0     0 |   0     0 |   0     0 |  40    96 |02-12 19:12:38
  0   0  99   1   0   0|   0    48k|   0     0 |   0     0 |  24    47 |02-12 19:12:39
  0   0 100   0   0   0|   0     0 |5422B 2782B|   0     0 |  29    75 |02-12 19:12:40
  1   0  99   0   0   0|   0     0 |   0     0 |   0     0 |  28   172 |02-12 19:12:41
  0   0 100   0   0   0|   0     0 |   0     0 |   0     0 |  19    29 |02-12 19:12:42
  1   1  99   0   0   0|   0     0 |5422B 2782B|   0     0 |  41   111 |02-12 19:12:43
  0   0 100   0   0   0|   0     0 |   0     0 |   0     0 |  23    44 |02-12 19:12:44
  0   0 100   0   0   0|   0     0 |   0     0 |   0     0 |  18    28 |02-12 19:12:45
  1   0  99   0   0   0|   0     0 |5496B 2856B|   0     0 |  21    59 |02-12 19:12:46
  1   1  98   0   0   1|   0     0 |1947B 2019B|   0     0 |  39   107 |02-12 19:12:47
  8   3  88   0   0   1|   0     0 |  11k   16k|   0     0 | 204   575 |02-12 19:12:48
  4   3  90   0   0   2|   0     0 |8511k  297k|   0     0 |1044  4424 |02-12 19:12:49
  6   5  83   0   0   6|   0     0 |  13M  443k|   0     0 |1587  6444 |02-12 19:12:50
  4   9  81   0   0   6|   0     0 |  13M  439k|   0     0 |1467  5468 |02-12 19:12:51
  6   9  79   0   0   6|   0     0 |  12M  438k|   0     0 |1408  5589 |02-12 19:12:52
  5   8  82   0   0   5|   0  4096B|  12M  433k|   0     0 |1269  4889 |02-12 19:12:53
  5   9  81   0   0   6|   0     0 |  12M  430k|   0     0 |1469  5553 |02-12 19:12:54
  6   9  80   0   0   6|   0     0 |  12M  435k|   0     0 |1267  5128 |02-12 19:12:55
  4   9  80   0   0   8|   0     0 |  12M  424k|   0     0 |1569  6101 |02-12 19:12:56
  5   7  83   0   0   5|   0     0 |  12M  430k|   0     0 |1452  5492 |02-12 19:12:57
  6   9  79   0   0   6|   0     0 |  12M  432k|   0     0 |1352  5279 |02-12 19:12:58
  6   7  82   0   0   4|   0     0 |  12M  435k|   0     0 |1364  5370 |02-12 19:12:59
  4   8  81   0   0   8|   0     0 |  13M  440k|   0     0 |1443  5403 |02-12 19:13:00
  4   7  82   0   0   6|   0     0 |  12M  432k|   0     0 |1455  5597 |02-12 19:13:01
  3   6  85   0   0   6|   0     0 |  12M  432k|   0     0 |1451  5684 |02-12 19:13:02
  6  10  78   0   0   6|   0  4096B|  12M  435k|   0     0 |1332  5692 |02-12 19:13:03
  7   7  80   0   0   7|   0     0 |  12M  436k|   0     0 |1248  5283 |02-12 19:13:04
  4   9  81   0   0   7|   0     0 |  12M  428k|   0     0 |1288  5221 |02-12 19:13:05
  6   8  81   0   0   6|   0     0 |  12M  430k|   0     0 |1312  5116 |02-12 19:13:06
  6   7  82   0   0   5|   0     0 |  13M  442k|   0     0 |1314  4921 |02-12 19:13:07
  4  13  80   0   0   4|   0  8192B|  12M  431k|   0     0 |1128  4678 |02-12 19:13:08
  5   6  81   0   0   8|   0     0 |  12M  433k|   0     0 |1256  5058 |02-12 19:13:09
  4   6  82   1   0   6|   0    40k|  12M  439k|   0     0 |1154  4650 |02-12 19:13:10
  4   7  83   0   0   5|   0     0 |  12M  436k|   0     0 |1282  4870 |02-12 19:13:11
  4   9  80   0   0   7|   0     0 |  12M  435k|   0     0 |1214  4645 |02-12 19:13:12
  5   8  82   0   0   6|   0    48k|  12M  437k|   0     0 |1214  4470 |02-12 19:13:13
  4   8  82   0   0   7|   0     0 |  12M  433k|   0     0 |1428  5102 |02-12 19:13:14
  3   7  84   0   0   6|   0     0 |  12M  437k|   0     0 |1394  5303 |02-12 19:13:15
  5   8  81   0   0   6|   0     0 |  12M  433k|   0     0 |1307  4697 |02-12 19:13:16
  4   9  81   0   0   6|   0     0 |  13M  438k|   0     0 |1193  4835 |02-12 19:13:17
  6   9  78   0   0   8|   0     0 |  12M  429k|   0     0 |1205  4714 |02-12 19:13:18
  6   9  80   0   0   6|   0     0 |  12M  435k|   0     0 |1264  4614 |02-12 19:13:19
  6  10  77   0   0   6|   0     0 |  12M  435k|   0     0 |1088  4748 |02-12 19:13:20
  4   9  84   0   0   4|   0     0 |  12M  429k|   0     0 |1157  4400 |02-12 19:13:21
  6   8  81   0   0   5|   0     0 |  12M  433k|   0     0 |1219  5008 |02-12 19:13:22
  4   8  82   0   0   6|   0  8192B|  12M  429k|   0     0 |1106  4424 |02-12 19:13:23
  5   9  81   0   0   5|   0     0 |  12M  431k|   0     0 |1178  4594 |02-12 19:13:24
  6   7  81   0   0   6|   0     0 |  12M  431k|   0     0 |1242  4932 |02-12 19:13:25
  6   7  80   0   0   7|   0     0 |  12M  441k|   0     0 |1255  5066 |02-12 19:13:26
  5   8  82   0   0   5|   0     0 |  12M  436k|   0     0 |1167  4823 |02-12 19:13:27
  5  13  78   0   0   5|   0     0 |  12M  441k|   0     0 |1192  4830 |02-12 19:13:28
  6   8  82   0   0   4|   0     0 |  12M  436k|   0     0 |1178  4603 |02-12 19:13:29
  4   7  83   0   0   5|   0     0 |  12M  438k|   0     0 |1319  4698 |02-12 19:13:30
  4   7  84   0   0   5|   0     0 |  12M  434k|   0     0 |1183  4808 |02-12 19:13:31
  4   9  81   0   0   6|   0     0 |  12M  434k|   0     0 |1075  4542 |02-12 19:13:32
  6   7  81   0   0   5|   0     0 |  12M  433k|   0     0 |1153  4781 |02-12 19:13:33
  4   7  84   0   0   5|   0     0 |  12M  436k|   0     0 |1127  4691 |02-12 19:13:34
  5   6  82   0   0   6|   0     0 |  12M  435k|   0     0 |1181  4538 |02-12 19:13:35
  6   9  81   0   0   5|   0     0 |  12M  430k|   0     0 |1290  4864 |02-12 19:13:36
  6   8  81   0   0   6|   0     0 |  12M  429k|   0     0 |1207  5013 |02-12 19:13:37
  6  10  78   0   0   6|   0     0 |  12M  436k|   0     0 |1123  4653 |02-12 19:13:38
  5   8  82   0   0   6|   0  4096B|  12M  437k|   0     0 |1255  4872 |02-12 19:13:39
  6   9  78   2   0   6|   0    40k|  12M  430k|   0     0 |1298  5111 |02-12 19:13:40
  6   8  80   0   0   7|   0     0 |  12M  435k|   0     0 |1139  4796 |02-12 19:13:41
  4   8  83   0   0   5|   0     0 |  12M  434k|   0     0 |1201  4881 |02-12 19:13:42
  6  10  79   0   0   6|   0     0 |  12M  434k|   0     0 |1228  4795 |02-12 19:13:43
  5   8  81   0   0   6|   0     0 |  12M  436k|   0     0 |1112  4616 |02-12 19:13:44
  4   8  84   0   0   4|   0     0 |  12M  437k|   0     0 |1255  4699 |02-12 19:13:45
  4   6  84   0   0   6|   0     0 |  12M  428k|   0     0 |1195  4478 |02-12 19:13:46
  5   8  80   0   0   7|   0     0 |  12M  434k|   0     0 |1087  4541 |02-12 19:13:47
  6   8  80   0   0   6|   0     0 |  12M  431k|   0     0 | 991  4152 |02-12 19:13:48
  0   0 100   0   0   0|   0     0 |4224B 4414B|   0     0 |  23    68 |02-12 19:13:49
  2   0  98   0   0   0|   0     0 |5716B 2914B|   0     0 |  46   205 |02-12 19:13:50
  0   0 100   0   0   0|   0     0 |   0     0 |   0     0 |  23    38 |02-12 19:13:51
  0   0 100   0   0   0|   0     0 |   0     0 |   0     0 |  23    42 |02-12 19:13:52
  1   1  99   0   0   0|   0     0 |5844B 3494B|   0     0 |  37   110 |02-12 19:13:53
  0   0 100   0   0   0|   0     0 |   0     0 |   0     0 |  18    38 |02-12 19:13:54
  0   0 100   0   0   0|   0     0 |   0     0 |   0     0 |  19    24 |02-12 19:13:55
  0   0 100   0   0   0|   0     0 |5422B 2782B|   0     0 |  21    56 |02-12 19:13:56
  1   0  99   0   0   0|   0     0 |6377B 6317B|   0     0 |  34    96 |02-12 19:13:57
  7   5  88   0   0   0|   0     0 |2498B 2296B|   0     0 | 188   543 |02-12 19:13:58
  1   1  99   0   0   0|   0  8192B|5782B 2914B|   0     0 |  37   219 |02-12 19:13:59
  0   0 100   0   0   0|   0     0 |   0     0 |   0     0 |  19    30 |02-12 19:14:00
  0   0 100   0   0   0|   0     0 |   0     0 |   0     0 |  25    49 |02-12 19:14:01
  1   0  99   0   0   0|   0     0 |5422B 2782B|   0     0 |  26    58 |02-12 19:14:02
  0   1 100   0   0   0|   0     0 |   0     0 |   0     0 |  34    83 |02-12 19:14:03
  0   0 100   0   0   0|   0     0 |   0     0 |   0     0 |  23    50 |02-12 19:14:04
  0   0  99   0   0   0|   0     0 |5422B 2782B|   0     0 |  30    80 |02-12 19:14:05
  0   0 100   0   0   0|   0     0 |   0     0 |   0     0 |  23    41 |02-12 19:14:06
  0   0 100   0   0   0|   0     0 |   0     0 |   0     0 |  23    43 |02-12 19:14:07
  1   1  99   0   0   0|   0     0 |5422B 2782B|   0     0 |  41   109 |02-12 19:14:08
  0   0 100   0   0   0|   0     0 |   0     0 |   0     0 |  24    47 |02-12 19:14:09
  0   0 100   0   0   0|   0  8192B|   0     0 |   0     0 |  22    49 |02-12 19:14:10
  1   0  95   5   0   0|   0    36k|5422B 2782B|   0     0 |  26    87 |02-12 19:14:11
  0   0 100   0   0   0|   0     0 |   0     0 |   0     0 |  23    47 |02-12 19:14:12
  0   1  99   0   0   0|   0     0 |   0     0 |   0     0 |  32    80 |02-12 19:14:13
  1   0 100   0   0   0|   0     0 |5496B 2856B|   0     0 |  24    58 |02-12 19:14:14
  8   4  88   0   0   0|   0    44k|3547B 3693B|   0     0 | 196   560 |02-12 19:14:15
  1   3  92   0   0   4|   0     0 |6391k  236k|   0     0 | 892  3460 |02-12 19:14:16
  6   9  80   0   0   5|   0     0 |  14M  480k|   0     0 |1603  6279 |02-12 19:14:17
  4   9  81   0   0   7|   0     0 |  12M  435k|   0     0 |1567  6120 |02-12 19:14:18
  6   6  83   0   0   5|   0     0 |  12M  433k|   0     0 |1427  5488 |02-12 19:14:19
  6  10  79   0   0   4|   0  8192B|  12M  435k|   0     0 |1346  5404 |02-12 19:14:20
  4   9  80   0   0   8|   0     0 |  12M  434k|   0     0 |1356  5279 |02-12 19:14:21
  3   7  84   0   0   6|   0     0 |  12M  434k|   0     0 |1447  5700 |02-12 19:14:22
  6  11  77   0   0   7|   0     0 |  12M  439k|   0     0 |1321  5012 |02-12 19:14:23
  5   9  80   0   0   6|   0     0 |  12M  430k|   0     0 |1309  5224 |02-12 19:14:24
  6  10  79   0   0   6|   0     0 |  13M  436k|   0     0 |1194  4659 |02-12 19:14:25
  5   7  82   0   0   7|   0     0 |  12M  433k|   0     0 |1319  5140 |02-12 19:14:26
  4   8  82   0   0   6|   0     0 |  12M  435k|   0     0 |1340  5033 |02-12 19:14:27
  5  11  80   0   0   5|   0     0 |  12M  441k|   0     0 |1240  5203 |02-12 19:14:28
  5   9  80   0   0   7|   0     0 |  12M  427k|   0     0 |1262  4875 |02-12 19:14:29
  5   8  81   0   0   7|   0  4096B|  12M  435k|   0     0 |1209  5028 |02-12 19:14:30
  4   9  82   0   0   6|   0     0 |  12M  432k|   0     0 |1219  4876 |02-12 19:14:31
  7   8  82   0   0   4|   0     0 |  12M  436k|   0     0 |1230  4994 |02-12 19:14:32
  5   9  80   0   0   5|   0     0 |  12M  437k|   0     0 |1184  4823 |02-12 19:14:33
  6   6  82   0   0   7|   0     0 |  12M  436k|   0     0 |1177  4716 |02-12 19:14:34
  5   9  82   0   0   5|   0     0 |  12M  432k|   0     0 |1140  4671 |02-12 19:14:35
  7   8  80   0   0   6|   0     0 |  12M  433k|   0     0 |1141  4468 |02-12 19:14:36
  4  11  79   0   0   6|   0     0 |  12M  440k|   0     0 |1277  5243 |02-12 19:14:37
  6   7  80   0   0   8|   0     0 |  12M  430k|   0     0 |1127  4551 |02-12 19:14:38
  5   8  81   0   0   5|   0     0 |  12M  439k|   0     0 |1272  5055 |02-12 19:14:39
  6   8  82   0   0   4|   0     0 |  12M  434k|   0     0 |1126  4489 |02-12 19:14:40
  5   8  82   0   0   5|   0     0 |  12M  436k|   0     0 |1196  4607 |02-12 19:14:41
  5   7  79   3   0   6|   0    64k|  12M  438k|   0     0 |1328  4958 |02-12 19:14:42
  5  10  79   0   0   7|   0     0 |  12M  434k|   0     0 |1222  4786 |02-12 19:14:43
  6  10  79   0   0   5|   0     0 |  12M  431k|   0     0 |1282  4887 |02-12 19:14:44
  6   7  83   0   0   5|   0  8192B|  12M  439k|   0     0 |1203  4791 |02-12 19:14:45
  4  10  82   0   0   5|   0     0 |  12M  434k|   0     0 |1273  4929 |02-12 19:14:46
  4  11  79   0   0   7|   0     0 |  12M  434k|   0     0 |1180  4564 |02-12 19:14:47
  5   9  80   0   0   7|   0     0 |  12M  435k|   0     0 |1215  4958 |02-12 19:14:48
  5   7  83   0   0   5|   0     0 |  12M  437k|   0     0 |1145  4732 |02-12 19:14:49
  5  10  81   0   0   4|   0  8192B|  12M  429k|   0     0 |1154  4444 |02-12 19:14:50
  6   8  79   0   0   8|   0     0 |  12M  434k|   0     0 |1183  4611 |02-12 19:14:51
  3   9  82   0   0   6|   0     0 |  13M  438k|   0     0 |1258  4899 |02-12 19:14:52
  4  10  78   0   0   9|   0     0 |  12M  432k|   0     0 |1048  4133 |02-12 19:14:53
  4  10  80   0   0   6|   0     0 |  13M  448k|   0     0 |1117  4816 |02-12 19:14:54
  4   7  83   0   0   6|   0     0 |  12M  439k|   0     0 |1188  4989 |02-12 19:14:55
  5   9  82   0   0   4|   0     0 |  12M  436k|   0     0 |1220  4735 |02-12 19:14:56
  3  10  81   0   0   6|   0     0 |  13M  444k|   0     0 |1151  4495 |02-12 19:14:57
  3   7  84   0   0   6|   0     0 |  12M  434k|   0     0 |1122  4647 |02-12 19:14:58
  6   8  79   0   0   7|   0     0 |  13M  437k|   0     0 |1235  4901 |02-12 19:14:59
  7  10  80   0   0   4|   0     0 |  12M  436k|   0     0 |1143  4642 |02-12 19:15:00
  5   8  82   0   0   5|   0     0 |  12M  434k|   0     0 |1214  4738 |02-12 19:15:01
  4   9  81   0   0   6|   0     0 |  12M  436k|   0     0 |1234  4651 |02-12 19:15:02
  7   8  79   0   0   6|   0     0 |  12M  436k|   0     0 |1263  4925 |02-12 19:15:03
  5   9  81   0   0   6|   0     0 |  12M  436k|   0     0 |1116  4702 |02-12 19:15:04
  5   6  85   0   0   4|   0     0 |  13M  437k|   0     0 |1137  4446 |02-12 19:15:05
  5   7  82   0   0   5|   0     0 |  12M  436k|   0     0 |1072  4423 |02-12 19:15:06
  5   9  82   0   0   4|   0     0 |  12M  437k|   0     0 |1247  5293 |02-12 19:15:07
  6   8  80   0   0   6|   0     0 |  12M  431k|   0     0 |1234  4888 |02-12 19:15:08
  6   6  83   0   0   5|   0     0 |  12M  437k|   0     0 |1236  5165 |02-12 19:15:09
  4   7  83   0   0   6|   0     0 |  13M  441k|   0     0 |1357  5371 |02-12 19:15:10
  5   6  84   0   0   6|   0     0 |  12M  435k|   0     0 |1266  5063 |02-12 19:15:11
  5   9  79   2   0   5|   0    24k|  13M  441k|   0     0 |1229  4926 |02-12 19:15:12
  5  10  81   0   0   4|   0     0 |  12M  435k|   0     0 |1149  4586 |02-12 19:15:13
  6   9  81   0   0   4|   0     0 |  12M  433k|   0     0 |1136  4886 |02-12 19:15:14
  4   8  81   0   0   8|   0     0 |  12M  437k|   0     0 |1166  4825 |02-12 19:15:15
  1   2  97   0   0   1|   0    64k|2202k   73k|   0     0 | 227   848 |02-12 19:15:16
  1   1  99   0   0   0|   0     0 |4518B 4546B|   0     0 |  38   215 |02-12 19:15:17
  1   1  98   0   0   0|   0     0 |5422B 2782B|   0     0 |  37   110 |02-12 19:15:18
  0   0 100   0   0   0|   0     0 |   0     0 |   0     0 |  19    30 |02-12 19:15:19
  0   0 100   0   0   0|   0     0 |   0     0 |   0     0 |  19    33 |02-12 19:15:20
  1   0  99   0   0   0|   0  8192B|5422B 2782B|   0     0 |  27    78 |02-12 19:15:21
  0   0 100   0   0   0|   0     0 |   0     0 |   0     0 |  23    36 |02-12 19:15:22
  1   0 100   0   0   0|   0     0 |   0     0 |   0     0 |  33    86 |02-12 19:15:23
  1   0  99   0   0   0|   0     0 |5422B 2782B|   0     0 |  31    69 |02-12 19:15:24
  1   1  98   0   0   0|   0     0 |6135B 6141B|   0     0 |  35    82 |02-12 19:15:25
  8   3  89   0   0   0|   0     0 |1644B 1960B|   0     0 | 179   501 |02-12 19:15:26
  2   1  98   0   0   0|   0     0 |6746B 3426B|   0     0 |  48   256 |02-12 19:15:27
  0   1 100   0   0   0|   0     0 |   0     0 |   0     0 |  30    70 |02-12 19:15:28
  1   1  99   0   0   0|   0     0 |2245B 2354B|   0     0 |  37   106 |02-12 19:15:29
  1   0  99   0   0   0|   0     0 |5422B 2782B|   0     0 |  24    56 |02-12 19:15:30
  0   0 100   0   0   0|   0     0 |   0     0 |   0     0 |  21    40 |02-12 19:15:31
  0   0 100   0   0   0|   0     0 |   0     0 |   0     0 |  19    28 |02-12 19:15:32
  1   1  99   0   0   0|   0     0 |5422B 2782B|   0     0 |  40   113 |02-12 19:15:33
  0   0 100   0   0   0|   0     0 |   0     0 |   0     0 |  21    38 |02-12 19:15:34
  0   0 100   0   0   0|   0     0 |   0     0 |   0     0 |  18    24 |02-12 19:15:35
  1   0  99   0   0   0|   0     0 |5422B 2782B|   0     0 |  23    62 |02-12 19:15:36
  0   0 100   0   0   0|   0     0 |   0     0 |   0     0 |  21    48 |02-12 19:15:37
  1   1  99   0   0   0|   0     0 |   0     0 |   0     0 |  30    75 |02-12 19:15:38
  0   0  99   0   0   0|   0     0 |5422B 2782B|   0     0 |  22    60 |02-12 19:15:39
  0   0 100   0   0   0|   0     0 |   0     0 |   0     0 |  18    26 |02-12 19:15:40
  0   0 100   0   0   0|   0     0 |   0     0 |   0     0 |  24    69 |02-12 19:15:41
  1   0 100   0   0   0|   0     0 |5168B 2716B|   0     0 |  22    54 |02-12 19:15:42
  2   0  97   1   0   0|   0    32k|2541B 2269B|   0     0 |  59   176 |02-12 19:15:43
  7   4  89   0   0   0|   0     0 | 111k   20k|   0     0 | 201   617 |02-12 19:15:44
  6   7  82   0   0   5|   0     0 |  11M  373k|   0     0 |1495  5999 |02-12 19:15:45
  6   8  79   0   0   7|   0     0 |  13M  446k|   0     0 |1577  6341 |02-12 19:15:46
  4   8  82   0   0   5|   0    12k|  12M  430k|   0     0 |1496  5613 |02-12 19:15:47
  6   9  80   0   0   4|   0     0 |  12M  429k|   0     0 |1266  5138 |02-12 19:15:48
  4   8  84   0   0   4|   0     0 |  11M  387k|   0     0 |1472  5529 |02-12 19:15:49
  4  10  80   0   0   7|   0     0 |  12M  432k|   0     0 |1355  5115 |02-12 19:15:50
  4   9  83   0   0   5|   0     0 |  12M  432k|   0     0 |1286  5483 |02-12 19:15:51
  5   5  85   0   0   4|   0     0 |  12M  438k|   0     0 |1304  5366 |02-12 19:15:52
  6   8  79   0   0   7|   0     0 |  12M  430k|   0     0 |1240  5054 |02-12 19:15:53
  6   8  81   0   0   5|   0     0 |  12M  430k|   0     0 |1300  5143 |02-12 19:15:54
  6   9  82   0   0   4|   0     0 |  12M  438k|   0     0 |1345  5256 |02-12 19:15:55
  4  10  81   0   0   6|   0     0 |  12M  429k|   0     0 |1116  4885 |02-12 19:15:56
  4   9  82   0   0   5|   0  4096B|  12M  432k|   0     0 |1298  5443 |02-12 19:15:57
  5  10  79   0   0   6|   0     0 |  12M  433k|   0     0 |1170  4880 |02-12 19:15:58
  6   9  80   0   0   6|   0     0 |  12M  432k|   0     0 |1237  4995 |02-12 19:15:59
  4   8  82   0   0   6|   0     0 |  12M  432k|   0     0 |1202  4770 |02-12 19:16:00
  6   7  81   0   0   6|   0     0 |  12M  435k|   0     0 |1255  4876 |02-12 19:16:01
  7  10  77   0   0   7|   0     0 |  12M  433k|   0     0 |1201  4614 |02-12 19:16:02
  4   9  81   0   0   7|   0     0 |  12M  427k|   0     0 |1178  4585 |02-12 19:16:03
  7   9  78   0   0   6|   0     0 |  12M  434k|   0     0 |1081  4251 |02-12 19:16:04
  3   9  81   0   0   7|   0     0 |  12M  428k|   0     0 |1171  4537 |02-12 19:16:05
  5  10  80   0   0   6|   0     0 |  12M  432k|   0     0 |1211  4469 |02-12 19:16:06
  6   9  81   0   0   4|   0     0 |  12M  436k|   0     0 |1290  4995 |02-12 19:16:07
  5   9  81   0   0   5|   0     0 |  12M  430k|   0     0 |1182  4842 |02-12 19:16:08
  5  10  82   0   0   3|   0     0 |  12M  433k|   0     0 |1131  4768 |02-12 19:16:09
  3   9  82   0   0   6|   0     0 |  12M  438k|   0     0 |1397  5190 |02-12 19:16:10
  4   7  82   0   0   6|   0     0 |  12M  434k|   0     0 |1372  5113 |02-12 19:16:11
  3  10  82   0   0   5|   0     0 |  12M  436k|   0     0 |1211  4763 |02-12 19:16:12
  7   8  80   0   0   5|   0     0 |  12M  428k|   0     0 |1186  4731 |02-12 19:16:13
  6  10  77   2   0   6|   0    44k|  12M  431k|   0     0 |1192  4608 |02-12 19:16:14
  4   7  82   0   0   6|   0     0 |  12M  435k|   0     0 |1282  4644 |02-12 19:16:15
  5   7  81   0   0   6|   0     0 |  12M  437k|   0     0 |1231  4867 |02-12 19:16:16
  7   8  79   0   0   7|   0     0 |  12M  431k|   0     0 |1263  4878 |02-12 19:16:17
  5  11  79   0   0   5|   0    52k|  12M  431k|   0     0 |1304  5063 |02-12 19:16:18
  8  10  76   0   0   6|   0     0 |  12M  434k|   0     0 |1180  4712 |02-12 19:16:19
  5   9  81   0   0   5|   0     0 |  12M  432k|   0     0 |1262  4755 |02-12 19:16:20
  5  11  80   0   0   4|   0     0 |  12M  432k|   0     0 |1224  4768 |02-12 19:16:21
  4  11  79   0   0   6|   0     0 |  12M  434k|   0     0 |1260  5083 |02-12 19:16:22
  5   6  82   0   0   7|   0     0 |  12M  435k|   0     0 |1197  5050 |02-12 19:16:23
  3   7  82   0   0   8|   0     0 |  12M  434k|   0     0 |1336  5060 |02-12 19:16:24
  4   7  81   0   0   8|   0     0 |  12M  438k|   0     0 |1275  4853 |02-12 19:16:25
  5   8  82   0   0   5|   0     0 |  12M  432k|   0     0 |1281  4662 |02-12 19:16:26
  4   9  83   0   0   4|   0     0 |  12M  431k|   0     0 |1274  4886 |02-12 19:16:27
  5   9  80   0   0   6|   0     0 |  12M  437k|   0     0 |1126  4721 |02-12 19:16:28
  5   8  81   0   0   5|   0     0 |  12M  429k|   0     0 |1139  4813 |02-12 19:16:29
  4   9  82   0   0   5|   0     0 |  12M  431k|   0     0 |1130  4376 |02-12 19:16:30
  4   6  82   0   0   8|   0     0 |  12M  436k|   0     0 |1150  4549 |02-12 19:16:31
  6   8  81   0   0   6|   0     0 |  12M  429k|   0     0 |1135  4641 |02-12 19:16:32
  5   6  81   0   0   9|   0     0 |  12M  431k|   0     0 |1114  4389 |02-12 19:16:33
  4   6  84   0   0   6|   0     0 |  12M  438k|   0     0 |1114  4691 |02-12 19:16:34
  6   8  82   0   0   5|   0     0 |  12M  430k|   0     0 |1061  4608 |02-12 19:16:35
  7  10  77   0   0   6|   0     0 |  12M  431k|   0     0 |1187  4794 |02-12 19:16:36
  4  11  80   0   0   5|   0     0 |  12M  431k|   0     0 |1053  4789 |02-12 19:16:37
  4   7  81   0   0   8|   0     0 |  12M  431k|   0     0 |1131  4807 |02-12 19:16:38
  5  10  80   0   0   5|   0     0 |  12M  431k|   0     0 |1104  4455 |02-12 19:16:39
  4   9  81   0   0   6|   0     0 |  12M  433k|   0     0 |1123  4587 |02-12 19:16:40
  4   8  84   0   0   4|   0     0 |  12M  430k|   0     0 |1186  4492 |02-12 19:16:41
  5   8  82   0   0   5|   0     0 |  12M  423k|   0     0 |1029  4120 |02-12 19:16:42
  5  10  82   0   0   3|   0     0 |  12M  430k|   0     0 |1174  4652 |02-12 19:16:43
  4   6  82   3   0   5|   0    24k|9445k  321k|   0     0 | 796  3512 |02-12 19:16:44
  0   1  99   0   0   0|   0     0 |4518B 4546B|   0     0 |  49   229 |02-12 19:16:45
  0   0 100   0   0   0|   0     0 |5422B 2782B|   0     0 |  31    75 |02-12 19:16:46
  0   0 100   0   0   0|   0     0 |   0     0 |   0     0 |  23    41 |02-12 19:16:47
  0   0 100   0   0   0|   0     0 |   0     0 |   0     0 |  20    28 |02-12 19:16:48
  0   0 100   0   0   0|   0    12k|5422B 2782B|   0     0 |  37   102 |02-12 19:16:49
  0   0 100   0   0   0|   0     0 |   0     0 |   0     0 |  22    50 |02-12 19:16:50
  0   0 100   0   0   0|   0     0 |   0     0 |   0     0 |  23    30 |02-12 19:16:51
  0   0 100   0   0   0|   0     0 |   0     0 |   0     0 |  23    42 |02-12 19:16:52
  1   0  99   0   0   0|   0     0 |5422B 2782B|   0     0 |  21    60 |02-12 19:16:53
  1   1  99   0   0   0|   0     0 |6135B 6141B|   0     0 |  45   125 |02-12 19:16:54
  7   4  89   0   0   1|   0     0 |1578B 1850B|   0     0 | 191   554 |02-12 19:16:55
  1   1  98   0   0   0|   0     0 |7234B 4248B|   0     0 |  45   249 |02-12 19:16:56
  0   0 100   0   0   0|   0     0 |   0     0 |   0     0 |  21    42 |02-12 19:16:57
  0   0 100   0   0   0|   0     0 |   0     0 |   0     0 |  18    29 |02-12 19:16:58
  1   1  99   0   0   0|   0     0 |5422B 2782B|   0     0 |  35    99 |02-12 19:16:59
  0   0 100   0   0   0|   0     0 |   0     0 |   0     0 |  19    26 |02-12 19:17:00
  0   0 100   0   0   0|   0     0 |   0     0 |   0     0 |  18    28 |02-12 19:17:01
  1   1  99   0   0   0|   0     0 |5422B 2782B|   0     0 |  51   153 |02-12 19:17:02
  0   0 100   0   0   0|   0     0 |   0     0 |   0     0 |  21    31 |02-12 19:17:03
  1   1  99   0   0   0|   0     0 |   0     0 |   0     0 |  31    73 |02-12 19:17:04
  2   0  98   0   0   0|   0     0 |7443B 4875B|   0     0 |  37   126 |02-12 19:17:05
