[7l----total-cpu-usage---- -dsk/total- -net/total- ---paging-- ---system-- ----system----
usr sys idl wai hiq siq| read  writ| recv  send|  in   out | int   csw |     time     
  2   2  94   0   0   2|  15k   56k|   0     0 |   0     0 | 461  1764 |02-12 19:17:13
  0   0 100   0   0   0|   0  4096B|   0    66B|   0     0 |  23    53 |02-12 19:17:14
  0   0  91  10   0   0|   0    60k|   0     0 |   0     0 |  22    61 |02-12 19:17:15
  1   0  99   0   0   0|   0     0 |5422B 2782B|   0     0 |  29    82 |02-12 19:17:16
  0   0 100   0   0   0|   0     0 |   0     0 |   0     0 |  18    38 |02-12 19:17:17
  1   0 100   0   0   0|   0     0 |   0     0 |   0     0 |  31    66 |02-12 19:17:18
  0   0 100   0   0   0|   0    16k|  74B   74B|   0     0 |  21    32 |02-12 19:17:19
  0   1  99   0   0   0|   0     0 |5348B 2708B|   0     0 |  20    73 |02-12 19:17:20
  2   0  99   0   0   0|   0     0 |1911B 1917B|   0     0 |  36    82 |02-12 19:17:21
  8   4  88   0   0   1|   0     0 |  12k   16k|   0     0 | 184   567 |02-12 19:17:22
  3   3  91   0   0   4|   0     0 |4510k  159k|   0     0 | 463  2173 |02-12 19:17:23
  2   3  93   0   0   3|   0     0 |4255k  143k|   0     0 | 448  1971 |02-12 19:17:24
  2   2  93   0   0   3|   0    40k|4316k  145k|   0     0 | 432  1968 |02-12 19:17:25
  3   2  93   0   0   3|   0     0 |4269k  146k|   0     0 | 399  1777 |02-12 19:17:26
  1   3  94   0   0   2|   0     0 |4303k  145k|   0     0 | 414  1834 |02-12 19:17:27
  2   2  94   0   0   2|   0     0 |4225k  143k|   0     0 | 360  1641 |02-12 19:17:28
  2   3  92   0   0   4|   0     0 |4306k  148k|   0     0 | 434  1838 |02-12 19:17:29
  2   2  94   0   0   3|   0     0 |4281k  144k|   0     0 | 395  1849 |02-12 19:17:30
  1   3  93   0   0   3|   0     0 |4334k  146k|   0     0 | 455  1986 |02-12 19:17:31
  3   2  94   0   0   2|   0     0 |4300k  147k|   0     0 | 416  1901 |02-12 19:17:32
  1   2  94   0   0   3|   0     0 |4242k  143k|   0     0 | 419  1809 |02-12 19:17:33
  1   3  93   0   0   3|   0     0 |4390k  148k|   0     0 | 436  1873 |02-12 19:17:34
  4   3  91   0   0   3|   0     0 |4295k  147k|   0     0 | 414  1861 |02-12 19:17:35
  2   2  95   0   0   2|   0     0 |4286k  144k|   0     0 | 416  1849 |02-12 19:17:36
  2   3  93   0   0   2|   0     0 |4325k  145k|   0     0 | 471  1969 |02-12 19:17:37
  3   3  92   0   0   2|   0     0 |4343k  148k|   0     0 | 449  1919 |02-12 19:17:38
  1   2  95   0   0   2|   0     0 |4212k  142k|   0     0 | 437  1873 |02-12 19:17:39
  2   4  93   0   0   2|   0     0 |4259k  143k|   0     0 | 468  1932 |02-12 19:17:40
  1   2  94   0   0   3|   0     0 |4260k  148k|   0     0 | 415  1848 |02-12 19:17:41
  3   3  94   0   0   1|   0     0 |4268k  143k|   0     0 | 417  1879 |02-12 19:17:42
  2   2  93   0   0   3|   0     0 |4242k  145k|   0     0 | 390  1898 |02-12 19:17:43
  3   3  93   0   0   2|   0     0 |4243k  145k|   0     0 | 423  1869 |02-12 19:17:44
  2   2  94   0   0   3|   0     0 |4238k  142k|   0     0 | 401  1836 |02-12 19:17:45
  2   4  92   0   0   2|   0    52k|4264k  143k|   0     0 | 432  1900 |02-12 19:17:46
  4   3  91   0   0   2|   0     0 |4226k  145k|   0     0 | 434  1832 |02-12 19:17:47
  2   3  93   0   0   2|   0     0 |4286k  144k|   0     0 | 406  1809 |02-12 19:17:48
  2   4  93   0   0   2|   0     0 |4268k  144k|   0     0 | 392  1685 |02-12 19:17:49
  2   2  94   0   0   2|   0     0 |4295k  147k|   0     0 | 464  1796 |02-12 19:17:50
  3   3  92   0   0   3|   0     0 |4233k  142k|   0     0 | 463  1875 |02-12 19:17:51
  1   3  94   0   0   3|   0     0 |4251k  143k|   0     0 | 482  1829 |02-12 19:17:52
  2   2  93   0   0   3|   0     0 |4243k  145k|   0     0 | 473  1815 |02-12 19:17:53
  2   3  93   0   0   3|   0     0 |4242k  143k|   0     0 | 523  1896 |02-12 19:17:54
  1   3  93   0   0   3|   0     0 |4312k  145k|   0     0 | 547  2034 |02-12 19:17:55
  2   2  92   0   0   4|   0    20k|4257k  146k|   0     0 | 480  1832 |02-12 19:17:56
  2   4  93   0   0   1|   0     0 |4247k  143k|   0     0 | 437  1828 |02-12 19:17:57
  1   3  94   0   0   3|   0     0 |4233k  142k|   0     0 | 485  1884 |02-12 19:17:58
  3   4  91   0   0   2|   0     0 |4269k  146k|   0     0 | 465  1799 |02-12 19:17:59
  1   2  96   0   0   1|   0     0 |4246k  143k|   0     0 | 475  1942 |02-12 19:18:00
  2   4  93   0   0   2|   0     0 |4516k  152k|   0     0 | 513  1980 |02-12 19:18:01
  2   3  93   0   0   2|   0     0 |4326k  148k|   0     0 | 461  1884 |02-12 19:18:02
  2   5  92   0   0   2|   0     0 |4386k  147k|   0     0 | 453  1884 |02-12 19:18:03
  2   3  93   0   0   2|   0     0 |4251k  143k|   0     0 | 468  1748 |02-12 19:18:04
  2   2  92   0   0   4|   0     0 |4304k  147k|   0     0 | 483  1817 |02-12 19:18:05
  2   3  94   0   0   2|   0     0 |4251k  143k|   0     0 | 473  1784 |02-12 19:18:06
  2   3  93   0   0   3|   0     0 |4207k  141k|   0     0 | 433  1736 |02-12 19:18:07
  2   2  94   0   0   2|   0     0 |4247k  145k|   0     0 | 429  1778 |02-12 19:18:08
  2   4  92   0   0   2|   0     0 |4251k  143k|   0     0 | 489  1936 |02-12 19:18:09
  1   3  93   0   0   4|   0     0 |4294k  144k|   0     0 | 480  1848 |02-12 19:18:10
  2   3  95   0   0   1|   0     0 |4265k  146k|   0     0 | 453  1799 |02-12 19:18:11
  2   1  96   0   0   2|   0     0 |4260k  143k|   0     0 | 395  1671 |02-12 19:18:12
  2   4  93   0   0   2|   0     0 |4233k  142k|   0     0 | 473  1833 |02-12 19:18:13
  3   4  92   0   0   2|   0     0 |4221k  144k|   0     0 | 511  1893 |02-12 19:18:14
  2   3  92   0   0   3|   0     0 |4255k  143k|   0     0 | 481  1850 |02-12 19:18:15
  2   3  92   2   0   2|   0    60k|4377k  147k|   0     0 | 468  2022 |02-12 19:18:16
  2   2  95   0   0   2|   0     0 |4348k  149k|   0     0 | 502  1889 |02-12 19:18:17
  1   3  94   0   0   3|   0     0 |4229k  142k|   0     0 | 468  1772 |02-12 19:18:18
  3   3  93   0   0   2|   0     0 |4229k  142k|   0     0 | 466  1793 |02-12 19:18:19
  3   3  92   0   0   2|   0     0 |4265k  146k|   0     0 | 372  1735 |02-12 19:18:20
  2   4  93   0   0   2|   0     0 |4234k  143k|   0     0 | 399  1898 |02-12 19:18:21
  1   3  95   0   0   2|   0     0 |3783k  126k|   0     0 | 377  1696 |02-12 19:18:22
  1   1  99   0   0   0|   0     0 |9874B 7328B|   0     0 |  57   242 |02-12 19:18:23
  1   0  99   0   0   0|   0     0 |  66B    0 |   0     0 |  31    78 |02-12 19:18:24
  0   0 100   0   0   0|   0     0 |   0     0 |   0     0 |  23    36 |02-12 19:18:25
  1   0  99   0   0   0|   0     0 |5422B 2782B|   0     0 |  33    79 |02-12 19:18:26
  0   0 100   0   0   0|   0    24k|   0     0 |   0     0 |  21    41 |02-12 19:18:27
  0   0 100   0   0   0|   0     0 |   0     0 |   0     0 |  23    52 |02-12 19:18:28
  1   1  98   0   0   0|   0     0 |7667B 5136B|   0     0 |  60   166 |02-12 19:18:29
  0   0 100   0   0   0|   0     0 |   0     0 |   0     0 |  18    28 |02-12 19:18:30
  0   0 100   0   0   0|   0     0 |2112B 2112B|   0     0 |  19    24 |02-12 19:18:31
  1   0  99   0   0   0|   0     0 |2359B 2359B|   0     0 |  32    78 |02-12 19:18:32
  8   4  88   0   0   0|   0     0 |8796B 6302B|   0     0 | 174   516 |02-12 19:18:33
  1   2  98   0   0   0|   0     0 |1390B  754B|   0     0 |  54   247 |02-12 19:18:34
  0   0 100   0   0   0|   0     0 |   0     0 |   0     0 |  23    42 |02-12 19:18:35
  1   0 100   0   0   0|   0     0 |5422B 2782B|   0     0 |  21    60 |02-12 19:18:36
  0   0 100   0   0   0|   0     0 | 102B  192B|   0     0 |  20    44 |02-12 19:18:37
  0   0 100   0   0   0|   0     0 |   0     0 |   0     0 |  18    25 |02-12 19:18:38
  1   1  99   0   0   0|   0     0 |5422B 2782B|   0     0 |  35   105 |02-12 19:18:39
  0   0 100   0   0   0|   0     0 |   0     0 |   0     0 |  22    48 |02-12 19:18:40
  0   0 100   0   0   0|   0     0 |   0     0 |   0     0 |  27    65 |02-12 19:18:41
  1   0  99   0   0   0|   0     0 |5422B 2782B|   0     0 |  22    68 |02-12 19:18:42
  0   0 100   0   0   0|   0     0 |   0     0 |   0     0 |  18    24 |02-12 19:18:43
  0   1  99   0   0   0|   0     0 |   0     0 |   0     0 |  30    74 |02-12 19:18:44
  0   0 100   0   0   0|   0     0 |5422B 2782B|   0     0 |  21    57 |02-12 19:18:45
  0   0 100   0   0   0|   0     0 |   0     0 |   0     0 |  21    39 |02-12 19:18:46
  0   0  98   2   0   0|   0    28k|   0     0 |   0     0 |  23    69 |02-12 19:18:47
  0   0 100   0   0   0|   0     0 |5422B 2782B|   0     0 |  18    60 |02-12 19:18:48
  1   0 100   0   0   0|   0     0 |   0     0 |   0     0 |  32    69 |02-12 19:18:49
  0   0 100   0   0   0|   0     0 |   0     0 |   0     0 |  21    46 |02-12 19:18:50
  0   1  99   0   0   0|   0     0 |5669B 3029B|   0     0 |  31    95 |02-12 19:18:51
  7   2  91   0   0   0|   0     0 |3242B 2448B|   0     0 | 136   379 |02-12 19:18:52
  2   3  93   0   0   2|   0     0 |2048k   88k|   0     0 | 390  1411 |02-12 19:18:53
  3   3  93   0   0   2|   0     0 |4256k  146k|   0     0 | 547  1913 |02-12 19:18:54
  2   3  93   0   0   3|   0     0 |4286k  144k|   0     0 | 521  2053 |02-12 19:18:55
  2   3  93   0   0   2|   0     0 |4264k  143k|   0     0 | 375  1973 |02-12 19:18:56
  2   3  93   0   0   2|   0  4096B|4257k  146k|   0     0 | 449  1924 |02-12 19:18:57
  1   2  95   0   0   2|   0     0 |4246k  143k|   0     0 | 414  1939 |02-12 19:18:58
  1   3  93   0   0   3|   0     0 |4251k  143k|   0     0 | 452  1964 |02-12 19:18:59
  2   3  93   0   0   3|   0     0 |4273k  146k|   0     0 | 511  1903 |02-12 19:19:00
  2   3  93   0   0   2|   0     0 |4251k  143k|   0     0 | 409  1849 |02-12 19:19:01
  2   2  93   0   0   3|   0     0 |4238k  142k|   0     0 | 437  1868 |02-12 19:19:02
  2   4  92   0   0   3|   0  8192B|4269k  146k|   0     0 | 383  1783 |02-12 19:19:03
  1   3  94   0   0   2|   0     0 |4247k  143k|   0     0 | 421  1907 |02-12 19:19:04
  2   3  93   0   0   2|   0     0 |4242k  143k|   0     0 | 413  1832 |02-12 19:19:05
  1   3  94   0   0   2|   0     0 |4274k  146k|   0     0 | 438  1890 |02-12 19:19:06
  1   4  93   0   0   2|   0     0 |4316k  145k|   0     0 | 510  1976 |02-12 19:19:07
  2   3  94   0   0   2|   0  4096B|4216k  142k|   0     0 | 467  1942 |02-12 19:19:08
  2   3  93   0   0   2|   0     0 |4252k  145k|   0     0 | 457  1825 |02-12 19:19:09
  2   4  92   0   0   2|   0     0 |4251k  143k|   0     0 | 431  1871 |02-12 19:19:10
  2   3  93   0   0   2|   0     0 |4228k  144k|   0     0 | 430  1902 |02-12 19:19:11
  3   2  94   0   0   1|   0     0 |4279k  147k|   0     0 | 395  1853 |02-12 19:19:12
  2   3  93   0   0   3|   0     0 |4303k  145k|   0     0 | 407  1985 |02-12 19:19:13
  2   4  93   0   0   2|   0     0 |4194k  144k|   0     0 | 487  1868 |02-12 19:19:14
  2   3  93   0   0   3|   0     0 |4260k  146k|   0     0 | 460  1897 |02-12 19:19:15
  2   3  93   0   0   3|   0     0 |4321k  145k|   0     0 | 517  1868 |02-12 19:19:16
  1   1  95   0   0   3|   0     0 |4251k  143k|   0     0 | 487  1918 |02-12 19:19:17
  3   2  92   1   0   3|   0    72k|4247k  145k|   0     0 | 427  1904 |02-12 19:19:18
  3   3  92   0   0   2|   0     0 |4251k  143k|   0     0 | 351  1847 |02-12 19:19:19
  2   2  94   0   0   2|   0     0 |4255k  143k|   0     0 | 325  1784 |02-12 19:19:20
  2   3  93   0   0   2|   0     0 |4308k  147k|   0     0 | 450  1787 |02-12 19:19:21
  2   3  93   0   0   3|   0     0 |4255k  143k|   0     0 | 474  1793 |02-12 19:19:22
  2   3  94   0   0   2|   0    16k|4255k  143k|   0     0 | 376  1866 |02-12 19:19:23
  3   2  92   0   0   4|   0     0 |4282k  147k|   0     0 | 384  1959 |02-12 19:19:24
  1   5  92   0   0   3|   0     0 |4316k  145k|   0     0 | 378  1928 |02-12 19:19:25
  2   3  93   0   0   2|   0     0 |4238k  142k|   0     0 | 378  1804 |02-12 19:19:26
  3   2  93   0   0   2|   0     0 |4317k  148k|   0     0 | 407  1870 |02-12 19:19:27
  1   3  95   0   0   2|   0    12k|4238k  142k|   0     0 | 325  1857 |02-12 19:19:28
  3   3  94   0   0   1|   0     0 |4271k  149k|   0     0 | 359  1928 |02-12 19:19:29
  2   4  92   0   0   3|   0     0 |4256k  146k|   0     0 | 414  1907 |02-12 19:19:30
  1   2  95   0   0   2|   0     0 |4268k  144k|   0     0 | 437  1932 |02-12 19:19:31
  2   2  94   0   0   2|   0     0 |4255k  143k|   0     0 | 373  1891 |02-12 19:19:32
  2   2  94   0   0   3|   0     0 |4247k  145k|   0     0 | 374  1865 |02-12 19:19:33
  3   3  92   0   0   2|   0     0 |4242k  143k|   0     0 | 403  1941 |02-12 19:19:34
  1   1  96   0   0   2|   0     0 |4307k  145k|   0     0 | 377  1710 |02-12 19:19:35
  3   3  91   0   0   3|   0     0 |4261k  146k|   0     0 | 390  1906 |02-12 19:19:36
  2   2  92   0   0   4|   0     0 |4255k  143k|   0     0 | 455  1804 |02-12 19:19:37
  3   3  93   0   0   2|   0     0 |4185k  141k|   0     0 | 490  1851 |02-12 19:19:38
  3   3  91   0   0   4|   0     0 |4313k  147k|   0     0 | 521  1989 |02-12 19:19:39
  2   3  93   0   0   2|   0     0 |4255k  143k|   0     0 | 440  1963 |02-12 19:19:40
  2   3  93   0   0   3|   0     0 |4216k  142k|   0     0 | 466  1854 |02-12 19:19:41
  2   3  93   0   0   2|   0     0 |4287k  147k|   0     0 | 503  1836 |02-12 19:19:42
  1   2  95   0   0   2|   0     0 |4268k  143k|   0     0 | 495  1851 |02-12 19:19:43
  2   2  93   0   0   3|   0     0 |4238k  142k|   0     0 | 373  1877 |02-12 19:19:44
  2   4  92   0   0   3|   0     0 |4260k  146k|   0     0 | 441  1920 |02-12 19:19:45
  2   3  94   0   0   2|   0     0 |4255k  143k|   0     0 | 488  1849 |02-12 19:19:46
  2   3  93   0   0   2|   0     0 |4238k  142k|   0     0 | 464  1782 |02-12 19:19:47
  2   2  93   1   0   2|   0    44k|4256k  146k|   0     0 | 504  1875 |02-12 19:19:48
  1   4  92   0   0   3|   0     0 |4242k  143k|   0     0 | 445  1758 |02-12 19:19:49
  1   2  95   0   0   2|   0     0 |4255k  143k|   0     0 | 417  1864 |02-12 19:19:50
  2   3  93   0   0   2|   0     0 |4256k  146k|   0     0 | 403  1836 |02-12 19:19:51
  2   3  93   0   0   3|   0     0 |4226k  143k|   0     0 | 411  1868 |02-12 19:19:52
  1   2  97   0   0   1|   0     0 |1604k   52k|   0     0 | 174   776 |02-12 19:19:53
  1   1  98   0   0   0|   0     0 |9686B 7262B|   0     0 |  71   269 |02-12 19:19:54
  0   0 100   0   0   0|   0     0 | 254B   66B|   0     0 |  19    36 |02-12 19:19:55
  0   0 100   0   0   0|   0     0 |   0     0 |   0     0 |  24    49 |02-12 19:19:56
  0   0 100   0   0   0|   0     0 |   0     0 |   0     0 |  24    50 |02-12 19:19:57
  1   0  99   0   0   0|   0     0 |5844B 3494B|   0     0 |  28    72 |02-12 19:19:58
  0   1 100   0   0   0|   0    24k|   0     0 |   0     0 |  34    79 |02-12 19:19:59
  0   0 100   0   0   0|   0     0 |   0     0 |   0     0 |  23    39 |02-12 19:20:00
  0   0  99   0   0   0|   0     0 |7534B 4894B|   0     0 |  26    66 |02-12 19:20:01
  0   0 100   0   0   0|   0     0 |   0     0 |   0     0 |  23    47 |02-12 19:20:02
  0   0 100   0   0   0|   0     0 |   0     0 |   0     0 |  24    37 |02-12 19:20:03
  1   0  99   0   0   0|   0     0 |7608B 4968B|   0     0 |  33   118 |02-12 19:20:04
  1   0  99   0   0   0|   0     0 |1837B 1835B|   0     0 |  33    92 |02-12 19:20:05
  0   0 100   0   0   0|   0     0 | 682B  794B|   0     0 |  39    88 |02-12 19:20:06
  8   4  88   0   0   0|   0     0 |8290B 4846B|   0     0 | 192   624 |02-12 19:20:07
  0   0 100   0   0   0|   0     0 |   0     0 |   0     0 |  24    59 |02-12 19:20:08
  1   1  99   0   0   0|   0     0 |   0     0 |   0     0 |  35    77 |02-12 19:20:09
  1   0 100   0   0   0|   0     0 |5422B 2782B|   0     0 |  23    68 |02-12 19:20:10
  0   0 100   0   0   0|   0     0 |   0     0 |   0     0 |  24    43 |02-12 19:20:11
  0   0 100   0   0   0|   0     0 |   0     0 |   0     0 |  23    48 |02-12 19:20:12
  0   0 100   0   0   0|   0     0 |5422B 2782B|   0     0 |  24    62 |02-12 19:20:13
  0   1 100   0   0   0|   0     0 |   0     0 |   0     0 |  31    76 |02-12 19:20:14
  0   0 100   0   0   0|   0     0 |   0     0 |   0     0 |  21    32 |02-12 19:20:15
  1   0  99   0   0   0|   0     0 |5422B 2782B|   0     0 |  24    82 |02-12 19:20:16
  0   0 100   0   0   0|   0     0 |   0     0 |   0     0 |  24    50 |02-12 19:20:17
  0   0  98   2   0   0|   0    32k| 774B  690B|   0     0 |  44    89 |02-12 19:20:18
  1   1  99   0   0   0|8192B    0 |6094B 3198B|   0     0 |  58   182 |02-12 19:20:19
  0   0 100   0   0   0|   0    28k| 972B  724B|   0     0 |  51   117 |02-12 19:20:20
  0   0 100   0   0   0|   0     0 | 504B  734B|   0     0 |  37    96 |02-12 19:20:21
  1   0  99   0   0   0|   0     0 |6232B 3394B|   0     0 |  50   122 |02-12 19:20:22
  1   2  97   0   0   0|   0     0 |1470B   33k|   0     0 | 189   739 |02-12 19:20:23
  0   1  99   0   0   0|   0     0 | 264B 6914B|   0     0 |  34    80 |02-12 19:20:24
  1   0  99   0   0   0|   0  4096B|5669B 3029B|   0     0 |  33   107 |02-12 19:20:25
  7   2  91   0   0   0|   0     0 |3374B 2514B|   0     0 | 140   370 |02-12 19:20:26
  3   2  94   0   0   2|   0     0 |2290k   96k|   0     0 | 389  1512 |02-12 19:20:27
  2   2  93   0   0   3|   0     0 |4257k  146k|   0     0 | 451  1984 |02-12 19:20:28
  2   4  91   0   0   4|   0     0 |4306k  150k|   0     0 | 501  2088 |02-12 19:20:29
  1   2  94   0   0   3|   0  8192B|4255k  143k|   0     0 | 436  1893 |02-12 19:20:30
  2   3  92   0   0   3|   0     0 |4238k  145k|   0     0 | 437  1910 |02-12 19:20:31
  2   3  94   0   0   2|   0     0 |4251k  143k|   0     0 | 453  1959 |02-12 19:20:32
  2   3  93   0   0   2|   0     0 |4234k  143k|   0     0 | 415  1787 |02-12 19:20:33
  3   4  91   0   0   3|   0     0 |4299k  147k|   0     0 | 416  1877 |02-12 19:20:34
  1   3  94   0   0   3|   0     0 |4233k  142k|   0     0 | 412  1906 |02-12 19:20:35
  2   3  94   0   0   2|   0     0 |4225k  142k|   0     0 | 451  1989 |02-12 19:20:36
  2   4  92   0   0   3|   0     0 |4248k  146k|   0     0 | 413  1823 |02-12 19:20:37
  2   2  94   0   0   2|   0     0 |4255k  143k|   0     0 | 411  1881 |02-12 19:20:38
  3   4  92   0   0   2|   0     0 |4238k  143k|   0     0 | 436  1815 |02-12 19:20:39
  2   3  93   0   0   3|   0  4096B|4343k  148k|   0     0 | 433  1858 |02-12 19:20:40
  1   3  95   0   0   2|   0     0 |4308k  145k|   0     0 | 411  1905 |02-12 19:20:41
  1   3  94   0   0   2|   0     0 |4234k  142k|   0     0 | 451  2012 |02-12 19:20:42
  2   2  94   0   0   3|   0     0 |4274k  147k|   0     0 | 444  1910 |02-12 19:20:43
  1   4  92   0   0   4|   0     0 |4256k  143k|   0     0 | 426  1934 |02-12 19:20:44
  2   3  94   0   0   2|   0     0 |4337k  146k|   0     0 | 446  1900 |02-12 19:20:45
  9   5  84   1   0   3| 116k    0 |4218k  147k|   0     0 | 342  1818 |02-12 19:20:46
 11   5  81   1   0   2| 152k  468k|4228k  144k|   0     0 | 372  1786 |02-12 19:20:47
  2   2  93   0   0   3|   0     0 |4327k  147k|   0     0 | 440  1862 |02-12 19:20:48
  3   2  69  22   0   3|   0  1588k|4243k  145k|   0     0 | 461  1971 |02-12 19:20:49
  2   3  94   0   0   2|   0     0 |4251k  143k|   0     0 | 416  1840 |02-12 19:20:50
  2   2  95   0   0   2|   0     0 |4238k  143k|   0     0 | 435  1835 |02-12 19:20:51
  2   2  93   0   0   3|   0     0 |4313k  148k|   0     0 | 388  1808 |02-12 19:20:52
  1   3  93   0   0   3|   0     0 |4268k  143k|   0     0 | 384  1695 |02-12 19:20:53
  1   3  95   0   0   2|   0     0 |4300k  145k|   0     0 | 432  1851 |02-12 19:20:54
  1   3  95   0   0   1|   0     0 |4270k  146k|   0     0 | 394  1835 |02-12 19:20:55
  2   3  92   0   0   3|   0     0 |4226k  143k|   0     0 | 412  1706 |02-12 19:20:56
  1   2  95   0   0   2|   0     0 |4230k  142k|   0     0 | 416  1801 |02-12 19:20:57
  3   1  94   0   0   3|   0     0 |4275k  148k|   0     0 | 415  1833 |02-12 19:20:58
  3   3  94   0   0   1|   0     0 |4248k  144k|   0     0 | 416  1880 |02-12 19:20:59
  2   2  94   0   0   2|   0     0 |4282k  145k|   0     0 | 438  1869 |02-12 19:21:00
  5   6  68  20   0   1| 600k  500k|4209k  145k|   0     0 | 454  1881 |02-12 19:21:01
 22   4  48  23   0   3|1088k    0 |4200k  143k|   0     0 | 351  1629 |02-12 19:21:02
  6   4  88   0   0   3|   0     0 |4240k  199k|   0     0 | 527  1977 |02-12 19:21:03
  3   3  91   0   0   3|   0     0 |4291k  146k|   0     0 | 496  1828 |02-12 19:21:04
  2   2  95   0   0   2|   0     0 |4213k  142k|   0     0 | 455  1705 |02-12 19:21:05
  2   3  94   0   0   2|   0     0 |4326k  146k|   0     0 | 516  1877 |02-12 19:21:06
  2   2  93   0   0   4|   0     0 |4214k  146k|   0     0 | 498  1877 |02-12 19:21:07
  9   5  84   0   0   2|   0     0 |4255k  144k|   0     0 | 452  1787 |02-12 19:21:08
  2   4  93   0   0   1|   0     0 |4213k  142k|   0     0 | 489  1832 |02-12 19:21:09
  2   3  93   0   0   2|   0     0 |4261k  146k|   0     0 | 464  1781 |02-12 19:21:10
  2   2  93   0   0   4|   0     0 |4252k  143k|   0     0 | 440  1781 |02-12 19:21:11
  4   2  91   0   0   3|   0     0 |4208k  142k|   0     0 | 392  1734 |02-12 19:21:12
  8   4  85   0   0   4|   0     0 |4262k  148k|   0     0 | 406  1748 |02-12 19:21:13
  2   2  94   0   0   2|   0     0 |4246k  142k|   0     0 | 403  1699 |02-12 19:21:14
  2   2  94   0   0   2|   0     0 |4217k  143k|   0     0 | 400  1731 |02-12 19:21:15
  9   3  85   0   0   3|   0     0 |4291k  146k|   0     0 | 392  1759 |02-12 19:21:16
  3   2  93   0   0   2|   0     0 |4252k  145k|   0     0 | 383  1736 |02-12 19:21:17
  1   3  94   0   0   2|   0     0 |4312k  145k|   0     0 | 399  1792 |02-12 19:21:18
  7   4  85   4   0   2|   0   300k|4239k  144k|   0     0 | 388  1706 |02-12 19:21:19
  4   4  90   0   0   3|   0     0 |4258k  148k|   0     0 | 395  1705 |02-12 19:21:20
  2   2  85   9   0   2|   0  3384k|4251k  143k|   0     0 | 335  1647 |02-12 19:21:21
  0   1  97   0   0   2|   0     0 |4333k  145k|   0     0 | 382  1704 |02-12 19:21:22
  2   2  94   0   0   2|   0     0 |4247k  145k|   0     0 | 349  1673 |02-12 19:21:23
  1   2  95   0   0   3|   0     0 |4229k  142k|   0     0 | 419  1803 |02-12 19:21:24
  1   3  94   0   0   2|   0     0 |4264k  143k|   0     0 | 385  1821 |02-12 19:21:25
  1   2  95   0   0   2|   0     0 |4287k  147k|   0     0 | 392  1732 |02-12 19:21:26
  1   2  97   0   0   1|   0     0 |1669k   53k|   0     0 | 164   722 |02-12 19:21:27
  1   1  99   0   0   0|   0     0 |4518B 4546B|   0     0 |  63   235 |02-12 19:21:28
  2   1  97   0   0   0|   0     0 |8640B 8756B|   0     0 |  81   231 |02-12 19:21:29
  8   3  89   0   0   0|   0     0 |5387B 1833B|   0     0 |  94   279 |02-12 19:21:30
  6   3  92   0   0   0|  16k    0 |  46k   17k|   0     0 |  97   581 |02-12 19:21:31
 43  15  39   3   0   1| 184k  132k|6994k   25k|   0     0 |1480  4082 |02-12 19:21:32
 35  11  48   6   0   0|4096B 6940k| 858B 3456B|   0     0 | 135   426 |02-12 19:21:33
 36  10  54   0   0   1|   0     0 |   0     0 |   0     0 |  99   385 |02-12 19:21:34
 14   1  72  13   0   0|  14M    0 |7534B 4894B|   0     0 | 135   392 |02-12 19:21:35
 43   2  55   0   0   0| 948k    0 |   0     0 |   0     0 |  29    63 |02-12 19:21:36
 45   1  54   0   0   1| 568k    0 | 140B  240B|   0     0 |  38   115 |02-12 19:21:37
 45   3  52   0   0   0| 136k    0 |  11k 9175B|   0     0 | 117   486 |02-12 19:21:38
 51  12  38   0   0   0|   0     0 |2492B 7746B|   0     0 | 150   765 |02-12 19:21:39
 46   0  54   0   0   1|   0     0 | 750B 1926B|   0     0 | 101   348 |02-12 19:21:40
 42   4  54   0   0   0|8192B 1024k|6478B   15k|   0     0 | 117  1966 |02-12 19:21:41
  3   1  82  15   0   0| 584k   60k|2144B   43k|   0     0 |  45   230 |02-12 19:21:42
  0   0 100   0   0   0|   0     0 |   0     0 |   0     0 |  20    29 |02-12 19:21:43
  1   1  99   0   0   0|   0     0 |5422B 2782B|   0     0 |  33   113 |02-12 19:21:44
  0   0 100   0   0   0|   0     0 |   0     0 |   0     0 |  24    36 |02-12 19:21:45
  0   0 100   0   0   0|   0     0 |   0     0 |   0     0 |  24    43 |02-12 19:21:46
  1   0 100   0   0   0|   0     0 |5422B 2782B|   0     0 |  23    73 |02-12 19:21:47
  0   0 100   0   0   0|   0     0 |   0     0 |   0     0 |  23    40 |02-12 19:21:48
  0   1 100   0   0   0|   0     0 |   0     0 |   0     0 |  32    79 |02-12 19:21:49
  1   0 100   0   0   0|   0     0 |5422B 2782B|   0     0 |  27    68 |02-12 19:21:50
  0   0 100   0   0   0|   0     0 |   0     0 |   0     0 |  24    38 |02-12 19:21:51
  0   0 100   0   0   0|   0     0 |   0     0 |   0     0 |  23    43 |02-12 19:21:52
  1   0 100   0   0   0|   0     0 |5422B 2782B|   0     0 |  24    75 |02-12 19:21:53
  1   0 100   0   0   0|   0     0 |   0     0 |   0     0 |  35    83 |02-12 19:21:54
  0   0 100   0   0   0|   0     0 |   0     0 |   0     0 |  24    40 |02-12 19:21:55
 18   1  81   0   0   0|   0  4096B|5730B 3140B|   0     0 |  47   133 |02-12 19:21:56
 48   1  51   0   0   1|   0     0 |3990B 4862B|   0     0 |  39   197 |02-12 19:21:57
 52   8  39   0   0   1|   0     0 | 290k   28k|   0     0 | 125   669 |02-12 19:21:58
 46   4  47   0   0   3|   0     0 |4148k  144k|   0     0 | 178   857 |02-12 19:21:59
 47   4  48   0   0   2|   0     0 |4164k  140k|   0     0 | 231  1144 |02-12 19:22:00
 47   3  49   0   0   2|   0     0 |4151k  140k|   0     0 | 188   850 |02-12 19:22:01
 46   4  48   0   0   2|   0    12k|4121k  141k|   0     0 | 193   864 |02-12 19:22:02
 29   6  54  10   0   2|   0   700k|4196k  188k|   0     0 | 547  2302 |02-12 19:22:03
  1   2  95   0   0   3|   0     0 |4171k  243k|   0     0 | 226  1077 |02-12 19:22:04
  3   3  93   0   0   2|   0     0 |4291k  151k|   0     0 | 210   998 |02-12 19:22:05
  1   2  95   0   0   2|   0     0 |4212k  142k|   0     0 | 243  1080 |02-12 19:22:06
  2   2  90   5   0   2|   0  3076k|4277k  144k|   0     0 | 186  1003 |02-12 19:22:07
  2   2  80  15   0   2|   0    35M|4230k  145k|   0     0 | 195  1045 |02-12 19:22:08
  1   3  94   0   0   2|   0    11M|4182k  141k|   0     0 | 243  1053 |02-12 19:22:09
  1   2  96   0   0   2|   0  1576k|4204k  143k|   0     0 | 205  1026 |02-12 19:22:10
  1   3  94   0   0   2|   0     0 |4283k  147k|   0     0 | 200   939 |02-12 19:22:11
  2   3  94   0   0   1|   0     0 |4247k  143k|   0     0 | 214  1027 |02-12 19:22:12
  2   3  93   0   0   3|   0    40k|4287k  145k|   0     0 | 232  1117 |02-12 19:22:13
  2   3  93   0   0   2|   0     0 |4182k  145k|   0     0 | 212  1074 |02-12 19:22:14
  2   2  94   0   0   2|   0     0 |4208k  142k|   0     0 | 214  1067 |02-12 19:22:15
  1   3  94   0   0   2|   0     0 |4291k  145k|   0     0 | 212  1087 |02-12 19:22:16
  2   2  95   0   0   2|   0     0 |4194k  146k|   0     0 | 176  1037 |02-12 19:22:17
  2   3  94   0   0   2|   0     0 |4218k  143k|   0     0 | 226  1061 |02-12 19:22:18
  2   3  94   0   0   2|   0     0 |4194k  144k|   0     0 | 232  1097 |02-12 19:22:19
  2   3  94   0   0   2|   0     0 |4136k  146k|   0     0 | 222  1077 |02-12 19:22:20
  2   2  94   0   0   3|   0     0 |4299k  145k|   0     0 | 186   999 |02-12 19:22:21
  1   3  95   0   0   2|   0     0 |4268k  143k|   0     0 | 191  1000 |02-12 19:22:22
  2   2  93   0   0   3|   0     0 |4208k  144k|   0     0 | 192  1000 |02-12 19:22:23
  2   2  95   0   0   1|   0     0 |4251k  143k|   0     0 | 243  1081 |02-12 19:22:24
  2   3  93   0   0   2|   0     0 |4303k  145k|   0     0 | 215  1063 |02-12 19:22:25
  2   2  95   0   0   1|   0     0 |4195k  143k|   0     0 | 237  1068 |02-12 19:22:26
  2   2  95   0   0   1|   0     0 |4159k  140k|   0     0 | 194   927 |02-12 19:22:27
  2   3  94   0   0   2|   0    28k|4225k  142k|   0     0 | 202   972 |02-12 19:22:28
  3   3  93   0   0   2|   0     0 |4184k  146k|   0     0 | 239  1025 |02-12 19:22:29
  2   2  94   0   0   2|   0     0 |4204k  144k|   0     0 | 191   943 |02-12 19:22:30
  1   3  95   0   0   1|   0     0 |4260k  143k|   0     0 | 194   954 |02-12 19:22:31
  1   2  96   0   0   2|   0     0 |4098k  138k|   0     0 | 195   952 |02-12 19:22:32
  3   3  92   2   0   2|   0   236k|4318k  148k|   0     0 | 225  1087 |02-12 19:22:33
  2   2  95   0   0   1|   0     0 |4252k  144k|   0     0 | 244  1087 |02-12 19:22:34
  2   4  93   0   0   1|   0     0 |4325k  146k|   0     0 | 192   975 |02-12 19:22:35
  1   3  94   0   0   2|   0     0 |4200k  144k|   0     0 | 227  1133 |02-12 19:22:36
  2   3  94   0   0   2|   0     0 |4334k  146k|   0     0 | 177   948 |02-12 19:22:37
  2   2  95   0   0   1|   0     0 |4173k  141k|   0     0 | 206   990 |02-12 19:22:38
  2   3  93   0   0   3|   0  4096B|4218k  148k|   0     0 | 253  1139 |02-12 19:22:39
  1   3  95   0   0   2|   0     0 |4125k  139k|   0     0 | 207  1011 |02-12 19:22:40
  2   2  95   0   0   2|   0     0 |4255k  143k|   0     0 | 218  1043 |02-12 19:22:41
  2   3  94   0   0   2|   0     0 |4160k  142k|   0     0 | 204   957 |02-12 19:22:42
  1   3  94   0   0   2|   0     0 |4264k  143k|   0     0 | 197   980 |02-12 19:22:43
  1   2  96   0   0   2|   0     0 |4264k  143k|   0     0 | 196   967 |02-12 19:22:44
  3   3  92   0   0   2|   0     0 |4157k  143k|   0     0 | 223  1011 |02-12 19:22:45
  2   4  94   0   0   1|   0     0 |4286k  145k|   0     0 | 219  1022 |02-12 19:22:46
  2   2  95   0   0   1|   0     0 |4138k  139k|   0     0 | 187   928 |02-12 19:22:47
  2   2  93   0   0   3|   0     0 |4130k  142k|   0     0 | 203   956 |02-12 19:22:48
  2   3  95   0   0   1|   0     0 |4260k  143k|   0     0 | 239   964 |02-12 19:22:49
  2   3  94   0   0   2|   0     0 |4286k  144k|   0     0 | 226  1012 |02-12 19:22:50
  2   3  93   0   0   2|   0     0 |4191k  143k|   0     0 | 223  1081 |02-12 19:22:51
  2   3  94   0   0   1|   0     0 |4290k  144k|   0     0 | 224  1068 |02-12 19:22:52
  2   2  94   0   0   2|   0     0 |4207k  141k|   0     0 | 208  1020 |02-12 19:22:53
  3   2  93   0   0   2|   0     0 |4235k  145k|   0     0 | 216   999 |02-12 19:22:54
  2   1  95   0   0   2|   0     0 |4356k  147k|   0     0 | 223  1040 |02-12 19:22:55
  2   3  93   0   0   1|   0     0 |4221k  150k|   0     0 | 293  1196 |02-12 19:22:56
  2   4  93   0   0   2|   0     0 |4121k  141k|   0     0 | 200   966 |02-12 19:22:57
  2   1  96   0   0   1|   0     0 |3433k  116k|   0     0 | 185   826 |02-12 19:22:58
  0   0 100   0   0   0|   0     0 |   0     0 |   0     0 |  24    45 |02-12 19:22:59
  1   1  99   0   0   0|   0     0 |5844B 3494B|   0     0 |  39   112 |02-12 19:23:00
  0   0 100   0   0   0|   0     0 |   0     0 |   0     0 |  24    40 |02-12 19:23:01
  0   0 100   0   0   0|   0     0 |   0     0 |   0     0 |  24    47 |02-12 19:23:02
  0   0 100   0   0   0|   0     0 |5422B 2782B|   0     0 |  28    61 |02-12 19:23:03
  0   0  98   2   0   0|   0   280k|   0     0 |   0     0 |  21    57 |02-12 19:23:04
  0   0  99   0   0   0|   0     0 |   0     0 |   0     0 |  32    67 |02-12 19:23:05
  1   0  99   0   0   0|   0     0 |7534B 4894B|   0     0 |  24    72 |02-12 19:23:06
  0   0 100   0   0   0|   0     0 |   0     0 |   0     0 |  23    43 |02-12 19:23:07
  1   0  99   0   0   0|   0     0 |4023B 4029B|   0     0 |  34   101 |02-12 19:23:08
  7   3  90   0   0   0|   0     0 |7066B 4742B|   0     0 | 177   507 |02-12 19:23:09
  1   1  98   0   0   0|   0     0 |1324B  644B|   0     0 |  59   221 |02-12 19:23:10
  0   0 100   0   0   0|   0     0 |   0     0 |   0     0 |  23    38 |02-12 19:23:11
  0   0  99   0   0   0|   0     0 |5422B 2782B|   0     0 |  32    78 |02-12 19:23:12
  0   0 100   0   0   0|   0     0 |   0     0 |   0     0 |  25    44 |02-12 19:23:13
  0   0 100   0   0   0|   0  8192B| 102B  192B|   0     0 |  23    40 |02-12 19:23:14
  1   1  99   0   0   0|   0     0 |5422B 2782B|   0     0 |  40   114 |02-12 19:23:15
  0   0 100   0   0   0|   0     0 |   0     0 |   0     0 |  23    62 |02-12 19:23:16
  0   0 100   0   0   0|   0     0 |   0     0 |   0     0 |  24    51 |02-12 19:23:17
  0   0 100   0   0   0|   0     0 |5422B 2782B|   0     0 |  30    71 |02-12 19:23:18
  0   0 100   0   0   0|   0     0 |   0     0 |   0     0 |  23    35 |02-12 19:23:19
  1   0  99   0   0   0|   0     0 |   0     0 |   0     0 |  33    82 |02-12 19:23:20
  1   0  99   0   0   0|   0     0 |5488B 2848B|   0     0 |  25    72 |02-12 19:23:21
  0   0 100   0   0   0|   0     0 |   0     0 |   0     0 |  23    37 |02-12 19:23:22
  0   0 100   0   0   0|   0     0 |   0     0 |   0     0 |  24    54 |02-12 19:23:23
  0   0 100   0   0   0|   0     0 |5422B 2782B|   0     0 |  24    65 |02-12 19:23:24
  0   1 100   0   0   0|   0     0 |  66B   66B|   0     0 |  31    73 |02-12 19:23:25
  0   0 100   0   0   0|   0     0 |   0     0 |   0     0 |  24    45 |02-12 19:23:26
  1   0  99   0   0   0|   0     0 |5422B 2782B|   0     0 |  26    87 |02-12 19:23:27
  4   2  94   0   0   0|   0     0 |3489B 2695B|   0     0 | 130   365 |02-12 19:23:28
  6   5  87   0   0   2|   0     0 |2729k  117k|   0     0 | 380  1579 |02-12 19:23:29
  3   2  92   0   0   3|   0  4096B|4256k  146k|   0     0 | 298  1263 |02-12 19:23:30
  2   3  94   0   0   2|   0     0 |4273k  144k|   0     0 | 294  1286 |02-12 19:23:31
  1   2  95   0   0   2|   0     0 |4177k  140k|   0     0 | 217  1048 |02-12 19:23:32
  2   2  93   0   0   3|   0     0 |4278k  146k|   0     0 | 186  1045 |02-12 19:23:33
  1   3  95   0   0   1|   0     0 |4190k  141k|   0     0 | 216  1064 |02-12 19:23:34
  2   2  93   1   0   3|   0   136k|4194k  141k|   0     0 | 209  1006 |02-12 19:23:35
  3   4  93   0   0   1|   0     0 |4204k  144k|   0     0 | 193   983 |02-12 19:23:36
  3   2  94   0   0   2|   0     0 |4242k  143k|   0     0 | 228  1039 |02-12 19:23:37
  2   3  95   0   0   1|   0     0 |4125k  139k|   0     0 | 205  1033 |02-12 19:23:38
  3   4  93   0   0   2|   0     0 |4252k  146k|   0     0 | 202  1044 |02-12 19:23:39
  2   3  95   0   0   1|   0     0 |4190k  141k|   0     0 | 220   990 |02-12 19:23:40
  2   3  93   0   0   2|   0     0 |4264k  143k|   0     0 | 185   992 |02-12 19:23:41
  2   2  95   0   0   2|   0     0 |4230k  145k|   0     0 | 157   910 |02-12 19:23:42
  2   1  95   0   0   2|   0     0 |4177k  140k|   0     0 | 241  1132 |02-12 19:23:43
  2   1  95   0   0   2|   0     0 |4255k  143k|   0     0 | 185   954 |02-12 19:23:44
  2   3  92   0   0   3|   0     0 |4308k  147k|   0     0 | 216  1056 |02-12 19:23:45
  2   3  95   0   0   1|   0     0 |4225k  142k|   0     0 | 215  1049 |02-12 19:23:46
  1   4  94   0   0   2|   0     0 |4252k  143k|   0     0 | 220  1035 |02-12 19:23:47
  1   2  95   0   0   2|   0     0 |4233k  147k|   0     0 | 201  1086 |02-12 19:23:48
  2   2  95   0   0   2|   0     0 |4232k  144k|   0     0 | 214  1016 |02-12 19:23:49
  2   4  94   0   0   1|   0     0 |4283k  145k|   0     0 | 243  1119 |02-12 19:23:50
  2   3  94   0   0   2|   0     0 |4191k  143k|   0     0 | 211  1097 |02-12 19:23:51
  1   3  95   0   0   1|   0     0 |4220k  142k|   0     0 | 191   966 |02-12 19:23:52
  2   3  94   0   0   1|   0     0 |4181k  141k|   0     0 | 210  1034 |02-12 19:23:53
  1   2  95   0   0   2|   0     0 |4264k  143k|   0     0 | 177   927 |02-12 19:23:54
  2   2  94   0   0   3|   0     0 |4230k  145k|   0     0 | 176   993 |02-12 19:23:55
  2   2  95   0   0   2|   0     0 |4207k  141k|   0     0 | 189  1052 |02-12 19:23:56
  1   3  95   0   0   1|   0     0 |4203k  141k|   0     0 | 195   966 |02-12 19:23:57
  1   3  94   0   0   2|   0     0 |4234k  145k|   0     0 | 169   954 |02-12 19:23:58
  2   2  95   0   0   2|   0     0 |4364k  147k|   0     0 | 191   980 |02-12 19:23:59
  2   3  94   0   0   1|   0     0 |4207k  141k|   0     0 | 209   997 |02-12 19:24:00
  2   3  94   0   0   1|   0     0 |4230k  145k|   0     0 | 190   952 |02-12 19:24:01
  2   2  95   0   0   2|   0     0 |4216k  142k|   0     0 | 205   963 |02-12 19:24:02
  1   3  96   0   0   1|   0     0 |4090k  137k|   0     0 | 180   960 |02-12 19:24:03
  1   1  96   0   0   2|   0     0 |4234k  145k|   0     0 | 184   992 |02-12 19:24:04
  2   4  90   4   0   1|   0    28k|4151k  140k|   0     0 | 182   935 |02-12 19:24:05
  2   2  96   0   0   1|   0    20k|4229k  142k|   0     0 | 197   960 |02-12 19:24:06
  2   3  93   0   0   3|   0     0 |4234k  145k|   0     0 | 206  1009 |02-12 19:24:07
  1   2  97   0   0   1|   0     0 |4416k  148k|   0     0 | 198  1019 |02-12 19:24:08
  1   2  95   0   0   2|   0     0 |4207k  141k|   0     0 | 185   955 |02-12 19:24:09
  2   4  93   0   0   2|   0     0 |4199k  144k|   0     0 | 214   989 |02-12 19:24:10
  1   2  96   0   0   2|   0     0 |4290k  144k|   0     0 | 195   985 |02-12 19:24:11
  2   3  94   0   0   2|   0     0 |4325k  145k|   0     0 | 191   942 |02-12 19:24:12
  2   2  94   0   0   2|   0     0 |4204k  144k|   0     0 | 181  1013 |02-12 19:24:13
  1   2  96   0   0   1|   0     0 |4272k  144k|   0     0 | 194  1029 |02-12 19:24:14
  1   3  95   0   0   1|   0     0 |4238k  142k|   0     0 | 193   931 |02-12 19:24:15
  2   3  93   0   0   2|   0     0 |4230k  145k|   0     0 | 163  1009 |02-12 19:24:16
  1   2  95   0   0   2|   0     0 |4220k  142k|   0     0 | 172   998 |02-12 19:24:17
  2   3  94   0   0   2|   0     0 |4238k  142k|   0     0 | 213   974 |02-12 19:24:18
  3   4  93   0   0   1|   0     0 |4186k  143k|   0     0 | 163   857 |02-12 19:24:19
  2   2  95   0   0   1|   0     0 |4260k  143k|   0     0 | 184  1009 |02-12 19:24:20
  2   3  94   0   0   2|   0     0 |4190k  141k|   0     0 | 184   961 |02-12 19:24:21
  1   3  94   0   0   2|   0     0 |4156k  142k|   0     0 | 162   923 |02-12 19:24:22
  2   2  95   0   0   2|   0     0 |4186k  141k|   0     0 | 175   915 |02-12 19:24:23
  2   4  94   0   0   1|   0     0 |4303k  145k|   0     0 | 181  1005 |02-12 19:24:24
  2   4  93   0   0   2|   0     0 |4221k  144k|   0     0 | 205   989 |02-12 19:24:25
  2   2  94   0   0   2|   0     0 |4277k  144k|   0     0 | 184   879 |02-12 19:24:26
  1   2  95   0   0   2|   0     0 |4242k  143k|   0     0 | 177   937 |02-12 19:24:27
  2   3  93   0   0   2|   0     0 |4217k  145k|   0     0 | 205   999 |02-12 19:24:28
  1   2  97   0   0   1|   0     0 |1915k   67k|   0     0 | 116   547 |02-12 19:24:29
  1   1  98   0   0   0|   0     0 |4518B 4546B|   0     0 |  54   220 |02-12 19:24:30
  1   0  99   0   0   0|   0     0 |5884B 3520B|   0     0 |  43    96 |02-12 19:24:31
  0   0 100   0   0   0|   0     0 | 418B  636B|   0     0 |  33    61 |02-12 19:24:32
  0   0 100   0   0   0|   0     0 | 352B  220B|   0     0 |  33    56 |02-12 19:24:33
  1   0 100   0   0   0|   0     0 |5950B 3936B|   0     0 |  42    90 |02-12 19:24:34
  1   0  99   0   0   0|   0     0 |   0     0 |   0     0 |  35    77 |02-12 19:24:35
  0   0  99   1   0   0|   0    48k|2730B 2646B|   0     0 |  44    99 |02-12 19:24:36
  0   1  99   0   0   0|   0    64k|7013B 3853B|   0     0 |  68   179 |02-12 19:24:37
  8   5  88   0   0   0|   0     0 |8388B 7304B|   0     0 | 232   738 |02-12 19:24:38
  7   2  90   0   0   1|   0     0 |5587B 1924B|   0     0 |  88   264 |02-12 19:24:39
 44  12  43   0   0   0|   0     0 |8036B 9818B|   0     0 | 144   556 |02-12 19:24:40
 60   7  32   0   0   0|   0     0 |2646B   12k|   0     0 | 256  1004 |02-12 19:24:41
  7   1  93   0   0   0|   0     0 |9092B 1001k|   0     0 |  97   382 |02-12 19:24:42
  3   2  96   0   0   0|   0  4096B|9938B 8534B|   0     0 |  65   302 |02-12 19:24:43
  0   0 100   0   0   0|   0     0 |   0     0 |   0     0 |  22    38 |02-12 19:24:44
  0   1 100   0   0   0|   0     0 |   0     0 |   0     0 |  35    79 |02-12 19:24:45
  0   0 100   0   0   0|   0     0 |5422B 2782B|   0     0 |  23    69 |02-12 19:24:46
  0   0 100   0   0   0|   0     0 |   0     0 |   0     0 |  24    46 |02-12 19:24:47
  0   0 100   0   0   0|   0     0 |   0     0 |   0     0 |  22    41 |02-12 19:24:48
  0   0 100   0   0   0|   0     0 |5422B 2782B|   0     0 |  23    72 |02-12 19:24:49
  0   1  99   0   0   0|   0     0 |   0     0 |   0     0 |  34    67 |02-12 19:24:50
  0   0 100   0   0   0|   0     0 |   0     0 |   0     0 |  18    29 |02-12 19:24:51
  1   0  99   0   0   0|   0     0 |5422B 2782B|   0     0 |  23    69 |02-12 19:24:52
  0   0 100   0   0   0|   0     0 |   0     0 |   0     0 |  23    34 |02-12 19:24:53
  0   0 100   0   0   0|   0     0 |1829B 1421B|   0     0 |  32    73 |02-12 19:24:54
  9   4  86   0   0   1|   0     0 |  17k   19k|   0     0 | 158   594 |02-12 19:24:55
  2   3  93   0   0   3|   0     0 |4521k  157k|   0     0 | 445  1931 |02-12 19:24:56
  2   2  95   0   0   2|   0     0 |4164k  140k|   0     0 | 247  1215 |02-12 19:24:57
  3   2  94   0   0   2|   0     0 |4204k  144k|   0     0 | 237  1151 |02-12 19:24:58
  2   3  94   0   0   2|   0     0 |4155k  140k|   0     0 | 203   990 |02-12 19:24:59
  3   3  93   0   0   2|   0     0 |4151k  140k|   0     0 | 222  1111 |02-12 19:25:00
  2   2  93   0   0   3|   0     0 |4200k  144k|   0     0 | 231  1164 |02-12 19:25:01
  2   2  95   0   0   2|   0     0 |4225k  142k|   0     0 | 211  1036 |02-12 19:25:02
  1   3  94   0   0   3|   0  4096B|4290k  144k|   0     0 | 187   956 |02-12 19:25:03
  2   3  94   0   0   2|   0     0 |4182k  143k|   0     0 | 218  1050 |02-12 19:25:04
  2   3  94   0   0   2|   0     0 |4216k  142k|   0     0 | 215  1000 |02-12 19:25:05
  2   3  94   0   0   1|   0     0 |4242k  143k|   0     0 | 187   994 |02-12 19:25:06
  2   3  86   8   0   2|   0   100k|4239k  145k|   0     0 | 196   985 |02-12 19:25:07
  1   2  94   0   0   3|   0  8192B|4229k  142k|   0     0 | 205   989 |02-12 19:25:08
  3   3  93   0   0   2|   0     0 |4316k  145k|   0     0 | 246  1134 |02-12 19:25:09
  3   3  92   0   0   2|   0     0 |4230k  145k|   0     0 | 219  1112 |02-12 19:25:10
  3   2  93   0   0   2|   0     0 |4194k  141k|   0     0 | 213  1071 |02-12 19:25:11
  2   3  94   0   0   2|   0     0 |4168k  140k|   0     0 | 223  1089 |02-12 19:25:12
  2   2  95   0   0   1|   0  8192B|4264k  143k|   0     0 | 207  1089 |02-12 19:25:13
  2   2  94   0   0   3|   0     0 |4316k  149k|   0     0 | 223  1078 |02-12 19:25:14
  1   4  94   0   0   2|   0     0 |4230k  143k|   0     0 | 247  1126 |02-12 19:25:15
  2   2  96   0   0   1|   0     0 |4136k  141k|   0     0 | 226  1074 |02-12 19:25:16
  2   3  93   0   0   2|   0     0 |4357k  150k|   0     0 | 239  1194 |02-12 19:25:17
  2   3  94   0   0   2|   0     0 |4260k  143k|   0     0 | 200  1023 |02-12 19:25:18
  2   4  94   0   0   1|   0     0 |4390k  148k|   0     0 | 225  1110 |02-12 19:25:19
  3   2  94   0   0   2|   0     0 |4191k  143k|   0     0 | 214  1056 |02-12 19:25:20
  1   3  94   0   0   3|   0     0 |4251k  143k|   0     0 | 199  1030 |02-12 19:25:21
  2   2  95   0   0   2|   0     0 |4194k  141k|   0     0 | 212  1008 |02-12 19:25:22
  1   3  95   0   0   2|   0     0 |4313k  147k|   0     0 | 212  1056 |02-12 19:25:23
  1   3  95   0   0   1|   0     0 |4277k  144k|   0     0 | 283  1211 |02-12 19:25:24
  2   4  94   0   0   1|   0     0 |4216k  142k|   0     0 | 242  1111 |02-12 19:25:25
  2   3  93   0   0   3|   0     0 |4217k  144k|   0     0 | 233  1099 |02-12 19:25:26
  2   4  93   0   0   1|   0     0 |4268k  143k|   0     0 | 234  1082 |02-12 19:25:27
  1   3  95   0   0   1|   0    16k|4238k  142k|   0     0 | 227  1050 |02-12 19:25:28
  3   3  92   0   0   2|   0     0 |4241k  150k|   0     0 | 235  1054 |02-12 19:25:29
  2   3  95   0   0   1|   0     0 |4177k  140k|   0     0 | 192   962 |02-12 19:25:30
  2   3  94   0   0   1|   0     0 |4207k  142k|   0     0 | 196   999 |02-12 19:25:31
  2   3  94   0   0   1|   0     0 |4252k  146k|   0     0 | 246  1156 |02-12 19:25:32
  1   3  95   0   0   2|   0     0 |4355k  146k|   0     0 | 204   970 |02-12 19:25:33
  2   3  95   0   0   1|   0     0 |4299k  145k|   0     0 | 183   943 |02-12 19:25:34
  2   2  95   0   0   2|   0     0 |4213k  144k|   0     0 | 191  1001 |02-12 19:25:35
  3   2  94   0   0   2|   0     0 |4225k  142k|   0     0 | 187  1042 |02-12 19:25:36
  1   2  94   1   0   2|   0    48k|4168k  140k|   0     0 | 201  1039 |02-12 19:25:37
  2   2  95   0   0   1|   0   100k|4269k  146k|   0     0 | 201   966 |02-12 19:25:38
  2   3  94   0   0   2|   0     0 |4251k  143k|   0     0 | 167   939 |02-12 19:25:39
  2   3  95   0   0   1|   0     0 |4225k  142k|   0     0 | 193   910 |02-12 19:25:40
  2   1  95   0   0   2|   0     0 |4265k  146k|   0     0 | 185   996 |02-12 19:25:41
  2   3  94   0   0   1|   0     0 |4238k  142k|   0     0 | 196   971 |02-12 19:25:42
  1   2  95   0   0   3|   0  4096B|4251k  143k|   0     0 | 202   977 |02-12 19:25:43
  3   3  93   0   0   2|   0     0 |4208k  144k|   0     0 | 195   967 |02-12 19:25:44
  2   5  93   0   0   2|   0     0 |4294k  144k|   0     0 | 208   960 |02-12 19:25:45
  1   2  93   0   0   3|   0     0 |4155k  140k|   0     0 | 198   961 |02-12 19:25:46
  2   3  94   0   0   1|   0     0 |4221k  144k|   0     0 | 195   942 |02-12 19:25:47
  2   3  93   0   0   2|   0     0 |4172k  140k|   0     0 | 200   947 |02-12 19:25:48
  2   2  95   0   0   1|   0     0 |4325k  145k|   0     0 | 208  1039 |02-12 19:25:49
  3   2  93   0   0   3|   0     0 |4400k  150k|   0     0 | 208  1079 |02-12 19:25:50
  1   2  94   0   0   3|   0     0 |4185k  141k|   0     0 | 202  1037 |02-12 19:25:51
  2   3  94   0   0   2|   0     0 |4268k  143k|   0     0 | 192   957 |02-12 19:25:52
  2   2  95   0   0   1|   0     0 |4173k  143k|   0     0 | 177   954 |02-12 19:25:53
  2   2  95   0   0   1|   0     0 |4269k  144k|   0     0 | 184   886 |02-12 19:25:54
  2   3  94   0   0   2|   0     0 |4200k  137k|   0     0 | 214   972 |02-12 19:25:55
  1   1  99   0   0   0|   0     0 |  22k 8384B|   0     0 |  35   120 |02-12 19:25:56
  1   0  99   0   0   0|   0     0 | 294B  132B|   0     0 |  49   176 |02-12 19:25:57
  0   0 100   0   0   0|   0     0 |   0     0 |   0     0 |  19    27 |02-12 19:25:58
  0   0 100   0   0   0|   0    16k|5422B 2782B|   0     0 |  27    70 |02-12 19:25:59
  0   0  99   0   0   0|   0     0 |   0     0 |   0     0 |  32    75 |02-12 19:26:00
  0   0 100   0   0   0|   0     0 |   0     0 |   0     0 |  18    26 |02-12 19:26:01
  1   0 100   0   0   0|   0     0 |5844B 3494B|   0     0 |  22    67 |02-12 19:26:02
  0   0 100   0   0   0|   0     0 |2112B 2112B|   0     0 |  20    26 |02-12 19:26:03
  7   3  90   0   0   0|   0     0 |5601B 4873B|   0     0 | 144   420 |02-12 19:26:04
  2   2  96   0   0   0|   0     0 |6812B 4542B|   0     0 | 125   425 |02-12 19:26:05
  0   0 100   0   0   0|   0     0 |   0     0 |   0     0 |  18    26 |02-12 19:26:06
  0   0 100   0   0   0|   0     0 |   0     0 |   0     0 |  20    38 |02-12 19:26:07
  1   0  99   0   0   0|   0    32k|5422B 2782B|   0     0 |  27    94 |02-12 19:26:08
  0   0 100   0   0   0|   0     0 |   0     0 |   0     0 |  23    44 |02-12 19:26:09
  0   0  99   0   0   0|   0     0 |   0     0 |   0     0 |  35    75 |02-12 19:26:10
  0   0 100   0   0   0|   0     0 |5422B 2782B|   0     0 |  20    52 |02-12 19:26:11
  0   0 100   0   0   0|   0     0 |   0     0 |   0     0 |  23    52 |02-12 19:26:12
  1   1  99   0   0   0|   0     0 |2725B 2601B|   0     0 |  48   131 |02-12 19:26:13
