[7l----total-cpu-usage---- -dsk/total- -net/total- ---paging-- ---system-- ----system----
usr sys idl wai hiq siq| read  writ| recv  send|  in   out | int   csw |     time     
  2   2  94   0   0   2|  16k   58k|   0     0 |   0     0 | 456  1747 |02-12 19:26:19
  1   1  98   0   0   0|   0     0 |5422B 2782B|   0     0 |  36   127 |02-12 19:26:20
  0   0 100   0   0   0|   0     0 |   0     0 |   0     0 |  21    52 |02-12 19:26:21
  0   0 100   0   0   0|   0     0 |   0     0 |   0     0 |  22    30 |02-12 19:26:22
  0   0 100   0   0   0|   0     0 |5422B 2782B|   0     0 |  27    60 |02-12 19:26:23
  0   0 100   0   0   0|   0     0 |   0     0 |   0     0 |  19    34 |02-12 19:26:24
  0   1 100   0   0   0|   0     0 |  74B   74B|   0     0 |  31    63 |02-12 19:26:25
 11   4  85   0   0   0|   0     0 |  19k   21k|   0     0 | 212   602 |02-12 19:26:26
  3   7  84   0   0   6|   0     0 |9841k  340k|   0     0 |1362  5439 |02-12 19:26:27
  4   9  82   0   0   5|   0     0 |  12M  434k|   0     0 |1548  6149 |02-12 19:26:28
  6   9  78   0   0   7|   0  8192B|  12M  436k|   0     0 |1469  5836 |02-12 19:26:29
  7   8  81   0   0   4|   0     0 |  12M  430k|   0     0 |1488  5984 |02-12 19:26:30
  4   7  85   0   0   4|   0     0 |  12M  428k|   0     0 |1407  5472 |02-12 19:26:31
  6  10  79   0   0   6|   0     0 |  13M  441k|   0     0 |1557  6056 |02-12 19:26:32
  6  10  81   0   0   4|   0     0 |  12M  433k|   0     0 |1471  5794 |02-12 19:26:33
  4   9  82   0   0   5|   0  4096B|  12M  430k|   0     0 |1409  5405 |02-12 19:26:34
  6   7  81   0   0   6|   0     0 |  12M  438k|   0     0 |1311  5321 |02-12 19:26:35
  4   9  82   0   0   6|   0     0 |  12M  428k|   0     0 |1420  5739 |02-12 19:26:36
  4   7  85   0   0   4|   0     0 |  12M  428k|   0     0 |1288  5293 |02-12 19:26:37
  5   6  81   2   0   6|   0    76k|  12M  432k|   0     0 |1322  5621 |02-12 19:26:38
  4   5  83   0   0   7|   0    64k|  12M  429k|   0     0 |1321  5541 |02-12 19:26:39
  4   9  82   0   0   5|   0     0 |  12M  435k|   0     0 |1229  5202 |02-12 19:26:40
  5   8  82   0   0   4|   0     0 |  12M  428k|   0     0 |1249  5184 |02-12 19:26:41
  3  11  81   0   0   5|   0     0 |  12M  430k|   0     0 |1261  5445 |02-12 19:26:42
  4   7  82   0   0   7|   0     0 |  12M  429k|   0     0 |1245  5178 |02-12 19:26:43
  6   8  81   0   0   6|   0     0 |  12M  428k|   0     0 |1194  4975 |02-12 19:26:44
  5   9  80   0   0   5|   0     0 |  12M  429k|   0     0 |1314  5334 |02-12 19:26:45
  4   6  83   0   0   7|   0     0 |  12M  425k|   0     0 |1153  4572 |02-12 19:26:46
  6  10  80   0   0   5|   0     0 |  12M  432k|   0     0 |1251  5191 |02-12 19:26:47
  2   7  85   0   0   5|   0     0 |  12M  427k|   0     0 |1288  5073 |02-12 19:26:48
  5   8  81   0   0   6|   0     0 |  12M  438k|   0     0 |1326  5495 |02-12 19:26:49
  8   8  81   0   0   3|   0  4096B|  12M  433k|   0     0 |1336  5568 |02-12 19:26:50
  4   8  81   0   0   7|   0     0 |  12M  429k|   0     0 |1426  5808 |02-12 19:26:51
  5   8  83   0   0   4|   0     0 |  12M  432k|   0     0 |1302  5403 |02-12 19:26:52
  7   8  80   0   0   5|   0     0 |  12M  433k|   0     0 |1394  5514 |02-12 19:26:53
  6   8  82   0   0   5|   0     0 |  12M  437k|   0     0 |1310  5327 |02-12 19:26:54
  6   7  80   0   0   8|   0     0 |  12M  429k|   0     0 |1168  5071 |02-12 19:26:55
  5   8  81   0   0   5|   0     0 |  12M  427k|   0     0 |1219  5102 |02-12 19:26:56
  6   8  81   0   0   5|   0     0 |  12M  434k|   0     0 |1216  5086 |02-12 19:26:57
  5  10  80   0   0   5|   0     0 |  12M  431k|   0     0 |1285  5375 |02-12 19:26:58
  7   9  80   0   0   5|   0     0 |  12M  433k|   0     0 |1280  5480 |02-12 19:26:59
  5   8  83   0   0   4|   0    16k|  12M  432k|   0     0 |1388  5821 |02-12 19:27:00
  3   8  82   0   0   7|   0     0 |  12M  430k|   0     0 |1481  5910 |02-12 19:27:01
  3   6  84   0   0   7|   0     0 |  12M  430k|   0     0 |1456  5722 |02-12 19:27:02
  7  10  78   0   0   6|   0     0 |  12M  439k|   0     0 |1353  5348 |02-12 19:27:03
  4   9  82   0   0   5|   0     0 |  12M  431k|   0     0 |1302  5257 |02-12 19:27:04
  6   9  79   0   0   6|   0     0 |  12M  432k|   0     0 |1152  5034 |02-12 19:27:05
  4   6  83   0   0   7|   0     0 |  12M  434k|   0     0 |1265  5230 |02-12 19:27:06
  5  10  79   0   0   6|   0     0 |  12M  430k|   0     0 |1069  4606 |02-12 19:27:07
  4   8  80   1   0   8|   0    24k|  12M  431k|   0     0 |1176  4919 |02-12 19:27:08
  4   9  81   0   0   7|   0     0 |  12M  431k|   0     0 |1244  5194 |02-12 19:27:09
  5   9  81   0   0   5|   0     0 |  12M  429k|   0     0 |1271  5126 |02-12 19:27:10
  4   9  83   0   0   4|   0     0 |  12M  430k|   0     0 |1261  4943 |02-12 19:27:11
  5   8  81   0   0   6|   0     0 |  12M  430k|   0     0 |1304  5075 |02-12 19:27:12
  4   9  82   0   0   6|   0     0 |  12M  434k|   0     0 |1338  5241 |02-12 19:27:13
  4   8  82   0   0   6|   0     0 |  12M  429k|   0     0 |1375  5568 |02-12 19:27:14
  6   7  81   0   0   6|   0     0 |  12M  432k|   0     0 |1360  5534 |02-12 19:27:15
  4   7  85   0   0   4|   0     0 |  12M  431k|   0     0 |1412  5509 |02-12 19:27:16
  3   8  85   0   0   5|   0     0 |  12M  431k|   0     0 |1415  5616 |02-12 19:27:17
  5   8  81   0   0   6|   0     0 |  12M  432k|   0     0 |1455  5692 |02-12 19:27:18
  4   9  82   0   0   5|   0     0 |  12M  432k|   0     0 |1335  5369 |02-12 19:27:19
  3   9  84   0   0   4|   0     0 |  12M  427k|   0     0 |1284  5223 |02-12 19:27:20
  3   9  79   0   0   8|   0     0 |  12M  433k|   0     0 |1351  5495 |02-12 19:27:21
  5   7  82   0   0   6|   0     0 |  12M  429k|   0     0 |1224  4935 |02-12 19:27:22
  4   9  82   0   0   6|   0     0 |  12M  428k|   0     0 |1206  4820 |02-12 19:27:23
  6   7  80   0   0   7|   0     0 |  12M  430k|   0     0 |1245  5058 |02-12 19:27:24
  4   9  81   0   0   5|   0  8192B|  12M  429k|   0     0 |1330  5195 |02-12 19:27:25
  6   7  82   0   0   5|   0     0 |  12M  422k|   0     0 |1256  5014 |02-12 19:27:26
  0   0  99   0   0   0|   0     0 |5422B 8912B|   0     0 |  41   112 |02-12 19:27:27
  1   1  99   0   0   0|   0     0 |4518B  132B|   0     0 |  64   227 |02-12 19:27:28
  1   1  98   0   0   0|   0     0 |2678B 5566B|   0     0 |  49   133 |02-12 19:27:29
  0   1  99   0   0   0|   0     0 |5422B 2782B|   0     0 |  35   100 |02-12 19:27:30
  0   0 100   0   0   0|   0    16k|   0     0 |   0     0 |  19    30 |02-12 19:27:31
  0   0 100   0   0   0|   0     0 |   0     0 |   0     0 |  18    31 |02-12 19:27:32
  1   0 100   0   0   0|   0     0 |5422B 2782B|   0     0 |  28    66 |02-12 19:27:33
  0   0 100   0   0   0|   0     0 |   0     0 |   0     0 |  25    52 |02-12 19:27:34
  0   0 100   0   0   0|   0     0 |2112B 2112B|   0     0 |  36    72 |02-12 19:27:35
 10   2  88   0   0   0|   0     0 |  11k 7655B|   0     0 | 179   510 |02-12 19:27:36
  1   2  97   0   0   0|   0     0 |1390B 1760B|   0     0 |  86   300 |02-12 19:27:37
  0   0 100   0   0   0|   0     0 |   0     0 |   0     0 |  24    37 |02-12 19:27:38
  1   0  97   3   0   0|   0    52k|5422B 2782B|   0     0 |  25    80 |02-12 19:27:39
  1   1  99   0   0   0|   0     0 |   0     0 |   0     0 |  39   174 |02-12 19:27:40
  0   0 100   0   0   0|   0    40k|   0     0 |   0     0 |  21    45 |02-12 19:27:41
  0   1 100   0   0   0|   0     0 |5422B 2782B|   0     0 |  23    63 |02-12 19:27:42
  0   0 100   0   0   0|   0     0 |   0     0 |   0     0 |  19    24 |02-12 19:27:43
  0   0 100   0   0   0|   0     0 |   0     0 |   0     0 |  19    32 |02-12 19:27:44
  1   0  99   0   0   1|   0     0 |5422B 2782B|   0     0 |  35    94 |02-12 19:27:45
  0   0 100   0   0   0|   0     0 |   0     0 |   0     0 |  25    45 |02-12 19:27:46
  0   0 100   0   0   0|   0     0 |   0     0 |   0     0 |  23    46 |02-12 19:27:47
  0   0  99   0   0   0|   0     0 |5422B 2782B|   0     0 |  20    61 |02-12 19:27:48
  0   0 100   0   0   0|   0     0 |   0     0 |   0     0 |  18    24 |02-12 19:27:49
  0   0 100   0   0   0|   0     0 |   0     0 |   0     0 |  34    64 |02-12 19:27:50
  1   1  98   0   0   0|   0     0 |8147B 5383B|   0     0 |  50   155 |02-12 19:27:51
  7   7  84   0   0   2|   0     0 |3125k  125k|   0     0 | 561  2211 |02-12 19:27:52
  4   7  83   0   0   6|   0     0 |  13M  443k|   0     0 |1746  6457 |02-12 19:27:53
  4   9  81   0   0   6|   0     0 |  12M  434k|   0     0 |1592  6083 |02-12 19:27:54
  4   8  82   0   0   6|   0     0 |  12M  429k|   0     0 |1477  5903 |02-12 19:27:55
  6   6  83   0   0   5|   0  8192B|  12M  430k|   0     0 |1377  5662 |02-12 19:27:56
  4   7  83   0   0   6|   0     0 |  12M  430k|   0     0 |1399  5741 |02-12 19:27:57
  3   9  80   0   0   8|   0     0 |  12M  431k|   0     0 |1395  5695 |02-12 19:27:58
  5   9  81   0   0   6|   0     0 |  13M  442k|   0     0 |1453  6018 |02-12 19:27:59
  6   7  81   0   0   6|   0     0 |  12M  432k|   0     0 |1467  5764 |02-12 19:28:00
  4   8  79   0   0   8|   0  4096B|  12M  429k|   0     0 |1476  5833 |02-12 19:28:01
  4   9  82   0   0   5|   0     0 |  12M  431k|   0     0 |1498  6023 |02-12 19:28:02
  4  10  81   0   0   6|   0     0 |  12M  434k|   0     0 |1498  5978 |02-12 19:28:03
  4   8  84   0   0   4|   0     0 |  12M  429k|   0     0 |1407  5612 |02-12 19:28:04
  4   8  84   0   0   4|   0     0 |  12M  431k|   0     0 |1370  5521 |02-12 19:28:05
  5   8  83   0   0   4|   0  8192B|  12M  438k|   0     0 |1377  5806 |02-12 19:28:06
  5   7  83   0   0   6|   0     0 |  12M  428k|   0     0 |1412  5564 |02-12 19:28:07
  4   8  84   0   0   4|   0     0 |  12M  428k|   0     0 |1368  5509 |02-12 19:28:08
  4   8  82   0   0   5|   0     0 |  12M  431k|   0     0 |1256  5377 |02-12 19:28:09
  4   8  82   1   0   5|   0    48k|  12M  430k|   0     0 |1435  5763 |02-12 19:28:10
  6   8  81   0   0   6|   0     0 |  12M  431k|   0     0 |1372  5544 |02-12 19:28:11
  4   5  85   0   0   6|   0     0 |  12M  429k|   0     0 |1447  5670 |02-12 19:28:12
  4   8  82   0   0   6|   0     0 |  12M  433k|   0     0 |1592  6261 |02-12 19:28:13
  4  10  80   0   0   6|   0     0 |  12M  432k|   0     0 |1441  5919 |02-12 19:28:14
  6   8  82   0   0   4|   0     0 |  12M  433k|   0     0 |1435  5717 |02-12 19:28:15
  5   7  81   0   0   7|   0     0 |  12M  432k|   0     0 |1278  5260 |02-12 19:28:16
  4  10  81   0   0   5|   0     0 |  12M  429k|   0     0 |1430  5630 |02-12 19:28:17
  3   8  84   0   0   5|   0     0 |  12M  436k|   0     0 |1368  5390 |02-12 19:28:18
  4   7  84   0   0   5|   0     0 |  12M  434k|   0     0 |1505  5929 |02-12 19:28:19
  4   8  82   0   0   6|   0     0 |  12M  432k|   0     0 |1370  5566 |02-12 19:28:20
  4   6  82   0   0   7|   0     0 |  12M  428k|   0     0 |1305  5291 |02-12 19:28:21
  5   9  80   0   0   6|   0     0 |  12M  434k|   0     0 |1270  5324 |02-12 19:28:22
  3   6  85   0   0   6|   0     0 |  12M  427k|   0     0 |1346  5415 |02-12 19:28:23
  5  10  79   0   0   7|   0     0 |  12M  433k|   0     0 |1379  5498 |02-12 19:28:24
  0   0  99   0   0   1|   0     0 | 581k   23k|   0     0 |  88   364 |02-12 19:28:25
  3   4  90   0   0   4|   0     0 |7683k  265k|   0     0 | 770  3276 |02-12 19:28:26
  2   2  96   0   0   1|   0    20k|1905k   65k|   0     0 | 205   850 |02-12 19:28:27
  0   1  99   0   0   0|   0     0 | 458k   18k|   0     0 |  63   271 |02-12 19:28:28
  0   1  99   0   0   0|   0     0 |2678B 5566B|   0     0 |  49   132 |02-12 19:28:29
  2   3  96   0   0   1|   0     0 |2491k   85k|   0     0 | 275  1152 |02-12 19:28:30
  5   8  81   0   0   7|   0     0 |  12M  429k|   0     0 |1269  5167 |02-12 19:28:31
  6   8  81   0   0   5|   0     0 |  12M  433k|   0     0 |1185  5219 |02-12 19:28:32
  5   9  81   0   0   6|   0     0 |  12M  430k|   0     0 |1217  5038 |02-12 19:28:33
  4  10  78   0   0   8|   0     0 |  12M  436k|   0     0 |1199  5153 |02-12 19:28:34
  5   6  83   0   0   6|   0     0 |  12M  432k|   0     0 |1228  5244 |02-12 19:28:35
  5   8  82   0   0   5|   0     0 |  12M  436k|   0     0 |1372  5552 |02-12 19:28:36
  4   8  83   0   0   6|   0     0 |  12M  431k|   0     0 |1223  5147 |02-12 19:28:37
  5   8  83   0   0   4|   0     0 |  12M  434k|   0     0 |1345  5430 |02-12 19:28:38
  3  10  82   0   0   6|   0     0 |  12M  430k|   0     0 |1332  5477 |02-12 19:28:39
  6   7  81   1   0   6|   0    44k|  12M  433k|   0     0 |1309  5594 |02-12 19:28:40
  3   8  83   0   0   6|   0     0 |  12M  430k|   0     0 |1263  5396 |02-12 19:28:41
  4   7  81   0   0   8|   0    56k|  12M  429k|   0     0 |1333  5257 |02-12 19:28:42
  6   9  80   0   0   6|   0     0 |  12M  428k|   0     0 |1233  4992 |02-12 19:28:43
  5   7  83   0   0   5|   0     0 |  12M  433k|   0     0 |1295  5236 |02-12 19:28:44
  3   8  82   0   0   7|   0     0 |  12M  425k|   0     0 |1205  5033 |02-12 19:28:45
  6   7  82   0   0   6|   0     0 |  12M  432k|   0     0 |1179  4850 |02-12 19:28:46
  5   7  83   0   0   4|   0     0 |  12M  430k|   0     0 |1284  5145 |02-12 19:28:47
  5   9  80   0   0   6|   0     0 |  12M  427k|   0     0 |1285  5062 |02-12 19:28:48
  6   8  82   0   0   5|   0     0 |  12M  433k|   0     0 |1271  5032 |02-12 19:28:49
  5   9  80   0   0   6|   0     0 |  12M  428k|   0     0 |1140  4988 |02-12 19:28:50
  5   8  81   0   0   6|   0     0 |  13M  442k|   0     0 |1341  5859 |02-12 19:28:51
  3   3  92   0   0   2|   0     0 |5922k  201k|   0     0 | 661  2734 |02-12 19:28:52
  0   1  99   0   0   1|   0     0 |4518B 4546B|   0     0 |  41   211 |02-12 19:28:53
  0   0 100   0   0   0|   0     0 |   0     0 |   0     0 |  23    34 |02-12 19:28:54
  1   0  99   0   0   0|   0     0 |5422B 2782B|   0     0 |  36    96 |02-12 19:28:55
  0   0 100   0   0   0|   0     0 |   0     0 |   0     0 |  19    30 |02-12 19:28:56
  0   0 100   0   0   0|   0     0 |   0     0 |   0     0 |  19    36 |02-12 19:28:57
  1   1  99   0   0   0|   0    24k|5422B 2782B|   0     0 |  22    66 |02-12 19:28:58
  0   0 100   0   0   0|   0     0 |   0     0 |   0     0 |  18    24 |02-12 19:28:59
  0   1  99   0   0   0|   0     0 |2112B 2112B|   0     0 |  31    66 |02-12 19:29:00
  1   0  99   0   0   0|   0     0 |5422B 2782B|   0     0 |  26    80 |02-12 19:29:01
  1   1  99   0   0   0|   0     0 |4155B 4029B|   0     0 |  38    86 |02-12 19:29:02
  6   3  90   0   0   1|   0     0 |1644B 1894B|   0     0 | 177   501 |02-12 19:29:03
  1   2  98   0   0   0|   0     0 |7168B 4072B|   0     0 |  56   262 |02-12 19:29:04
  0   0 100   0   0   0|   0     0 |   0     0 |   0     0 |  26    47 |02-12 19:29:05
  1   1  99   0   0   0|   0     0 |   0     0 |   0     0 |  24    50 |02-12 19:29:06
  0   0 100   0   0   0|   0     0 |5422B 2782B|   0     0 |  21    64 |02-12 19:29:07
  0   0 100   0   0   0|   0  8192B|   0     0 |   0     0 |  22    43 |02-12 19:29:08
  0   0 100   0   0   0|   0     0 |   0     0 |   0     0 |  18    24 |02-12 19:29:09
  1   0 100   0   0   0|   0     0 |5422B 2782B|   0     0 |  20    57 |02-12 19:29:10
  1   1  98   2   0   0|   0    36k|   0     0 |   0     0 |  33    93 |02-12 19:29:11
  0   0 100   0   0   0|   0     0 |   0     0 |   0     0 |  18    30 |02-12 19:29:12
  0   0 100   0   0   0|   0     0 |5422B 2782B|   0     0 |  21    65 |02-12 19:29:13
  0   0 100   0   0   0|   0     0 |   0     0 |   0     0 |  22    46 |02-12 19:29:14
  0   0 100   0   0   0|   0     0 |   0     0 |   0     0 |  19    27 |02-12 19:29:15
  1   1  99   0   0   0|   0     0 |5422B 2782B|   0     0 |  33   102 |02-12 19:29:16
  0   0 100   0   0   0|   0     0 |   0     0 |   0     0 |  19    36 |02-12 19:29:17
  0   0 100   0   0   0|   0     0 |   0     0 |   0     0 |  19    31 |02-12 19:29:18
  1   0 100   0   0   0|   0     0 |5422B 2782B|   0     0 |  20    53 |02-12 19:29:19
  0   0 100   0   0   0|   0     0 |   0     0 |   0     0 |  24    49 |02-12 19:29:20
  0   1  99   0   0   0|   0     0 |   0     0 |   0     0 |  31    78 |02-12 19:29:21
  1   1  98   0   0   0|   0     0 |5669B 3029B|   0     0 |  30    86 |02-12 19:29:22
  6   2  92   0   0   1|   0     0 |3374B 2514B|   0     0 | 133   372 |02-12 19:29:23
  4   5  89   0   0   3|   0     0 |4977k  188k|   0     0 | 768  3030 |02-12 19:29:24
  5   9  81   0   0   6|   0     0 |  13M  442k|   0     0 |1610  6419 |02-12 19:29:25
  5   8  81   0   0   6|   0     0 |  12M  430k|   0     0 |1570  6254 |02-12 19:29:26
  6   6  84   0   0   4|   0     0 |  12M  429k|   0     0 |1470  5807 |02-12 19:29:27
  5   8  81   0   0   6|   0     0 |  12M  431k|   0     0 |1388  5609 |02-12 19:29:28
  6   9  79   0   0   6|   0     0 |  12M  438k|   0     0 |1368  5479 |02-12 19:29:29
  4   8  82   0   0   6|   0     0 |  12M  434k|   0     0 |1505  6155 |02-12 19:29:30
  4   7  83   0   0   5|   0     0 |  12M  427k|   0     0 |1196  5035 |02-12 19:29:31
  6   5  82   0   0   6|   0     0 |  12M  431k|   0     0 |1210  5112 |02-12 19:29:32
  5   7  82   0   0   6|   0    12k|  12M  407k|   0     0 |1154  4726 |02-12 19:29:33
  3   7  84   0   0   5|   0     0 |  12M  425k|   0     0 |1147  4849 |02-12 19:29:34
  6  11  78   0   0   5|   0     0 |  12M  427k|   0     0 |1196  4788 |02-12 19:29:35
  7   8  80   0   0   5|   0     0 |  12M  427k|   0     0 |1260  5223 |02-12 19:29:36
  5   7  81   0   0   7|   0     0 |  12M  426k|   0     0 |1361  5518 |02-12 19:29:37
  6  12  79   0   0   4|   0     0 |  12M  433k|   0     0 |1421  5759 |02-12 19:29:38
  7   8  81   0   0   5|   0     0 |  12M  429k|   0     0 |1438  5925 |02-12 19:29:39
  4   8  84   0   0   5|   0     0 |  12M  430k|   0     0 |1423  5773 |02-12 19:29:40
  5   8  81   0   0   5|   0     0 |  12M  424k|   0     0 |1252  5129 |02-12 19:29:41
  5   5  83   1   0   6|   0    60k|  12M  429k|   0     0 |1452  5651 |02-12 19:29:42
  5  10  80   0   0   5|   0     0 |  12M  433k|   0     0 |1307  5357 |02-12 19:29:43
  4   7  83   0   0   5|   0    56k|  12M  432k|   0     0 |1349  5615 |02-12 19:29:44
  5   7  84   0   0   4|   0     0 |  12M  435k|   0     0 |1487  5971 |02-12 19:29:45
  5   8  82   0   0   5|   0     0 |  12M  440k|   0     0 |1476  5960 |02-12 19:29:46
  2   4  92   0   0   2|   0     0 |5764k  199k|   0     0 | 689  2675 |02-12 19:29:47
  2   3  94   0   0   1|   0     0 |4166k  142k|   0     0 | 420  1614 |02-12 19:29:48
  2   5  91   0   0   2|   0    16k|5023k  171k|   0     0 | 494  2230 |02-12 19:29:49
  2   1  98   0   0   0|   0     0 |1082k   39k|   0     0 | 122   481 |02-12 19:29:50
  2   3  94   0   0   2|   0     0 |3382k  117k|   0     0 | 344  1395 |02-12 19:29:51
  3   8  85   0   0   5|   0     0 |  11M  381k|   0     0 |1177  4879 |02-12 19:29:52
  4   9  82   0   0   5|   0     0 |  12M  424k|   0     0 |1346  5669 |02-12 19:29:53
  3  11  80   0   0   6|   0     0 |  12M  429k|   0     0 |1275  5451 |02-12 19:29:54
  4   9  83   0   0   4|   0     0 |  12M  428k|   0     0 |1356  5539 |02-12 19:29:55
  5   9  79   0   0   6|   0     0 |  12M  431k|   0     0 |1309  5528 |02-12 19:29:56
  6   8  83   0   0   4|   0     0 |  12M  432k|   0     0 |1309  5445 |02-12 19:29:57
  4   8  81   0   0   6|   0     0 |  12M  436k|   0     0 |1251  5258 |02-12 19:29:58
  6   9  82   0   0   3|   0     0 |  12M  430k|   0     0 |1157  4656 |02-12 19:29:59
  5   6  82   0   0   6|   0     0 |  12M  427k|   0     0 |1131  4675 |02-12 19:30:00
  5   8  82   0   0   6|   0     0 |  12M  428k|   0     0 |1214  5230 |02-12 19:30:01
  6  10  79   0   0   5|   0     0 |  12M  432k|   0     0 |1225  5002 |02-12 19:30:02
  4   9  80   0   0   8|   0     0 |  12M  427k|   0     0 |1232  5081 |02-12 19:30:03
  6   7  83   0   0   4|   0     0 |  12M  428k|   0     0 |1246  4930 |02-12 19:30:04
  6   7  81   0   0   6|   0     0 |  12M  438k|   0     0 |1237  4886 |02-12 19:30:05
  4   7  84   0   0   6|   0     0 |  12M  429k|   0     0 |1180  4881 |02-12 19:30:06
  5   8  82   0   0   5|   0     0 |  12M  434k|   0     0 |1227  4966 |02-12 19:30:07
  5   9  81   0   0   5|   0     0 |  12M  440k|   0     0 |1335  5539 |02-12 19:30:08
  4   9  83   0   0   4|   0     0 |  12M  433k|   0     0 |1322  5484 |02-12 19:30:09
  5   8  82   0   0   6|   0     0 |  12M  433k|   0     0 |1339  5548 |02-12 19:30:10
  6   7  81   0   0   6|   0     0 |  12M  427k|   0     0 |1112  4696 |02-12 19:30:11
  5   7  82   1   0   5|   0    20k|  12M  435k|   0     0 |1335  5427 |02-12 19:30:12
  6   9  81   0   0   4|   0     0 |  12M  424k|   0     0 |1356  5679 |02-12 19:30:13
  6   6  83   0   0   5|   0     0 |  12M  438k|   0     0 |1330  5592 |02-12 19:30:14
  5   8  83   0   0   4|   0     0 |  12M  430k|   0     0 |1260  5209 |02-12 19:30:15
  5   7  83   0   0   5|   0     0 |  12M  426k|   0     0 |1155  4897 |02-12 19:30:16
  6   9  80   0   0   5|   0     0 |  12M  432k|   0     0 |1187  4992 |02-12 19:30:17
  4   8  83   0   0   5|   0     0 |  12M  427k|   0     0 |1287  5052 |02-12 19:30:18
  4   8  83   0   0   6|   0    24k|  12M  426k|   0     0 |1255  5074 |02-12 19:30:19
  5   8  81   0   0   5|   0     0 |  12M  432k|   0     0 |1213  4863 |02-12 19:30:20
  5  11  81   0   0   3|   0     0 |  12M  432k|   0     0 |1242  5194 |02-12 19:30:21
  5   8  82   0   0   5|   0     0 |  12M  433k|   0     0 |1380  5550 |02-12 19:30:22
  4   9  81   0   0   6|   0     0 |  12M  434k|   0     0 |1343  5416 |02-12 19:30:23
  2   2  94   0   0   2|   0     0 |3913k  132k|   0     0 | 459  1839 |02-12 19:30:24
  0   1  99   0   0   0|   0  8192B|4518B 4546B|   0     0 |  62   211 |02-12 19:30:25
  1   1  99   0   0   0|   0     0 |5422B 2782B|   0     0 |  43   111 |02-12 19:30:26
  0   0 100   0   0   0|   0     0 |   0     0 |   0     0 |  23    43 |02-12 19:30:27
  1   0  99   0   0   0|   0     0 | 935B 1289B|   0     0 |  37    76 |02-12 19:30:28
  1   0  99   0   0   0|   0     0 |5720B 3696B|   0     0 |  34    78 |02-12 19:30:29
  1   1  99   0   0   0|   0     0 |3368B 6000B|   0     0 |  65   182 |02-12 19:30:30
  0   1  99   0   0   0|   0     0 |1914B  858B|   0     0 |  36    75 |02-12 19:30:31
  0   0 100   0   0   0|   0     0 | 264B 1254B|   0     0 |  23    46 |02-12 19:30:32
  2   1  98   0   0   0|   0     0 |  10k 7495B|   0     0 |  62   166 |02-12 19:30:33
  8   3  89   0   0   0|   0     0 |2286B 1920B|   0     0 | 209   614 |02-12 19:30:34
  0   0 100   0   0   0|   0     0 |   0     0 |   0     0 |  25    49 |02-12 19:30:35
  1   0  99   0   0   1|   0     0 |5422B 2782B|   0     0 |  40   113 |02-12 19:30:36
  0   0 100   0   0   0|   0     0 |   0     0 |   0     0 |  25    47 |02-12 19:30:37
  0   0 100   0   0   0|   0     0 |   0     0 |   0     0 |  26    49 |02-12 19:30:38
  1   0  99   0   0   0|   0     0 |5422B 2782B|   0     0 |  28    66 |02-12 19:30:39
  0   0 100   0   0   0|   0     0 |   0     0 |   0     0 |  28   130 |02-12 19:30:40
  0   1 100   0   0   0|   0     0 |   0     0 |   0     0 |  34    70 |02-12 19:30:41
  1   0  96   3   0   0|   0    48k|5422B 2782B|   0     0 |  29    89 |02-12 19:30:42
  0   0 100   0   0   0|   0     0 | 102B  192B|   0     0 |  25    48 |02-12 19:30:43
  0   0 100   0   0   0|   0     0 |   0     0 |   0     0 |  26    55 |02-12 19:30:44
  0   0 100   0   0   0|   0    40k|5422B 2782B|   0     0 |  27    71 |02-12 19:30:45
  0   0 100   0   0   0|   0     0 |   0     0 |   0     0 |  37    75 |02-12 19:30:46
  0   0 100   0   0   0|   0     0 |   0     0 |   0     0 |  25    45 |02-12 19:30:47
  1   0  99   0   0   0|   0     0 |5422B 2782B|   0     0 |  25    80 |02-12 19:30:48
  0   0 100   0   0   0|   0     0 |   0     0 |   0     0 |  24    41 |02-12 19:30:49
  0   0 100   0   0   0|   0  8192B|   0     0 |   0     0 |  22    32 |02-12 19:30:50
  0   1  99   0   0   0|   0     0 |5422B 2782B|   0     0 |  36   108 |02-12 19:30:51
  0   1 100   0   0   0|   0     0 |   0     0 |   0     0 |  25    49 |02-12 19:30:52
  0   0 100   0   0   0|   0     0 |   0     0 |   0     0 |  23    40 |02-12 19:30:53
  0   1  99   0   0   0|   0     0 |5422B 2782B|   0     0 |  22    60 |02-12 19:30:54
  0   0 100   0   0   0|   0  4096B|   0     0 |   0     0 |  24    43 |02-12 19:30:55
  2   1  98   0   0   0|   0     0 |1895B 1851B|   0     0 |  48   135 |02-12 19:30:56
  7   3  89   0   0   1|   0     0 |7148B 4698B|   0     0 | 184   531 |02-12 19:30:57
  2   3  93   0   0   3|   0     0 |3847k  150k|   0     0 | 457  1915 |02-12 19:30:58
  2   3  95   0   0   1|   0     0 |3034k  103k|   0     0 | 307  1149 |02-12 19:30:59
  3   5  89   0   0   3|   0  8192B|7385k  256k|   0     0 | 653  2754 |02-12 19:31:00
  3   6  89   0   0   3|   0     0 |6923k  238k|   0     0 | 639  2524 |02-12 19:31:01
  2   2  94   0   0   3|   0     0 |2505k   86k|   0     0 | 249   988 |02-12 19:31:02
  4   5  82   5   0   5|   0     0 |8168k  283k|   0     0 | 607  2507 |02-12 19:31:03
  5   4  85   2   0   4| 296k    0 |9166k  318k|   0     0 | 679  2855 |02-12 19:31:04
  2   5  89   0   0   4|   0     0 |8189k  281k|   0     0 | 713  2734 |02-12 19:31:05
  5   9  81   0   0   5|   0  4096B|  10M  361k|   0     0 |1071  4270 |02-12 19:31:06
  4   4  89   0   0   4|   0     0 |7187k  248k|   0     0 | 531  2263 |02-12 19:31:07
  1   6  91   0   0   2|   0     0 |7233k  250k|   0     0 | 556  2353 |02-12 19:31:08
  4   4  90   0   0   3|   0     0 |7538k  261k|   0     0 | 636  2546 |02-12 19:31:09
  4   8  82   0   0   6|   0     0 |  11M  376k|   0     0 | 783  3404 |02-12 19:31:10
  2   3  91   0   0   4|   0     0 |5980k  205k|   0     0 | 518  2207 |02-12 19:31:11
  5   7  83   0   0   5|   0     0 |  11M  382k|   0     0 | 871  3592 |02-12 19:31:12
  2   5  71  19   0   4|   0    48k|6385k  219k|   0     0 | 470  1906 |02-12 19:31:13
  6   6  85   0   0   3|   0     0 |  11M  388k|   0     0 | 776  3539 |02-12 19:31:14
  5   7  83   0   0   5|   0     0 |  12M  434k|   0     0 |1002  3923 |02-12 19:31:15
  5   8  82   0   0   6|   0     0 |  12M  427k|   0     0 | 932  3759 |02-12 19:31:16
  5   7  83   0   0   6|   0     0 |  12M  425k|   0     0 | 924  3858 |02-12 19:31:17
  6   8  82   0   0   4|   0     0 |  12M  433k|   0     0 | 863  3627 |02-12 19:31:18
  3   8  83   0   0   6|   0     0 |  12M  416k|   0     0 | 936  3677 |02-12 19:31:19
  4   9  81   0   0   6|   0     0 |  12M  423k|   0     0 | 947  3776 |02-12 19:31:20
  5  10  81   0   0   5|   0     0 |  12M  429k|   0     0 | 831  3440 |02-12 19:31:21
  5   9  83   0   0   4|   0     0 |  12M  423k|   0     0 | 887  3387 |02-12 19:31:22
  4   7  85   0   0   4|   0     0 |  12M  421k|   0     0 | 749  2855 |02-12 19:31:23
  5   7  83   0   0   5|   0     0 |  12M  431k|   0     0 | 834  3142 |02-12 19:31:24
  5   7  84   0   0   4|   0     0 |  12M  426k|   0     0 | 841  3257 |02-12 19:31:25
  5   8  80   0   0   7|   0     0 |  12M  420k|   0     0 | 775  3055 |02-12 19:31:26
  5   6  84   0   0   4|   0     0 |  12M  427k|   0     0 | 798  2984 |02-12 19:31:27
  1   3  95   0   0   1|   0     0 |2594k   89k|   0     0 | 194   775 |02-12 19:31:28
  3   4  91   0   0   3|   0     0 |5805k  198k|   0     0 | 396  1526 |02-12 19:31:29
  5   7  84   0   0   4|   0     0 |  11M  406k|   0     0 | 795  3197 |02-12 19:31:30
  2   3  93   0   0   2|   0    24k|5011k  172k|   0     0 | 326  1310 |02-12 19:31:31
  3   4  89   0   0   4|   0     0 |7271k  248k|   0     0 | 576  2208 |02-12 19:31:32
  2   5  91   0   0   2|   0     0 |6213k  214k|   0     0 | 419  1668 |02-12 19:31:33
  4   5  89   0   0   3|   0     0 |7724k  264k|   0     0 | 476  1980 |02-12 19:31:34
  3   6  86   0   0   6|   0     0 |9994k  341k|   0     0 | 704  2852 |02-12 19:31:35
  3   5  90   0   0   2|   0  4096B|7097k  245k|   0     0 | 572  2219 |02-12 19:31:36
  2   2  95   0   0   1|   0     0 |2907k  100k|   0     0 | 217   779 |02-12 19:31:37
  3   5  90   0   0   3|   0     0 |7900k  272k|   0     0 | 521  2107 |02-12 19:31:38
  6   7  84   0   0   4|   0     0 |  12M  411k|   0     0 | 798  3171 |02-12 19:31:39
  3   4  88   0   0   5|   0     0 |7514k  256k|   0     0 | 519  2008 |02-12 19:31:40
  3   5  89   0   0   3|   0     0 |8477k  289k|   0     0 | 537  2083 |02-12 19:31:41
  3   5  90   0   0   3|   0     0 |9211k  314k|   0     0 | 673  2529 |02-12 19:31:42
  2   3  94   1   0   1|   0    40k|3039k  106k|   0     0 | 237   883 |02-12 19:31:43
  5   5  84   0   0   6|   0     0 |  11M  386k|   0     0 | 798  3201 |02-12 19:31:44
  5   8  82   0   0   6|   0     0 |  12M  414k|   0     0 | 876  3453 |02-12 19:31:45
  5   8  81   0   0   6|   0     0 |  12M  429k|   0     0 | 816  3266 |02-12 19:31:46
  4   7  84   0   0   5|   0    60k|  12M  427k|   0     0 | 878  3429 |02-12 19:31:47
  5  10  82   0   0   4|   0     0 |  12M  422k|   0     0 | 911  3508 |02-12 19:31:48
  6   7  83   0   0   4|   0     0 |  12M  423k|   0     0 | 991  3929 |02-12 19:31:49
  3   6  87   0   0   4|   0     0 |  12M  428k|   0     0 | 920  3781 |02-12 19:31:50
  5   7  84   0   0   4|   0     0 |  12M  418k|   0     0 | 894  3732 |02-12 19:31:51
  4   7  82   0   0   7|   0     0 |  12M  426k|   0     0 | 934  3635 |02-12 19:31:52
  3   8  84   0   0   5|   0     0 |  12M  424k|   0     0 | 982  3718 |02-12 19:31:53
  5  10  81   0   0   4|   0     0 |  12M  433k|   0     0 | 966  3722 |02-12 19:31:54
  5   7  82   0   0   6|   0     0 |  12M  439k|   0     0 | 968  3641 |02-12 19:31:55
  4   7  84   0   0   5|   0     0 |  12M  423k|   0     0 | 984  3676 |02-12 19:31:56
  4   7  84   0   0   5|   0     0 |  12M  424k|   0     0 | 909  3578 |02-12 19:31:57
  3   6  87   0   0   4|   0     0 |7529k  260k|   0     0 | 293  1372 |02-12 19:31:58
  0   0 100   0   0   0|   0     0 |   0     0 |   0     0 |  18    27 |02-12 19:31:59
  0   0 100   0   0   0|   0     0 |   0     0 |   0     0 |  18    30 |02-12 19:32:00
  1   0  99   0   0   0|   0     0 |5422B 2782B|   0     0 |  36   108 |02-12 19:32:01
  0   0 100   0   0   0|   0    24k|   0     0 |   0     0 |  18    34 |02-12 19:32:02
  0   0 100   0   0   0|   0     0 |   0     0 |   0     0 |  18    24 |02-12 19:32:03
  0   0 100   0   0   0|   0     0 |5422B 2782B|   0     0 |  22    67 |02-12 19:32:04
  0   0 100   0   0   0|   0     0 |   0     0 |   0     0 |  18    27 |02-12 19:32:05
  1   0 100   0   0   0|   0     0 |2112B 2112B|   0     0 |  31    60 |02-12 19:32:06
  1   1  99   0   0   0|   0     0 |5918B 3568B|   0     0 |  29    78 |02-12 19:32:07
  6   2  91   0   0   1|   0     0 |5659B 4799B|   0     0 | 140   401 |02-12 19:32:08
  3   2  95   0   0   0|   0     0 |1390B 1760B|   0     0 | 104   364 |02-12 19:32:09
  0   0 100   0   0   0|   0     0 |5422B 2782B|   0     0 |  31    73 |02-12 19:32:10
  1   0  99   0   0   0|   0     0 |   0     0 |   0     0 |  32    68 |02-12 19:32:11
  0   0 100   0   0   0|   0     0 |   0     0 |   0     0 |  23    48 |02-12 19:32:12
  0   0 100   0   0   0|   0     0 |5422B 2782B|   0     0 |  24    65 |02-12 19:32:13
  0   0 100   0   0   0|   0    36k|   0     0 |   0     0 |  21    35 |02-12 19:32:14
  0   0 100   0   0   0|   0     0 |   0     0 |   0     0 |  19    24 |02-12 19:32:15
  1   0  99   0   0   0|   0     0 |5422B 2782B|   0     0 |  37   102 |02-12 19:32:16
  0   0 100   0   0   0|   0     0 |   0     0 |   0     0 |  19    38 |02-12 19:32:17
  0   0 100   0   0   0|   0     0 |   0     0 |   0     0 |  18    24 |02-12 19:32:18
  1   0  99   0   0   0|   0     0 |5512B 2872B|   0     0 |  47    77 |02-12 19:32:19
  0   0 100   0   0   0|   0     0 | 102B  192B|   0     0 |  20    38 |02-12 19:32:20
  0   0 100   0   0   0|   0     0 |   0     0 |   0     0 |  33    74 |02-12 19:32:21
  1   0 100   0   0   0|   0     0 |5422B 2782B|   0     0 |  21    56 |02-12 19:32:22
  0   0 100   0   0   0|   0     0 |   0     0 |   0     0 |  25    46 |02-12 19:32:23
  0   0 100   0   0   0|   0     0 |   0     0 |   0     0 |  25    61 |02-12 19:32:24
 10   3  88   0   0   0|   0     0 |8911B 5543B|   0     0 | 181   518 |02-12 19:32:25
  2   5  91   0   0   2|   0     0 |4732k  180k|   0     0 | 703  2972 |02-12 19:32:26
  4   7  82   0   0   7|   0     0 |  13M  448k|   0     0 |1407  5512 |02-12 19:32:27
  4   8  83   0   0   5|   0     0 |  12M  430k|   0     0 |1198  4749 |02-12 19:32:28
  3   9  83   0   0   4|   0     0 |  12M  430k|   0     0 |1111  4426 |02-12 19:32:29
  7   9  80   0   0   5|   0     0 |  12M  432k|   0     0 |1028  4006 |02-12 19:32:30
  4   8  82   0   0   7|   0     0 |  12M  430k|   0     0 | 955  3756 |02-12 19:32:31
  5   7  84   0   0   5|   0     0 |  12M  431k|   0     0 |1150  4586 |02-12 19:32:32
  4   8  83   0   0   5|   0    12k|  12M  430k|   0     0 |1085  4174 |02-12 19:32:33
  3   8  84   0   0   5|   0     0 |  12M  424k|   0     0 |1113  4464 |02-12 19:32:34
  5  10  82   0   0   3|   0     0 |  12M  421k|   0     0 |1063  3997 |02-12 19:32:35
  5   6  83   0   0   6|   0     0 |  12M  435k|   0     0 |1050  4384 |02-12 19:32:36
  6   9  81   0   0   4|   0     0 |  12M  427k|   0     0 |1019  3943 |02-12 19:32:37
  4   8  84   0   0   4|   0     0 |  12M  427k|   0     0 |1013  3942 |02-12 19:32:38
  5   6  83   0   0   6|   0     0 |  12M  426k|   0     0 | 941  3657 |02-12 19:32:39
  7   7  80   0   0   6|   0     0 |  12M  429k|   0     0 | 921  3751 |02-12 19:32:40
  6   8  82   0   0   5|   0     0 |  12M  417k|   0     0 | 935  3943 |02-12 19:32:41
  5   8  83   0   0   5|   0     0 |  12M  424k|   0     0 |1077  4252 |02-12 19:32:42
  5   6  82   0   0   7|   0  4096B|  12M  423k|   0     0 | 905  3891 |02-12 19:32:43
  3   8  84   0   0   5|   0     0 |  12M  427k|   0     0 | 933  3826 |02-12 19:32:44
  5   7  82   2   0   4|   0    68k|  12M  426k|   0     0 | 909  3736 |02-12 19:32:45
  5   9  82   0   0   5|   0     0 |  12M  433k|   0     0 | 872  3536 |02-12 19:32:46
  5   8  82   0   0   6|   0     0 |  12M  428k|   0     0 |1055  4140 |02-12 19:32:47
  4   9  83   0   0   4|   0    68k|  12M  429k|   0     0 | 874  3650 |02-12 19:32:48
  4   8  83   0   0   5|   0     0 |  12M  431k|   0     0 | 880  3660 |02-12 19:32:49
  6   9  80   0   0   5|   0     0 |  12M  432k|   0     0 | 811  3322 |02-12 19:32:50
  4  10  81   0   0   6|   0     0 |  12M  430k|   0     0 | 911  3865 |02-12 19:32:51
  3   8  84   0   0   5|   0     0 |  12M  428k|   0     0 | 879  3727 |02-12 19:32:52
  6   7  83   0   0   4|   0     0 |  12M  430k|   0     0 | 951  3720 |02-12 19:32:53
  4   9  82   0   0   6|   0     0 |  12M  419k|   0     0 | 867  3561 |02-12 19:32:54
  5   9  81   0   0   6|   0     0 |  12M  427k|   0     0 | 865  3651 |02-12 19:32:55
  5   9  81   0   0   6|   0     0 |  12M  426k|   0     0 | 908  3592 |02-12 19:32:56
  5   7  84   0   0   4|   0     0 |  12M  429k|   0     0 | 813  3197 |02-12 19:32:57
  5   8  82   0   0   5|   0    16k|  12M  430k|   0     0 | 839  3286 |02-12 19:32:58
  4   8  84   0   0   5|   0     0 |  12M  425k|   0     0 | 841  3311 |02-12 19:32:59
  4   7  85   0   0   4|   0     0 |  12M  421k|   0     0 | 816  3177 |02-12 19:33:00
  5   8  82   0   0   5|   0     0 |  12M  421k|   0     0 | 851  3234 |02-12 19:33:01
  6   7  84   0   0   4|   0     0 |  12M  425k|   0     0 | 786  3294 |02-12 19:33:02
  4   7  84   0   0   5|   0     0 |  12M  426k|   0     0 | 817  3399 |02-12 19:33:03
  5   6  85   0   0   4|   0     0 |  12M  423k|   0     0 | 856  3579 |02-12 19:33:04
  4   7  83   0   0   6|   0     0 |  12M  427k|   0     0 | 883  3505 |02-12 19:33:05
  4   8  83   0   0   5|   0     0 |  12M  437k|   0     0 | 942  3773 |02-12 19:33:06
  4   8  83   0   0   6|   0     0 |  12M  423k|   0     0 | 930  3596 |02-12 19:33:07
  6   4  86   0   0   4|   0  8192B|  12M  437k|   0     0 | 878  3528 |02-12 19:33:08
  4   8  83   0   0   5|   0     0 |  12M  426k|   0     0 | 895  3523 |02-12 19:33:09
  5   7  83   0   0   6|   0     0 |  12M  428k|   0     0 | 974  3693 |02-12 19:33:10
  6   7  81   0   0   6|   0     0 |  12M  429k|   0     0 | 963  3776 |02-12 19:33:11
  5   8  82   0   0   4|   0     0 |  12M  421k|   0     0 | 886  3424 |02-12 19:33:12
  5   8  82   0   0   6|   0     0 |  12M  427k|   0     0 | 916  3563 |02-12 19:33:13
  4   9  83   0   0   5|   0     0 |  12M  434k|   0     0 | 928  3656 |02-12 19:33:14
  3   6  83   1   0   7|   0    24k|  12M  429k|   0     0 | 931  3822 |02-12 19:33:15
  4   9  82   0   0   5|   0     0 |  12M  420k|   0     0 | 787  3226 |02-12 19:33:16
  5   7  82   0   0   6|   0     0 |  12M  423k|   0     0 | 797  3438 |02-12 19:33:17
  3   8  83   0   0   6|   0     0 |  12M  425k|   0     0 | 827  3456 |02-12 19:33:18
  5   6  83   0   0   6|   0     0 |  12M  424k|   0     0 | 789  3278 |02-12 19:33:19
  4   8  84   0   0   4|   0     0 |  12M  433k|   0     0 | 900  3613 |02-12 19:33:20
  5   8  84   0   0   4|   0     0 |  12M  429k|   0     0 | 972  3826 |02-12 19:33:21
  4   6  85   0   0   5|   0     0 |  12M  433k|   0     0 | 907  3688 |02-12 19:33:22
  5   7  84   0   0   4|   0     0 |  12M  427k|   0     0 | 874  3587 |02-12 19:33:23
  4   7  83   0   0   6|   0     0 |  12M  423k|   0     0 | 909  3690 |02-12 19:33:24
  6   6  84   0   0   5|   0     0 |  12M  425k|   0     0 | 926  3758 |02-12 19:33:25
  2   2  94   0   0   3|   0     0 |4027k  137k|   0     0 | 331  1232 |02-12 19:33:26
  1   1  98   0   0   0|   0     0 |4518B 4546B|   0     0 |  65   238 |02-12 19:33:27
  0   0 100   0   0   0|   0     0 |   0     0 |   0     0 |  23    43 |02-12 19:33:28
  1   0  99   0   0   0|   0    16k|5422B 2782B|   0     0 |  28    67 |02-12 19:33:29
  1   0  99   0   0   0|   0     0 |2678B 5566B|   0     0 |  50   110 |02-12 19:33:30
  0   0 100   0   0   0|   0     0 |   0     0 |   0     0 |  26    49 |02-12 19:33:31
  0   1  99   0   0   0|   0     0 |5422B 2782B|   0     0 |  39   109 |02-12 19:33:32
  0   0 100   0   0   0|   0     0 |   0     0 |   0     0 |  19    25 |02-12 19:33:33
  0   0 100   0   0   0|   0     0 |   0     0 |   0     0 |  20    35 |02-12 19:33:34
  1   0 100   0   0   0|   0     0 |5422B 2782B|   0     0 |  22    64 |02-12 19:33:35
  0   0 100   0   0   0|   0     0 |   0     0 |   0     0 |  18    30 |02-12 19:33:36
  1   0 100   0   0   0|   0     0 |   0     0 |   0     0 |  41   100 |02-12 19:33:37
  1   0  99   0   0   0|   0     0 |5422B 2782B|   0     0 |  26    61 |02-12 19:33:38
  0   0 100   0   0   0|   0  8192B|2112B 2112B|   0     0 |  22    45 |02-12 19:33:39
  0   0 100   0   0   0|   0     0 |   0     0 |   0     0 |  22    72 |02-12 19:33:40
  2   3  95   0   0   0|   0     0 |  11k 7589B|   0     0 | 136   365 |02-12 19:33:41
  7   3  90   0   0   0|   0     0 |1568B 1826B|   0     0 | 122   406 |02-12 19:33:42
  0   0 100   0   0   0|   0     0 |   0     0 |   0     0 |  21    39 |02-12 19:33:43
  0   0 100   0   0   0|   0     0 |5422B 2782B|   0     0 |  22    69 |02-12 19:33:44
  0   0 100   0   0   0|   0     0 |   0     0 |   0     0 |  20    31 |02-12 19:33:45
  0   0  99   1   0   0|   0    52k|   0     0 |   0     0 |  21    59 |02-12 19:33:46
  1   1  99   0   0   0|   0     0 |5422B 2782B|   0     0 |  35   107 |02-12 19:33:47
  0   0 100   0   0   0|   0     0 |   0     0 |   0     0 |  18    32 |02-12 19:33:48
  0   0 100   0   0   0|   0    40k|   0     0 |   0     0 |  19    32 |02-12 19:33:49
  0   0 100   0   0   0|   0     0 |5422B 2782B|   0     0 |  23    70 |02-12 19:33:50
  0   0 100   0   0   0|   0     0 |   0     0 |   0     0 |  18    28 |02-12 19:33:51
  0   1  99   0   0   0|   0     0 |   0     0 |   0     0 |  27    71 |02-12 19:33:52
  0   0  99   0   0   0|   0     0 |5860B 3162B|   0     0 |  33    91 |02-12 19:33:53
  0   0 100   0   0   0|   0     0 |  66B    0 |   0     0 |  23    24 |02-12 19:33:54
  0   0 100   0   0   0|   0     0 |   0     0 |   0     0 |  19    29 |02-12 19:33:55
  1   0  99   0   0   0|   0     0 |6364B 3402B|   0     0 |  54   144 |02-12 19:33:56
  0   1  99   0   0   0|   0     0 | 402B  212B|   0     0 |  52   115 |02-12 19:33:57
  0   0 100   0   0   0|   0     0 | 102B  102B|   0     0 |  26    37 |02-12 19:33:58
  1   0  99   0   0   0|   0     0 |5758B 3002B|   0     0 |  45   109 |02-12 19:33:59
  1   0  99   0   0   0|   0  4096B|2689B 2415B|   0     0 |  53   133 |02-12 19:34:00
  8   5  87   0   0   1|   0     0 |1437k   68k|   0     0 | 430  1356 |02-12 19:34:01
  5   9  80   0   0   5|   0     0 |  13M  449k|   0     0 |1459  5587 |02-12 19:34:02
  4   7  85   0   0   5|   0     0 |  12M  429k|   0     0 |1107  4271 |02-12 19:34:03
  5   7  84   0   0   4|   0     0 |  12M  432k|   0     0 |1337  5134 |02-12 19:34:04
  4   7  86   0   0   4|   0     0 |  12M  430k|   0     0 | 840  3462 |02-12 19:34:05
  4   6  85   0   0   5|   0     0 |  12M  424k|   0     0 | 931  3568 |02-12 19:34:06
  5   9  83   0   0   3|   0     0 |  12M  424k|   0     0 | 975  3803 |02-12 19:34:07
  6   7  82   0   0   5|   0     0 |  12M  433k|   0     0 | 982  3975 |02-12 19:34:08
  6  10  78   0   0   6|   0     0 |  12M  431k|   0     0 |1052  4270 |02-12 19:34:09
  4   7  84   0   0   5|   0  8192B|  12M  432k|   0     0 |1161  4274 |02-12 19:34:10
  5   9  81   0   0   5|   0     0 |  12M  423k|   0     0 | 974  3926 |02-12 19:34:11
  4   7  84   0   0   5|   0     0 |  12M  428k|   0     0 |1003  4098 |02-12 19:34:12
  6   8  82   0   0   5|   0     0 |  12M  426k|   0     0 |1208  4297 |02-12 19:34:13
  4   6  85   0   0   6|   0     0 |  12M  428k|   0     0 | 978  3946 |02-12 19:34:14
  6   8  82   0   0   5|   0  4096B|  12M  432k|   0     0 |1064  4010 |02-12 19:34:15
  3   7  52  32   0   6|   0     0 |  12M  427k|   0     0 | 919  3540 |02-12 19:34:16
  5   8  42  40   0   5|2984k  100k|  12M  427k|   0     0 |1002  4078 |02-12 19:34:17
  4  14  43  31   0   8|  12M    0 |  12M  430k|   0     0 |1049  3856 |02-12 19:34:18
  4   6  44  40   0   6|9304k    0 |  12M  419k|   0     0 | 873  3110 |02-12 19:34:19
  4   8  44  40   0   5|  12M    0 |  12M  424k|   0     0 | 814  3215 |02-12 19:34:20
  4  16  41  33   0   5|7412k    0 |  12M  423k|   0     0 | 782  3466 |02-12 19:34:21
  4   9  43  38   0   6|9716k    0 |  12M  426k|   0     0 | 863  3410 |02-12 19:34:22
  5  11  42  38   0   5|  13M    0 |  13M  447k|   0     0 | 928  3565 |02-12 19:34:23
  5   8  43  40   0   5|7752k    0 |  12M  424k|   0     0 | 728  3279 |02-12 19:34:24
  5  11  42  39   0   4|9720k    0 |  12M  425k|   0     0 | 884  3527 |02-12 19:34:25
  5   7  42  40   0   6|8576k    0 |  12M  422k|   0     0 | 875  3843 |02-12 19:34:26
  5  12  40  38   0   6|  11M    0 |  12M  423k|   0     0 | 955  3834 |02-12 19:34:27
  5   9  43  39   0   4|8332k    0 |  12M  420k|   0     0 |1019  3855 |02-12 19:34:28
  4   9  42  40   0   5|  11M    0 |  12M  418k|   0     0 | 958  3776 |02-12 19:34:29
  6   8  42  38   0   6|6472k    0 |  12M  427k|   0     0 | 952  3673 |02-12 19:34:30
  5  10  42  39   0   5|  10M    0 |  12M  429k|   0     0 | 993  3780 |02-12 19:34:31
  6   8  42  40   0   4|4784k    0 |  12M  429k|   0     0 |1011  4024 |02-12 19:34:32
  3   9  41  40   0   6|2976k    0 |  12M  429k|   0     0 | 960  3758 |02-12 19:34:33
  5  11  41  38   0   5|  11M    0 |  12M  421k|   0     0 | 911  3693 |02-12 19:34:34
  6   7  42  41   0   4|2792k   20k|  12M  421k|   0     0 | 892  3645 |02-12 19:34:35
  5   9  42  38   0   6|  13M    0 |  13M  443k|   0     0 | 981  4208 |02-12 19:34:36
  5   9  42  39   0   5|9656k    0 |  12M  420k|   0     0 | 981  4024 |02-12 19:34:37
  5   9  43  38   0   5|9456k    0 |  12M  423k|   0     0 | 899  3880 |02-12 19:34:38
  5   7  43  40   0   5|  11M    0 |  12M  430k|   0     0 |1057  3815 |02-12 19:34:39
  4  10  42  39   0   5|7524k    0 |  12M  421k|   0     0 |1021  4075 |02-12 19:34:40
  5   9  42  40   0   5|9920k 4096B|  12M  430k|   0     0 | 920  3562 |02-12 19:34:41
  4  10  43  39   0   5|  12M    0 |  12M  435k|   0     0 | 960  3737 |02-12 19:34:42
  4   7  43  41   0   5|9044k  584k|  12M  422k|   0     0 | 832  3696 |02-12 19:34:43
  5   8  12  69   0   7|3736k 4692k|  12M  425k|   0     0 | 839  3558 |02-12 19:34:44
  5  10  24  56   0   6|5500k 5404k|  12M  428k|   0     0 | 875  3724 |02-12 19:34:45
  5   8  30  53   0   5|3364k 4980k|  12M  422k|   0     0 | 965  3901 |02-12 19:34:46
  4  15  16  59   0   6|   0    21M|  12M  422k|   0     0 | 970  4081 |02-12 19:34:47
  5   7   0  82   0   6|   0    14M|  12M  435k|   0     0 | 956  3633 |02-12 19:34:48
  5   7   0  82   0   6|   0    14M|  12M  433k|   0     0 | 962  3619 |02-12 19:34:49
  3   7   0  84   0   5|   0    34M|  12M  418k|   0     0 | 854  3414 |02-12 19:34:50
  4   9   0  82   0   5|   0  9488k|  12M  426k|   0     0 | 997  3619 |02-12 19:34:51
  4   7   0  84   0   5|   0    12M|  12M  428k|   0     0 | 930  3674 |02-12 19:34:52
  5   7   0  83   0   6|   0    29M|  12M  425k|   0     0 | 842  3578 |02-12 19:34:53
  5  10   0  80   0   6|   0    21M|  12M  425k|   0     0 | 988  3649 |02-12 19:34:54
  4   8   0  84   0   4|   0  1320k|  12M  421k|   0     0 | 966  3564 |02-12 19:34:55
  4   7   0  84   0   5|   0    39M|  12M  427k|   0     0 | 910  3656 |02-12 19:34:56
  4   8   0  83   0   5|   0    27M|  12M  427k|   0     0 | 993  3835 |02-12 19:34:57
  4   9   0  82   0   6|   0  9464k|  12M  430k|   0     0 | 943  3599 |02-12 19:34:58
  5   7   0  84   0   4|   0  7092k|  12M  435k|   0     0 |1009  4095 |02-12 19:34:59
  5  10  71   8   0   7|   0    32M|  12M  431k|   0     0 | 858  3776 |02-12 19:35:00
  3   4  89   0   0   5|   0    10M|7759k  261k|   0     0 | 536  2335 |02-12 19:35:01
  0   1  99   0   0   0|   0  6048k|4518B 4546B|   0     0 |  62   253 |02-12 19:35:02
  1   0  99   0   0   0|   0     0 |5422B 2782B|   0     0 |  31    80 |02-12 19:35:03
  0   0 100   0   0   0|   0     0 |   0     0 |   0     0 |  25    46 |02-12 19:35:04
  0   0 100   0   0   0|   0     0 |   0     0 |   0     0 |  26    40 |02-12 19:35:05
  0   0 100   0   0   0|   0     0 |5422B 2782B|   0     0 |  25    70 |02-12 19:35:06
  0   1  99   0   0   0|   0     0 |   0     0 |   0     0 |  32    76 |02-12 19:35:07
  0   0 100   0   0   0|   0     0 |   0     0 |   0     0 |  23    42 |02-12 19:35:08
  0   0 100   0   0   0|   0     0 |5844B 3494B|   0     0 |  24    82 |02-12 19:35:09
  0   0 100   0   0   0|   0     0 |2112B 2112B|   0     0 |  21    32 |02-12 19:35:10
  1   0  99   0   0   0|   0     0 |4155B 4029B|   0     0 |  31    83 |02-12 19:35:11
  8   4  88   0   0   0|   0     0 |7438B 5174B|   0     0 | 166   560 |02-12 19:35:12
  0   1  99   0   0   0|   0     0 |1390B  754B|   0     0 |  48   210 |02-12 19:35:13
  0   0 100   0   0   0|   0     0 |   0     0 |   0     0 |  21    39 |02-12 19:35:14
  1   0  94   5   0   0|   0  6948k|5422B 2782B|   0     0 |  29    69 |02-12 19:35:15
  0   0 100   0   0   0|   0   368k|   0     0 |   0     0 |  21    55 |02-12 19:35:16
  0   1  99   0   0   0|   0     0 |   0     0 |   0     0 |  31   104 |02-12 19:35:17
  0   0  76  25   0   0|   0   768k|   0     0 |   0     0 |  20    61 |02-12 19:35:18
  1   0  99   0   0   0|   0     0 |5422B 2782B|   0     0 |  25    81 |02-12 19:35:19
  0   0 100   0   0   0|   0  5296k|   0     0 |   0     0 |  23    47 |02-12 19:35:20
  0   0 100   0   0   0|   0     0 |   0     0 |   0     0 |  24    44 |02-12 19:35:21
  1   1  98   0   0   0|   0     0 |7333B 4699B|   0     0 |  48   144 |02-12 19:35:22
  7   4  89   0   0   0|   0     0 |1644B 1960B|   0     0 | 187   513 |02-12 19:35:23
