[7l----total-cpu-usage---- -dsk/total- -net/total- ---paging-- ---system-- ----system----
usr sys idl wai hiq siq| read  writ| recv  send|  in   out | int   csw |     time     
  2   2  94   0   0   2|  16k   59k|   0     0 |   0     0 | 453  1726 |02-12 18:59:24
  0   1  99   0   0   0|   0     0 |   0    66B|   0     0 |  36   103 |02-12 18:59:25
  1   1  98   0   0   0|   0     0 |2678B 5566B|   0     0 |  43   114 |02-12 18:59:26
  1   0 100   0   0   0|   0     0 |5422B 2782B|   0     0 |  32    91 |02-12 18:59:27
  0   0 100   0   0   0|   0     0 |   0     0 |   0     0 |  18    30 |02-12 18:59:28
  0   0 100   0   0   0|   0    12k|   0     0 |   0     0 |  19    28 |02-12 18:59:29
  2   1  97   0   0   0|   0     0 |7443B 4875B|   0     0 |  54   152 |02-12 18:59:30
  7   4  89   0   0   0|   0     0 |  11k   16k|   0     0 | 198   569 |02-12 18:59:31
  2   2  93   0   0   3|   0     0 |4447k  154k|   0     0 | 733  2791 |02-12 18:59:32
  2   3  92   0   0   3|   0     0 |4261k  146k|   0     0 | 687  2549 |02-12 18:59:33
  3   1  93   0   0   4|   0     0 |4281k  144k|   0     0 | 686  2546 |02-12 18:59:34
  2   3  93   0   0   3|   0    16k|4251k  143k|   0     0 | 483  2523 |02-12 18:59:35
  1   4  94   0   0   2|   0     0 |4278k  146k|   0     0 | 658  2530 |02-12 18:59:36
  3   3  92   0   0   3|   0     0 |4255k  143k|   0     0 | 624  2542 |02-12 18:59:37
  2   4  91   0   0   4|   0     0 |4342k  146k|   0     0 | 497  2462 |02-12 18:59:38
  2   3  93   0   0   2|   0     0 |4260k  146k|   0     0 | 651  2533 |02-12 18:59:39
  2   3  93   0   0   3|   0     0 |4268k  143k|   0     0 | 513  2614 |02-12 18:59:40
  2   4  91   0   0   4|   0  8192B|4242k  143k|   0     0 | 708  2564 |02-12 18:59:41
  2   3  93   0   0   3|   0     0 |4313k  148k|   0     0 | 601  2550 |02-12 18:59:42
  1   4  93   0   0   3|   0     0 |4238k  143k|   0     0 | 636  2542 |02-12 18:59:43
  2   3  94   0   0   2|   0     0 |4264k  143k|   0     0 | 702  2393 |02-12 18:59:44
  2   3  94   0   0   1|   0     0 |4321k  148k|   0     0 | 679  2384 |02-12 18:59:45
  2   3  93   0   0   2|   0     0 |4277k  144k|   0     0 | 626  2468 |02-12 18:59:46
  1   1  97   0   0   2|   0  8192B|4255k  143k|   0     0 | 602  2438 |02-12 18:59:47
  2   3  92   0   0   3|   0     0 |4413k  151k|   0     0 | 668  2546 |02-12 18:59:48
  2   4  92   0   0   3|   0     0 |4329k  146k|   0     0 | 512  2356 |02-12 18:59:49
  2   5  91   0   0   3|   0     0 |4264k  143k|   0     0 | 686  2458 |02-12 18:59:50
  2   2  93   0   0   3|   0     0 |4230k  150k|   0     0 | 638  2553 |02-12 18:59:51
  3   2  93   0   0   2|   0     0 |4316k  145k|   0     0 | 513  2501 |02-12 18:59:52
  1   3  93   0   0   4|   0  8192B|4412k  148k|   0     0 | 654  2613 |02-12 18:59:53
  3   3  90   2   0   3|   0    60k|4265k  146k|   0     0 | 559  2561 |02-12 18:59:54
  2   4  92   0   0   2|   0     0 |4246k  142k|   0     0 | 588  2478 |02-12 18:59:55
  2   5  92   0   0   2|   0     0 |4290k  145k|   0     0 | 643  2484 |02-12 18:59:56
  2   5  91   0   0   2|   0     0 |4282k  146k|   0     0 | 658  2612 |02-12 18:59:57
  3   5  91   0   0   2|   0     0 |4316k  145k|   0     0 | 766  2698 |02-12 18:59:58
  2   2  95   0   0   2|   0    52k|4273k  144k|   0     0 | 467  2549 |02-12 18:59:59
  3   3  93   0   0   2|   0     0 |4265k  146k|   0     0 | 606  2641 |02-12 19:00:00
  2   3  93   0   0   3|   0     0 |4264k  143k|   0     0 | 653  2553 |02-12 19:00:01
  1   2  95   0   0   2|   0     0 |4286k  144k|   0     0 | 584  2313 |02-12 19:00:02
  2   4  91   0   0   3|   0     0 |4269k  146k|   0     0 | 467  2509 |02-12 19:00:03
  2   2  94   0   0   3|   0     0 |4251k  143k|   0     0 | 595  2584 |02-12 19:00:04
  2   3  94   0   0   2|   0     0 |4338k  146k|   0     0 | 629  2420 |02-12 19:00:05
  3   3  92   0   0   2|   0     0 |4273k  146k|   0     0 | 469  2427 |02-12 19:00:06
  2   3  94   0   0   2|   0     0 |4329k  146k|   0     0 | 662  2519 |02-12 19:00:07
  4   3  92   0   0   2|   0     0 |4369k  147k|   0     0 | 696  2462 |02-12 19:00:08
  3   4  91   0   0   3|   0     0 |4217k  144k|   0     0 | 570  2424 |02-12 19:00:09
  2   2  93   0   0   3|   0     0 |4299k  144k|   0     0 | 493  2278 |02-12 19:00:10
  2   2  94   0   0   3|   0     0 |4329k  146k|   0     0 | 644  2235 |02-12 19:00:11
  3   3  91   0   0   4|   0     0 |4261k  146k|   0     0 | 660  2273 |02-12 19:00:12
  3   3  92   0   0   3|   0     0 |4286k  144k|   0     0 | 626  2419 |02-12 19:00:13
  3   2  93   0   0   3|   0     0 |4238k  142k|   0     0 | 614  2396 |02-12 19:00:14
  3   3  91   0   0   3|   0     0 |4295k  147k|   0     0 | 677  2576 |02-12 19:00:15
  2   3  92   0   0   4|   0     0 |4329k  146k|   0     0 | 592  2544 |02-12 19:00:16
  2   2  95   0   0   2|   0     0 |4273k  144k|   0     0 | 438  2522 |02-12 19:00:17
  1   3  93   0   0   3|   0     0 |4265k  146k|   0     0 | 606  2480 |02-12 19:00:18
  2   3  93   0   0   2|   0     0 |4251k  143k|   0     0 | 509  2601 |02-12 19:00:19
  2   4  92   0   0   3|   0     0 |4281k  144k|   0     0 | 505  2415 |02-12 19:00:20
  2   4  91   0   0   3|   0     0 |4265k  146k|   0     0 | 521  2467 |02-12 19:00:21
  2   2  94   0   0   2|   0     0 |4273k  144k|   0     0 | 534  2562 |02-12 19:00:22
  3   3  92   0   0   2|   0     0 |4264k  143k|   0     0 | 723  2519 |02-12 19:00:23
  2   1  93   0   0   4|   0     0 |4282k  147k|   0     0 | 706  2600 |02-12 19:00:24
  3   2  92   1   0   2|   0    20k|4255k  143k|   0     0 | 475  2493 |02-12 19:00:25
  3   3  91   0   0   3|   0     0 |4266k  149k|   0     0 | 553  2637 |02-12 19:00:26
  3   3  91   0   0   3|   0     0 |4287k  146k|   0     0 | 594  2496 |02-12 19:00:27
  2   3  92   0   0   4|   0     0 |4281k  144k|   0     0 | 574  2465 |02-12 19:00:28
  2   2  93   0   0   3|   0     0 |4268k  143k|   0     0 | 534  2374 |02-12 19:00:29
  3   2  93   0   0   2|   0    16k|4243k  145k|   0     0 | 520  2459 |02-12 19:00:30
  3   3  93   0   0   2|   0     0 |4316k  141k|   0     0 | 658  2448 |02-12 19:00:31
  0   0 100   0   0   0|   0     0 |8618B 6592B|   0     0 |  37    96 |02-12 19:00:32
  1   1  99   0   0   0|   0     0 |5716B 2914B|   0     0 |  47   185 |02-12 19:00:33
  0   0 100   0   0   0|   0     0 |   0     0 |   0     0 |  22    35 |02-12 19:00:34
  1   0  99   0   0   0|   0     0 |   0     0 |   0     0 |  35    77 |02-12 19:00:35
  1   0 100   0   0   0|   0     0 |5102B 1146B|   0     0 |  27    61 |02-12 19:00:36
  0   0  99   0   0   0|   0     0 | 320B 1636B|   0     0 |  27    55 |02-12 19:00:37
  0   0 100   0   0   0|   0     0 | 168B  192B|   0     0 |  22    43 |02-12 19:00:38
  1   0 100   0   0   0|   0     0 |   0     0 |   0     0 |  22    32 |02-12 19:00:39
  1   1  98   0   0   0|   0     0 |  11k 8857B|   0     0 |  51   151 |02-12 19:00:40
  7   4  89   0   0   0|   0     0 |1660B 1916B|   0     0 | 182   589 |02-12 19:00:41
  1   1  98   0   0   0|   0     0 |1390B  754B|   0     0 |  52   223 |02-12 19:00:42
  1   0  99   0   0   1|   0     0 |5844B 3494B|   0     0 |  25    78 |02-12 19:00:43
  0   0 100   0   0   0|   0     0 |   0     0 |   0     0 |  21    37 |02-12 19:00:44
  0   0  99   0   0   0|   0     0 |   0     0 |   0     0 |  32    70 |02-12 19:00:45
  1   0 100   0   0   0|   0     0 |5422B 2782B|   0     0 |  24    70 |02-12 19:00:46
  1   0 100   0   0   0|   0     0 |   0     0 |   0     0 |  24    43 |02-12 19:00:47
  0   0 100   0   0   0|   0     0 |   0     0 |   0     0 |  21    45 |02-12 19:00:48
  1   0 100   0   0   0|   0     0 |5422B 2782B|   0     0 |  25    85 |02-12 19:00:49
  0   0  99   0   0   0|   0     0 |   0     0 |   0     0 |  31    66 |02-12 19:00:50
  0   0 100   0   0   0|   0     0 |   0     0 |   0     0 |  23    41 |02-12 19:00:51
  1   0 100   0   0   0|   0     0 |5422B 2782B|   0     0 |  24    67 |02-12 19:00:52
  0   0 100   0   0   0|   0     0 |   0     0 |   0     0 |  21    29 |02-12 19:00:53
  0   0 100   0   0   0|   0     0 |   0     0 |   0     0 |  22    38 |02-12 19:00:54
  2   0  98   0   0   0|   0     0 |5422B 2782B|   0     0 |  38    95 |02-12 19:00:55
  0   0  97   2   0   0|   0    88k|   0     0 |   0     0 |  23    46 |02-12 19:00:56
  1   1  98   0   0   0|   0     0 |1895B 1851B|   0     0 |  39    93 |02-12 19:00:57
  6   2  92   0   0   0|   0     0 |6970B 3626B|   0     0 | 130   376 |02-12 19:00:58
  2   4  94   0   0   2|   0     0 |1363k   65k|   0     0 | 299  1236 |02-12 19:00:59
  2   3  93   0   0   2|   0     0 |4461k  150k|   0     0 | 703  2728 |02-12 19:01:00
  3   2  92   0   0   4|   0    12k|4287k  147k|   0     0 | 659  2513 |02-12 19:01:01
  2   3  92   0   0   3|   0     0 |4273k  144k|   0     0 | 649  2410 |02-12 19:01:02
  2   2  94   0   0   3|   0     0 |4234k  142k|   0     0 | 568  2327 |02-12 19:01:03
  2   3  94   0   0   2|   0     0 |4304k  147k|   0     0 | 560  2400 |02-12 19:01:04
  3   3  92   0   0   3|   0     0 |4233k  142k|   0     0 | 609  2353 |02-12 19:01:05
  2   3  92   0   0   4|   0  4096B|4412k  148k|   0     0 | 684  2576 |02-12 19:01:06
  2   3  93   0   0   3|   0     0 |4248k  145k|   0     0 | 598  2518 |02-12 19:01:07
  3   3  93   0   0   2|   0     0 |4298k  144k|   0     0 | 578  2372 |02-12 19:01:08
  2   3  93   0   0   3|   0     0 |4277k  144k|   0     0 | 539  2542 |02-12 19:01:09
  2   3  93   0   0   2|   0     0 |4274k  146k|   0     0 | 569  2407 |02-12 19:01:10
  3   3  92   0   0   3|   0     0 |4242k  143k|   0     0 | 588  2421 |02-12 19:01:11
  1   3  94   0   0   2|   0     0 |4346k  146k|   0     0 | 627  2410 |02-12 19:01:12
  3   4  92   0   0   2|   0     0 |4252k  145k|   0     0 | 497  2334 |02-12 19:01:13
  2   2  94   0   0   3|   0     0 |4260k  143k|   0     0 | 560  2334 |02-12 19:01:14
  3   2  92   0   0   4|   0     0 |4303k  144k|   0     0 | 543  2362 |02-12 19:01:15
  2   3  93   0   0   2|   0  4096B|4235k  146k|   0     0 | 544  2252 |02-12 19:01:16
  2   4  92   0   0   3|   0     0 |4294k  144k|   0     0 | 576  2311 |02-12 19:01:17
  1   3  94   0   0   3|   0     0 |4229k  142k|   0     0 | 518  2373 |02-12 19:01:18
  3   2  92   0   0   3|   0     0 |4321k  153k|   0     0 | 660  2596 |02-12 19:01:19
  2   3  93   0   0   2|   0     0 |4269k  144k|   0     0 | 497  2281 |02-12 19:01:20
  2   4  92   0   0   3|   0     0 |4246k  143k|   0     0 | 565  2415 |02-12 19:01:21
  2   4  92   0   0   2|   0     0 |4291k  147k|   0     0 | 589  2495 |02-12 19:01:22
  1   3  94   0   0   3|   0     0 |4268k  143k|   0     0 | 511  2401 |02-12 19:01:23
  2   3  93   0   0   2|   0     0 |4229k  142k|   0     0 | 626  2516 |02-12 19:01:24
  3   3  92   0   0   3|   0     0 |4287k  147k|   0     0 | 595  2437 |02-12 19:01:25
  2   3  93   0   0   3|   0     0 |4281k  144k|   0     0 | 636  2516 |02-12 19:01:26
  2   3  85   8   0   3|   0    44k|4345k  151k|   0     0 | 603  2570 |02-12 19:01:27
  2   2  92   0   0   4|   0     0 |4239k  146k|   0     0 | 641  2596 |02-12 19:01:28
  1   3  95   0   0   2|   0     0 |4364k  147k|   0     0 | 643  2570 |02-12 19:01:29
  3   3  92   0   0   2|   0     0 |4264k  143k|   0     0 | 585  2268 |02-12 19:01:30
  2   2  93   0   0   3|   0  8192B|4304k  147k|   0     0 | 532  2320 |02-12 19:01:31
  2   4  94   0   0   1|   0     0 |4286k  144k|   0     0 | 628  2466 |02-12 19:01:32
  2   3  93   0   0   3|   0     0 |4238k  143k|   0     0 | 603  2524 |02-12 19:01:33
  2   3  93   0   0   2|   0     0 |4256k  146k|   0     0 | 542  2480 |02-12 19:01:34
  2   2  93   0   0   3|   0     0 |4303k  145k|   0     0 | 492  2331 |02-12 19:01:35
  2   2  93   0   0   3|   0     0 |4259k  143k|   0     0 | 617  2607 |02-12 19:01:36
  1   2  96   0   0   2|   0  4096B|4330k  148k|   0     0 | 613  2555 |02-12 19:01:37
  2   3  93   0   0   2|   0     0 |4285k  144k|   0     0 | 547  2321 |02-12 19:01:38
  2   3  92   0   0   4|   0     0 |4260k  143k|   0     0 | 559  2367 |02-12 19:01:39
  2   5  91   0   0   3|   0     0 |4265k  146k|   0     0 | 625  2563 |02-12 19:01:40
  2   2  94   0   0   3|   0     0 |4272k  143k|   0     0 | 514  2326 |02-12 19:01:41
  1   3  94   0   0   3|   0     0 |4342k  145k|   0     0 | 590  2438 |02-12 19:01:42
  2   3  92   0   0   3|   0     0 |4261k  147k|   0     0 | 607  2484 |02-12 19:01:43
  2   2  93   0   0   4|   0     0 |4273k  143k|   0     0 | 583  2402 |02-12 19:01:44
  2   3  93   0   0   3|   0     0 |4294k  145k|   0     0 | 655  2361 |02-12 19:01:45
  3   2  93   0   0   3|   0     0 |4252k  145k|   0     0 | 618  2411 |02-12 19:01:46
  2   2  93   0   0   3|   0     0 |4416k  148k|   0     0 | 486  2452 |02-12 19:01:47
  2   3  94   0   0   2|   0     0 |4255k  143k|   0     0 | 441  2164 |02-12 19:01:48
  2   4  90   0   0   3|   0     0 |4304k  148k|   0     0 | 452  2135 |02-12 19:01:49
  1   2  94   0   0   3|   0     0 |4321k  145k|   0     0 | 560  2214 |02-12 19:01:50
  2   3  93   0   0   3|   0     0 |4229k  142k|   0     0 | 533  2313 |02-12 19:01:51
  2   3  93   0   0   2|   0     0 |4265k  146k|   0     0 | 526  2441 |02-12 19:01:52
  2   2  95   0   0   2|   0     0 |4281k  144k|   0     0 | 553  2341 |02-12 19:01:53
  2   2  95   0   0   2|   0     0 |4272k  143k|   0     0 | 477  1987 |02-12 19:01:54
  3   2  93   0   0   3|   0     0 |4257k  146k|   0     0 | 567  2394 |02-12 19:01:55
  2   3  92   0   0   3|   0     0 |4342k  145k|   0     0 | 485  2333 |02-12 19:01:56
  3   3  91   2   0   2|   0    96k|4299k  145k|   0     0 | 590  2439 |02-12 19:01:57
  2   2  94   0   0   2|   0     0 |4334k  148k|   0     0 | 559  2670 |02-12 19:01:58
  2   2  96   0   0   1|   0     0 |2270k   74k|   0     0 | 354  1317 |02-12 19:01:59
  2   0  98   0   0   0|   0     0 |4518B 4546B|   0     0 |  56   250 |02-12 19:02:00
  0   0 100   0   0   0|   0     0 |   0     0 |   0     0 |  24    39 |02-12 19:02:01
  1   0 100   0   0   0|   0  8192B|5422B 2782B|   0     0 |  28    71 |02-12 19:02:02
  0   0 100   0   0   0|   0     0 |   0     0 |   0     0 |  23    41 |02-12 19:02:03
  0   0 100   0   0   0|   0     0 |   0     0 |   0     0 |  23    46 |02-12 19:02:04
  0   0  99   0   0   1|   0     0 |5422B 2782B|   0     0 |  41   117 |02-12 19:02:05
  0   0 100   0   0   0|   0     0 |   0     0 |   0     0 |  23    35 |02-12 19:02:06
  1   1  99   0   0   0|   0     0 |4471B 4471B|   0     0 |  31    74 |02-12 19:02:07
  8   4  89   0   0   0|   0     0 |8796B 6302B|   0     0 | 190   573 |02-12 19:02:08
  1   1  98   0   0   0|   0     0 |1522B  754B|   0     0 |  58   243 |02-12 19:02:09
  0   1  99   0   0   0|   0     0 |   0     0 |   0     0 |  35    85 |02-12 19:02:10
  1   0  99   0   0   0|   0     0 |5422B 2782B|   0     0 |  28    68 |02-12 19:02:11
  0   0 100   0   0   0|   0  8192B| 336B  270B|   0     0 |  32    63 |02-12 19:02:12
  0   1 100   0   0   0|   0     0 | 300B  770B|   0     0 |  36    77 |02-12 19:02:13
  1   0 100   0   0   0|   0     0 |6094B 3190B|   0     0 |  41   104 |02-12 19:02:14
  0   1  99   0   0   0|   0     0 | 168B  110B|   0     0 |  44   128 |02-12 19:02:15
  0   0 100   0   0   0|   0     0 | 168B  102B|   0     0 |  30    54 |02-12 19:02:16
  1   1  99   0   0   0|   0     0 |5422B 2782B|   0     0 |  30    72 |02-12 19:02:17
  0   0 100   0   0   0|   0     0 |   0     0 |   0     0 |  26    39 |02-12 19:02:18
  0   0 100   0   0   0|   0     0 | 804B 3900B|   0     0 |  46   117 |02-12 19:02:19
  1   1  98   0   0   0|   0     0 |6328B 3300B|   0     0 |  58   156 |02-12 19:02:20
  0   0 100   0   0   0|   0     0 | 300B  482B|   0     0 |  32    84 |02-12 19:02:21
  1   0 100   0   0   0|   0     0 | 840B  518B|   0     0 |  41    94 |02-12 19:02:22
  1   0 100   0   0   0|   0     0 |6364B 3914B|   0     0 |  51   124 |02-12 19:02:23
  1   0 100   0   0   0|   0     0 | 804B 3588B|   0     0 |  57   136 |02-12 19:02:24
  7   2  91   0   0   0|   0     0 |3621B 2695B|   0     0 | 154   425 |02-12 19:02:25
  6   5  89   0   0   0|   0     0 | 599k   35k|   0     0 | 280   952 |02-12 19:02:26
  3   3  86   7   0   2|   0    84k|3274k  126k|   0     0 | 459  1950 |02-12 19:02:27
  1   3  94   0   0   2|   0     0 |4303k  145k|   0     0 | 558  2530 |02-12 19:02:28
  2   2  93   0   0   3|   0     0 |4278k  146k|   0     0 | 573  2359 |02-12 19:02:29
  2   4  93   0   0   2|   0     0 |4242k  143k|   0     0 | 531  2283 |02-12 19:02:30
  2   2  95   0   0   2|   0     0 |4307k  144k|   0     0 | 546  2449 |02-12 19:02:31
  3   4  91   0   0   3|   0     0 |4261k  146k|   0     0 | 488  2211 |02-12 19:02:32
  1   3  94   0   0   2|   0  4096B|4264k  143k|   0     0 | 580  2487 |02-12 19:02:33
  1   4  92   0   0   3|   0     0 |4264k  143k|   0     0 | 573  2548 |02-12 19:02:34
  3   4  92   0   0   2|   0     0 |4291k  147k|   0     0 | 639  2661 |02-12 19:02:35
  2   2  93   0   0   3|   0     0 |4264k  143k|   0     0 | 604  2481 |02-12 19:02:36
  3   3  91   0   0   3|   0     0 |4255k  143k|   0     0 | 575  2474 |02-12 19:02:37
  2   4  92   0   0   2|   0     0 |4282k  147k|   0     0 | 570  2506 |02-12 19:02:38
  1   2  96   0   0   1|   0     0 |4269k  144k|   0     0 | 629  2679 |02-12 19:02:39
  2   3  92   0   0   3|   0     0 |4277k  144k|   0     0 | 592  2528 |02-12 19:02:40
  3   3  92   0   0   3|   0     0 |4248k  146k|   0     0 | 555  2483 |02-12 19:02:41
  1   3  94   0   0   2|   0     0 |4294k  144k|   0     0 | 554  2389 |02-12 19:02:42
  2   2  93   0   0   4|   0    12k|4265k  144k|   0     0 | 557  2516 |02-12 19:02:43
  2   4  93   0   0   2|   0     0 |4240k  146k|   0     0 | 548  2347 |02-12 19:02:44
  2   3  93   0   0   2|   0     0 |4330k  147k|   0     0 | 595  2495 |02-12 19:02:45
  1   3  93   0   0   3|   0     0 |4241k  146k|   0     0 | 598  2365 |02-12 19:02:46
  2   3  92   0   0   4|   0     0 |4249k  146k|   0     0 | 575  2263 |02-12 19:02:47
  1   3  93   0   0   3|   0     0 |4307k  144k|   0     0 | 625  2422 |02-12 19:02:48
  3   3  93   0   0   2|   0     0 |4238k  142k|   0     0 | 577  2379 |02-12 19:02:49
  2   3  92   0   0   3|   0     0 |4257k  146k|   0     0 | 616  2555 |02-12 19:02:50
  1   2  93   0   0   4|   0     0 |4251k  143k|   0     0 | 615  2535 |02-12 19:02:51
  2   4  92   0   0   3|   0     0 |4295k  144k|   0     0 | 650  2454 |02-12 19:02:52
  2   4  91   0   0   4|   0     0 |4252k  146k|   0     0 | 591  2390 |02-12 19:02:53
  2   3  93   0   0   3|   0     0 |4268k  143k|   0     0 | 626  2364 |02-12 19:02:54
  2   3  93   0   0   3|   0     0 |4273k  144k|   0     0 | 651  2522 |02-12 19:02:55
  2   2  94   0   0   2|   0     0 |4265k  146k|   0     0 | 632  2451 |02-12 19:02:56
  2   2  94   0   0   3|   0     0 |4290k  144k|   0     0 | 610  2295 |02-12 19:02:57
  2   3  91   1   0   3|   0    72k|4247k  143k|   0     0 | 637  2439 |02-12 19:02:58
  2   5  90   0   0   3|   0    84k|4287k  147k|   0     0 | 587  2340 |02-12 19:02:59
  2   3  93   0   0   2|   0     0 |4299k  145k|   0     0 | 602  2318 |02-12 19:03:00
  2   3  93   0   0   2|   0     0 |4303k  145k|   0     0 | 612  2357 |02-12 19:03:01
  2   4  93   0   0   2|   0     0 |4278k  146k|   0     0 | 569  2209 |02-12 19:03:02
  3   4  91   0   0   3|   0     0 |4355k  147k|   0     0 | 620  2399 |02-12 19:03:03
  2   3  93   0   0   3|   0     0 |4260k  143k|   0     0 | 608  2284 |02-12 19:03:04
  3   2  91   0   0   4|   0     0 |4256k  146k|   0     0 | 575  2305 |02-12 19:03:05
  1   3  93   0   0   3|   0     0 |4256k  143k|   0     0 | 645  2406 |02-12 19:03:06
  1   4  92   0   0   3|   0     0 |4340k  148k|   0     0 | 706  2627 |02-12 19:03:07
  3   4  90   0   0   3|   0     0 |4353k  149k|   0     0 | 621  2447 |02-12 19:03:08
  3   2  93   0   0   3|   0     0 |4247k  143k|   0     0 | 645  2490 |02-12 19:03:09
  2   3  92   0   0   3|   0     0 |4277k  143k|   0     0 | 590  2348 |02-12 19:03:10
  4   2  92   0   0   3|   0     0 |4266k  147k|   0     0 | 622  2364 |02-12 19:03:11
  1   3  93   0   0   3|   0     0 |4260k  143k|   0     0 | 603  2360 |02-12 19:03:12
  1   4  91   0   0   4|   0     0 |4257k  145k|   0     0 | 619  2411 |02-12 19:03:13
  3   4  91   0   0   3|   0  4096B|4278k  146k|   0     0 | 570  2232 |02-12 19:03:14
  2   4  92   0   0   3|   0     0 |4277k  144k|   0     0 | 526  2437 |02-12 19:03:15
  1   3  93   0   0   4|   0     0 |4260k  144k|   0     0 | 572  2472 |02-12 19:03:16
  3   4  91   0   0   2|   0     0 |4287k  147k|   0     0 | 575  2418 |02-12 19:03:17
  1   2  94   0   0   3|   0     0 |4373k  148k|   0     0 | 579  2549 |02-12 19:03:18
  1   1  95   0   0   3|   0     0 |2496k   84k|   0     0 | 388  1562 |02-12 19:03:19
  2   1  96   0   0   1|   0     0 |1830k   65k|   0     0 | 272  1154 |02-12 19:03:20
  0   2  97   0   0   1|   0     0 |1241k   43k|   0     0 | 187   720 |02-12 19:03:21
  0   0 100   0   0   0|   0     0 |   0     0 |   0     0 |  24    28 |02-12 19:03:22
  0   0 100   0   0   0|   0     0 | 120k 4580B|   0     0 |  35    93 |02-12 19:03:23
  2   1  96   0   0   1|   0     0 |1852k   64k|   0     0 | 167  1037 |02-12 19:03:24
  2   4  93   0   0   2|   0     0 |4299k  145k|   0     0 | 475  2298 |02-12 19:03:25
  2   4  89   0   0   5|   0     0 |8674k  293k|   0     0 | 661  2677 |02-12 19:03:26
  5   6  89   0   0   1|   0     0 |5479k  193k|   0     0 | 288  1297 |02-12 19:03:27
  0   1  98   1   0   0|   0    80k|5124B 4962B|   0     0 |  63   241 |02-12 19:03:28
  0   0 100   0   0   0|   0  8192B| 930B 1104B|   0     0 |  49    93 |02-12 19:03:29
  1   0  99   0   0   0|   0     0 |5992B 3384B|   0     0 |  59   147 |02-12 19:03:30
  1   0 100   0   0   0|   0     0 | 852B  620B|   0     0 |  48   110 |02-12 19:03:31
  1   0 100   0   0   0|   0     0 | 504B  552B|   0     0 |  39    69 |02-12 19:03:32
  0   0  99   0   0   0|   0     0 |5788B 3552B|   0     0 |  35    97 |02-12 19:03:33
  1   1  99   0   0   0|   0     0 |5939B 5579B|   0     0 |  33    75 |02-12 19:03:34
  7   2  91   0   0   0|   0     0 |1774B 1340B|   0     0 | 132   371 |02-12 19:03:35
  4   2  94   0   0   0|   0     0 |7586B 5228B|   0     0 | 138   470 |02-12 19:03:36
  0   0 100   0   0   0|   0     0 | 132B    0 |   0     0 |  26    50 |02-12 19:03:37
  0   0 100   0   0   0|   0     0 |   0     0 |   0     0 |  23    36 |02-12 19:03:38
  0   0  99   0   0   0|   0     0 |5590B 2884B|   0     0 |  27    77 |02-12 19:03:39
  1   0 100   0   0   0|   0     0 |   0     0 |   0     0 |  30    71 |02-12 19:03:40
  0   0  99   0   0   0|   0     0 | 336B  364B|   0     0 |  30    92 |02-12 19:03:41
  1   0  99   0   0   0|   0     0 |6160B 6372B|   0     0 |  49   132 |02-12 19:03:42
  0   0 100   0   0   0|   0     0 | 402B  212B|   0     0 |  30    54 |02-12 19:03:43
  0   1 100   0   0   0|   0     0 | 234B  364B|   0     0 |  30    69 |02-12 19:03:44
  1   0  99   0   0   0|   0  8192B|5844B 3494B|   0     0 |  30   115 |02-12 19:03:45
  0   0 100   0   0   0|   0     0 |   0     0 |   0     0 |  19    30 |02-12 19:03:46
  0   0 100   0   0   0|   0     0 |   0     0 |   0     0 |  24    49 |02-12 19:03:47
  1   0 100   0   0   0|   0     0 |5422B 2782B|   0     0 |  21    64 |02-12 19:03:48
  0   0 100   0   0   0|   0     0 |   0     0 |   0     0 |  23    43 |02-12 19:03:49
  0   0  99   0   0   0|   0     0 |   0     0 |   0     0 |  37    96 |02-12 19:03:50
  1   1  98   0   0   0|   0     0 |5669B 3029B|   0     0 |  37    98 |02-12 19:03:51
  0   0  99   0   0   0|   0     0 |1906B 1846B|   0     0 |  27    56 |02-12 19:03:52
  8   4  88   0   0   0|   0     0 |5600B   10k|   0     0 | 188   541 |02-12 19:03:53
  1   1  96   0   0   2|   0     0 |2441k   98k|   0     0 | 253  1270 |02-12 19:03:54
  2   3  93   0   0   3|   0     0 |4247k  143k|   0     0 | 378  1645 |02-12 19:03:55
  2   2  95   0   0   2|   0     0 |4264k  143k|   0     0 | 344  1532 |02-12 19:03:56
  2   2  93   0   0   3|   0     0 |4269k  146k|   0     0 | 319  1432 |02-12 19:03:57
  1   3  93   1   0   2|   0    96k|4264k  143k|   0     0 | 324  1506 |02-12 19:03:58
  2   2  94   0   0   3|   0     0 |4273k  144k|   0     0 | 368  1606 |02-12 19:03:59
  3   2  92   0   0   3|   0   108k|4400k  150k|   0     0 | 349  1687 |02-12 19:04:00
  2   2  96   0   0   1|   0     0 |2260k   76k|   0     0 | 199   847 |02-12 19:04:01
  1   1  98   0   0   0|   0     0 |1816k   61k|   0     0 | 169   685 |02-12 19:04:02
  2   3  95   0   0   1|   0     0 |2509k   87k|   0     0 | 236  1068 |02-12 19:04:03
  1   2  95   0   0   2|   0     0 |3467k  117k|   0     0 | 288  1305 |02-12 19:04:04
  1   1  99   0   0   0|   0     0 | 285k 8352B|   0     0 |  34   117 |02-12 19:04:05
  1   3  94   0   0   3|   0     0 |3518k  122k|   0     0 | 352  1674 |02-12 19:04:06
  1   2  94   0   0   3|   0     0 |4116k  138k|   0     0 | 351  1621 |02-12 19:04:07
  2   2  94   0   0   3|   0     0 |4273k  144k|   0     0 | 349  1613 |02-12 19:04:08
  2   3  93   0   0   3|   0     0 |4282k  146k|   0     0 | 414  1695 |02-12 19:04:09
  1   3  93   0   0   4|   0  4096B|4035k  136k|   0     0 | 368  1620 |02-12 19:04:10
  2   2  94   0   0   2|   0     0 |4270k  143k|   0     0 | 356  1537 |02-12 19:04:11
  2   4  92   0   0   2|   0     0 |4269k  146k|   0     0 | 371  1616 |02-12 19:04:12
  1   3  92   0   0   4|   0     0 |4307k  145k|   0     0 | 357  1599 |02-12 19:04:13
  1   3  94   0   0   2|   0     0 |4281k  144k|   0     0 | 319  1564 |02-12 19:04:14
  2   4  92   0   0   2|   0     0 |4435k  152k|   0     0 | 362  1616 |02-12 19:04:15
  2   2  93   0   0   3|   0     0 |4142k  142k|   0     0 | 378  1667 |02-12 19:04:16
  2   3  93   0   0   2|   0     0 |4241k  145k|   0     0 | 355  1588 |02-12 19:04:17
  2   3  93   0   0   2|   0     0 |4274k  146k|   0     0 | 347  1548 |02-12 19:04:18
  2   4  93   0   0   2|   0     0 |4260k  143k|   0     0 | 335  1480 |02-12 19:04:19
  2   2  94   0   0   3|   0  8192B|4264k  143k|   0     0 | 312  1484 |02-12 19:04:20
  2   5  91   0   0   3|   0     0 |4269k  146k|   0     0 | 384  1686 |02-12 19:04:21
  2   2  94   0   0   2|   0     0 |4303k  145k|   0     0 | 367  1653 |02-12 19:04:22
  2   2  94   0   0   2|   0     0 |4399k  148k|   0     0 | 291  1419 |02-12 19:04:23
  2   3  92   0   0   3|   0     0 |4256k  146k|   0     0 | 315  1541 |02-12 19:04:24
  2   2  94   0   0   2|   0     0 |4242k  143k|   0     0 | 362  1596 |02-12 19:04:25
  2   3  93   0   0   3|   0  8192B|4246k  143k|   0     0 | 386  1596 |02-12 19:04:26
  3   4  92   0   0   2|   0     0 |4220k  150k|   0     0 | 323  1545 |02-12 19:04:27
  1   3  93   0   0   3|   0     0 |4273k  144k|   0     0 | 338  1508 |02-12 19:04:28
  3   3  93   1   0   1|   0    60k|4229k  142k|   0     0 | 345  1465 |02-12 19:04:29
  2   3  93   0   0   2|   0     0 |4317k  148k|   0     0 | 347  1519 |02-12 19:04:30
  2   3  93   0   0   2|   0     0 |4212k  142k|   0     0 | 331  1517 |02-12 19:04:31
  2   2  94   0   0   2|   0     0 |4277k  144k|   0     0 | 334  1506 |02-12 19:04:32
  2   2  93   0   0   3|   0     0 |4247k  145k|   0     0 | 394  1764 |02-12 19:04:33
  2   3  94   0   0   2|   0     0 |4229k  142k|   0     0 | 346  1520 |02-12 19:04:34
  2   4  92   0   0   2|   0     0 |4299k  144k|   0     0 | 386  1489 |02-12 19:04:35
  3   3  92   0   0   3|   0     0 |4234k  145k|   0     0 | 409  1531 |02-12 19:04:36
  3   2  94   0   0   2|   0     0 |4264k  143k|   0     0 | 379  1515 |02-12 19:04:37
  2   2  94   0   0   2|   0     0 |4246k  143k|   0     0 | 309  1513 |02-12 19:04:38
  3   4  92   0   0   2|   0     0 |4226k  144k|   0     0 | 320  1522 |02-12 19:04:39
  1   3  94   0   0   3|   0     0 |4281k  144k|   0     0 | 317  1512 |02-12 19:04:40
  2   3  92   0   0   3|   0     0 |4290k  144k|   0     0 | 332  1619 |02-12 19:04:41
  1   1  96   0   0   1|   0     0 |1138k   41k|   0     0 | 109   491 |02-12 19:04:42
  1   1  98   0   0   1|   0     0 |1392k   47k|   0     0 | 126   527 |02-12 19:04:43
  0   0  99   0   0   0|   0     0 | 335k   11k|   0     0 |  43   168 |02-12 19:04:44
  1   3  94   0   0   2|   0     0 |3106k  107k|   0     0 | 258  1113 |02-12 19:04:45
  4   2  92   0   0   2|   0     0 |4247k  144k|   0     0 | 353  1527 |02-12 19:04:46
  2   3  94   0   0   2|   0     0 |4325k  145k|   0     0 | 304  1447 |02-12 19:04:47
  1   4  94   0   0   1|   0     0 |4011k  135k|   0     0 | 348  1615 |02-12 19:04:48
  2   3  94   0   0   2|   0     0 |4274k  146k|   0     0 | 331  1500 |02-12 19:04:49
  1   2  95   0   0   2|   0     0 |4334k  146k|   0     0 | 289  1348 |02-12 19:04:50
  2   4  92   0   0   3|   0  4096B|4216k  142k|   0     0 | 327  1533 |02-12 19:04:51
  2   3  93   0   0   2|   0     0 |4269k  146k|   0     0 | 343  1500 |02-12 19:04:52
  2   6  90   0   0   3|   0     0 |7942k  268k|   0     0 | 269  1279 |02-12 19:04:53
  3   5  89   0   0   3|   0     0 |8929k  302k|   0     0 | 245  1024 |02-12 19:04:54
  1   1  99   0   0   0|   0     0 |9940B 7328B|   0     0 |  52   228 |02-12 19:04:55
  1   1  99   0   0   0|   0  8192B|   0     0 |   0     0 |  33    84 |02-12 19:04:56
  0   0 100   0   0   0|   0     0 |   0     0 |   0     0 |  22    55 |02-12 19:04:57
  1   0 100   0   0   0|   0     0 |5422B 2782B|   0     0 |  21    62 |02-12 19:04:58
  0   0 100   0   0   0|   0     0 |   0     0 |   0     0 |  22    32 |02-12 19:04:59
  1   0 100   0   0   0|   0    28k|   0     0 |   0     0 |  25    66 |02-12 19:05:00
  1   1  98   0   0   0|   0    48k|9893B 7253B|   0     0 |  56   149 |02-12 19:05:01
  0   0  99   0   0   0|   0     0 |1906B 1846B|   0     0 |  25    53 |02-12 19:05:02
  7   4  89   0   0   0|   0     0 |2498B 2296B|   0     0 | 174   513 |02-12 19:05:03
  1   1  99   0   0   0|   0     0 |5782B 2980B|   0     0 |  49   194 |02-12 19:05:04
  0   0 100   0   0   0|   0     0 |   0     0 |   0     0 |  21    33 |02-12 19:05:05
  1   1  99   0   0   0|   0     0 |   0     0 |   0     0 |  32    71 |02-12 19:05:06
  1   0  99   0   0   0|   0     0 |5422B 2782B|   0     0 |  27    78 |02-12 19:05:07
  0   0 100   0   0   0|   0     0 |   0     0 |   0     0 |  23    49 |02-12 19:05:08
  0   0 100   0   0   0|   0     0 |   0     0 |   0     0 |  24    35 |02-12 19:05:09
  1   0 100   0   0   0|   0     0 |5422B 2782B|   0     0 |  23    60 |02-12 19:05:10
  0   1  99   0   0   0|   0     0 |   0     0 |   0     0 |  35    86 |02-12 19:05:11
  0   0 100   0   0   0|   0     0 |   0     0 |   0     0 |  23    50 |02-12 19:05:12
  1   1  99   0   0   0|   0     0 |5422B 2782B|   0     0 |  25    77 |02-12 19:05:13
  0   0 100   0   0   0|   0     0 |   0     0 |   0     0 |  23    39 |02-12 19:05:14
  0   0 100   0   0   0|   0     0 |   0     0 |   0     0 |  23    43 |02-12 19:05:15
  1   1  99   0   0   0|   0     0 |5422B 2782B|   0     0 |  35   119 |02-12 19:05:16
  1   0 100   0   0   0|   0     0 |   0     0 |   0     0 |  24    48 |02-12 19:05:17
  0   0 100   0   0   0|   0     0 |   0     0 |   0     0 |  23    61 |02-12 19:05:18
  2   1  98   0   0   0|   0     0 |7333B 4699B|   0     0 |  38   108 |02-12 19:05:19
  6   3  91   0   0   0|   0     0 |1578B 1960B|   0     0 | 177   494 |02-12 19:05:20
  1   2  96   0   0   1|   0     0 |2647k  108k|   0     0 | 339  1212 |02-12 19:05:21
  3   3  91   0   0   3|   0  8192B|4605k  157k|   0     0 | 396  1814 |02-12 19:05:22
  2   2  94   0   0   2|   0     0 |4264k  143k|   0     0 | 406  1628 |02-12 19:05:23
  3   3  93   0   0   2|   0     0 |4273k  144k|   0     0 | 423  1593 |02-12 19:05:24
  2   4  93   0   0   2|   0     0 |4339k  149k|   0     0 | 307  1445 |02-12 19:05:25
  3   1  94   0   0   2|   0     0 |4286k  144k|   0     0 | 361  1536 |02-12 19:05:26
  3   5  90   0   0   3|   0  4096B|4336k  151k|   0     0 | 342  1646 |02-12 19:05:27
  2   4  92   0   0   3|   0     0 |4230k  145k|   0     0 | 402  1578 |02-12 19:05:28
  1   3  94   0   0   2|   0     0 |4273k  144k|   0     0 | 412  1580 |02-12 19:05:29
  2   3  92   0   0   3|   0     0 |4212k  142k|   0     0 | 390  1516 |02-12 19:05:30
  3   3  85   7   0   2|   0    68k|4239k  145k|   0     0 | 422  1577 |02-12 19:05:31
  2   3  92   0   0   3|   0     0 |4247k  143k|   0     0 | 420  1534 |02-12 19:05:32
  2   3  94   0   0   1|   0     0 |4246k  143k|   0     0 | 361  1419 |02-12 19:05:33
  2   3  92   0   0   3|   0     0 |4260k  146k|   0     0 | 327  1535 |02-12 19:05:34
  2   3  93   0   0   2|   0     0 |4247k  143k|   0     0 | 273  1546 |02-12 19:05:35
  3   3  93   0   0   2|   0     0 |4338k  146k|   0     0 | 327  1675 |02-12 19:05:36
  1   5  93   0   0   2|   0  4096B|4252k  145k|   0     0 | 333  1643 |02-12 19:05:37
  2   4  92   0   0   3|   0     0 |4277k  144k|   0     0 | 327  1451 |02-12 19:05:38
  2   2  94   0   0   3|   0     0 |4264k  143k|   0     0 | 304  1494 |02-12 19:05:39
  2   2  93   0   0   4|   0     0 |4254k  149k|   0     0 | 327  1528 |02-12 19:05:40
  2   3  94   0   0   2|   0     0 |4314k  146k|   0     0 | 368  1630 |02-12 19:05:41
  3   2  93   0   0   3|   0     0 |4268k  143k|   0     0 | 299  1482 |02-12 19:05:42
  3   4  92   0   0   1|   0     0 |4234k  145k|   0     0 | 409  1606 |02-12 19:05:43
  3   4  92   0   0   2|   0     0 |4282k  144k|   0     0 | 418  1563 |02-12 19:05:44
  2   3  93   0   0   3|   0     0 |4264k  143k|   0     0 | 302  1676 |02-12 19:05:45
  4   3  92   0   0   1|   0     0 |4239k  146k|   0     0 | 351  1492 |02-12 19:05:46
  2   3  94   0   0   2|   0     0 |4342k  146k|   0     0 | 319  1469 |02-12 19:05:47
  2   3  94   0   0   2|   0     0 |4220k  142k|   0     0 | 264  1489 |02-12 19:05:48
  2   3  93   0   0   2|   0     0 |4287k  147k|   0     0 | 298  1518 |02-12 19:05:49
  1   2  95   0   0   2|   0     0 |4347k  146k|   0     0 | 375  1516 |02-12 19:05:50
  1   3  94   0   0   2|   0     0 |4260k  143k|   0     0 | 346  1609 |02-12 19:05:51
  2   3  92   0   0   3|   0     0 |4243k  145k|   0     0 | 273  1524 |02-12 19:05:52
  2   3  93   0   0   2|   0    16k|4225k  142k|   0     0 | 348  1436 |02-12 19:05:53
  2   3  92   0   0   2|   0     0 |4268k  144k|   0     0 | 364  1471 |02-12 19:05:54
  2   3  93   0   0   2|   0     0 |4234k  145k|   0     0 | 307  1543 |02-12 19:05:55
  3   3  93   0   0   2|   0     0 |4216k  142k|   0     0 | 373  1534 |02-12 19:05:56
  2   2  94   0   0   2|   0     0 |4338k  146k|   0     0 | 346  1442 |02-12 19:05:57
  2   3  92   0   0   3|   0     0 |4213k  144k|   0     0 | 351  1455 |02-12 19:05:58
  3   3  92   0   0   3|   0     0 |4303k  145k|   0     0 | 351  1451 |02-12 19:05:59
  2   3  94   0   0   2|   0     0 |4225k  142k|   0     0 | 349  1445 |02-12 19:06:00
  2   3  92   1   0   2|   0    28k|4252k  146k|   0     0 | 371  1471 |02-12 19:06:01
  3   3  92   0   0   2|   0     0 |4299k  144k|   0     0 | 388  1412 |02-12 19:06:02
  3   3  92   0   0   3|   0    52k|4421k  148k|   0     0 | 324  1475 |02-12 19:06:03
  4   3  92   0   0   2|   0     0 |4217k  144k|   0     0 | 366  1436 |02-12 19:06:04
  1   3  93   0   0   3|   0     0 |4338k  146k|   0     0 | 409  1470 |02-12 19:06:05
  2   4  92   0   0   2|   0     0 |4281k  144k|   0     0 | 353  1432 |02-12 19:06:06
  2   3  92   0   0   3|   0     0 |4256k  146k|   0     0 | 340  1427 |02-12 19:06:07
  2   4  91   0   0   3|   0     0 |4303k  145k|   0     0 | 349  1483 |02-12 19:06:08
  2   2  94   0   0   3|   0     0 |4316k  145k|   0     0 | 352  1522 |02-12 19:06:09
  2   2  92   0   0   4|   0     0 |4217k  144k|   0     0 | 347  1456 |02-12 19:06:10
  2   4  93   0   0   2|   0     0 |4269k  144k|   0     0 | 346  1461 |02-12 19:06:11
  1   4  93   0   0   2|   0     0 |4220k  142k|   0     0 | 263  1461 |02-12 19:06:12
  3   3  93   0   0   2|   0     0 |4369k  147k|   0     0 | 377  1475 |02-12 19:06:13
  2   4  92   0   0   2|   0     0 |4191k  143k|   0     0 | 294  1481 |02-12 19:06:14
  2   4  91   0   0   2|   0     0 |4233k  142k|   0     0 | 367  1455 |02-12 19:06:15
  2   4  93   0   0   2|   0     0 |4255k  143k|   0     0 | 401  1618 |02-12 19:06:16
  3   3  91   0   0   3|   0     0 |4200k  144k|   0     0 | 273  1433 |02-12 19:06:17
  2   2  94   0   0   3|   0     0 |4373k  147k|   0     0 | 303  1631 |02-12 19:06:18
  2   3  93   0   0   2|   0     0 |4216k  142k|   0     0 | 262  1427 |02-12 19:06:19
  3   3  91   0   0   4|   0     0 |4265k  146k|   0     0 | 297  1501 |02-12 19:06:20
  1   0  97   0   0   1|   0     0 |1181k   37k|   0     0 |  78   456 |02-12 19:06:21
  1   1  99   0   0   0|   0     0 |4518B 4546B|   0     0 |  57   213 |02-12 19:06:22
  1   0  99   0   0   0|   0  8192B|5422B 2782B|   0     0 |  26    77 |02-12 19:06:23
  0   0 100   0   0   0|   0     0 |   0     0 |   0     0 |  19    42 |02-12 19:06:24
  0   0 100   0   0   0|   0     0 |   0     0 |   0     0 |  18    27 |02-12 19:06:25
  1   0  99   0   0   0|   0     0 |5422B 2782B|   0     0 |  33    95 |02-12 19:06:26
  1   1  99   0   0   0|   0     0 |2678B 5566B|   0     0 |  48   123 |02-12 19:06:27
  0   0 100   0   0   0|   0  8192B|   0     0 |   0     0 |  20    42 |02-12 19:06:28
  1   0  99   0   0   0|   0     0 |5422B 2782B|   0     0 |  25    70 |02-12 19:06:29
  1   0  99   0   0   0|   0     0 |6119B 6075B|   0     0 |  34    94 |02-12 19:06:30
  6   3  92   0   0   0|   0     0 |1548B  844B|   0     0 | 132   373 |02-12 19:06:31
  3   2  94   2   0   0|   0    56k|6990B 4476B|   0     0 | 110   417 |02-12 19:06:32
  0   0 100   0   0   0|   0     0 |   0     0 |   0     0 |  22    37 |02-12 19:06:33
  0   0 100   0   0   0|   0     0 |   0     0 |   0     0 |  19    29 |02-12 19:06:34
  1   0 100   0   0   0|   0     0 |5422B 2782B|   0     0 |  22    56 |02-12 19:06:35
  1   1  99   0   0   0|   0     0 |   0     0 |   0     0 |  31    78 |02-12 19:06:36
  0   0 100   0   0   0|   0     0 |   0     0 |   0     0 |  22    48 |02-12 19:06:37
  1   0  99   0   0   0|   0     0 |5422B 2782B|   0     0 |  27    58 |02-12 19:06:38
  0   0 100   0   0   0|   0     0 |   0     0 |   0     0 |  20    31 |02-12 19:06:39
  1   0 100   0   0   0|   0     0 |   0     0 |   0     0 |  19    34 |02-12 19:06:40
  1   0  99   0   0   0|   0     0 |5422B 2782B|   0     0 |  38   111 |02-12 19:06:41
  0   0 100   0   0   0|   0     0 |   0     0 |   0     0 |  23    46 |02-12 19:06:42
  0   0 100   0   0   0|   0     0 |   0     0 |   0     0 |  25    50 |02-12 19:06:43
  1   0  99   0   0   0|   0     0 |5422B 2782B|   0     0 |  24    77 |02-12 19:06:44
  0   0 100   0   0   0|   0     0 |   0     0 |   0     0 |  23    34 |02-12 19:06:45
  1   0 100   0   0   0|   0     0 |   0     0 |   0     0 |  35    76 |02-12 19:06:46
  1   0  99   0   0   0|   0     0 |5844B 3494B|   0     0 |  26    75 |02-12 19:06:47
  0   0 100   0   0   0|   0     0 |   0     0 |   0     0 |  19    32 |02-12 19:06:48
  0   0  99   0   0   0|   0     0 |1895B 1851B|   0     0 |  34    76 |02-12 19:06:49
  7   4  89   0   0   0|   0     0 |7214B 4808B|   0     0 | 180   538 |02-12 19:06:50
  2   2  95   0   0   2|   0     0 |1633k   76k|   0     0 | 250  1074 |02-12 19:06:51
  2   4  92   0   0   3|   0     0 |4248k  143k|   0     0 | 466  1841 |02-12 19:06:52
  2   4  92   0   0   2|   0     0 |4239k  145k|   0     0 | 417  1614 |02-12 19:06:53
  2   3  92   0   0   4|   0  4096B|4264k  143k|   0     0 | 394  1532 |02-12 19:06:54
  2   4  92   0   0   3|   0     0 |4229k  142k|   0     0 | 417  1510 |02-12 19:06:55
  2   4  92   0   0   3|   0     0 |4217k  144k|   0     0 | 452  1559 |02-12 19:06:56
  2   3  93   0   0   2|   0     0 |4238k  142k|   0     0 | 310  1418 |02-12 19:06:57
  2   3  94   0   0   2|   0     0 |4242k  142k|   0     0 | 344  1471 |02-12 19:06:58
  2   2  95   0   0   1|   0  4096B|4269k  146k|   0     0 | 402  1765 |02-12 19:06:59
  2   4  93   0   0   2|   0     0 |4242k  143k|   0     0 | 456  1568 |02-12 19:07:00
  3   5  91   0   0   2|   0     0 |4312k  145k|   0     0 | 417  1475 |02-12 19:07:01
  3   4  90   1   0   2|   0    40k|4248k  145k|   0     0 | 354  1491 |02-12 19:07:02
  2   3  93   0   0   2|   0     0 |4329k  146k|   0     0 | 397  1655 |02-12 19:07:03
  2   3  93   1   0   2|   0    56k|4325k  145k|   0     0 | 387  1559 |02-12 19:07:04
  3   4  92   0   0   1|   0     0 |4191k  143k|   0     0 | 351  1356 |02-12 19:07:05
  3   4  91   0   0   3|   0     0 |4320k  145k|   0     0 | 382  1440 |02-12 19:07:06
  2   4  92   0   0   3|   0     0 |4403k  148k|   0     0 | 447  1630 |02-12 19:07:07
  3   3  94   0   0   1|   0     0 |4256k  146k|   0     0 | 375  1413 |02-12 19:07:08
  2   3  92   0   0   4|   0     0 |4238k  142k|   0     0 | 375  1519 |02-12 19:07:09
  2   5  91   0   0   2|   0     0 |4410k  150k|   0     0 | 396  1561 |02-12 19:07:10
  4   3  91   0   0   3|   0     0 |4149k  146k|   0     0 | 424  1682 |02-12 19:07:11
  2   2  93   0   0   3|   0     0 |4233k  142k|   0     0 | 351  1531 |02-12 19:07:12
  1   3  94   0   0   2|   0     0 |4268k  143k|   0     0 | 390  1631 |02-12 19:07:13
  3   3  92   0   0   4|   0     0 |4291k  147k|   0     0 | 447  1776 |02-12 19:07:14
  3   3  92   0   0   3|   0     0 |4225k  142k|   0     0 | 402  1677 |02-12 19:07:15
  2   3  93   0   0   2|   0     0 |4238k  142k|   0     0 | 434  1755 |02-12 19:07:16
  2   3  91   0   0   3|   0     0 |4256k  146k|   0     0 | 334  1567 |02-12 19:07:17
  2   3  93   0   0   2|   0     0 |4225k  142k|   0     0 | 321  1537 |02-12 19:07:18
  2   2  95   0   0   1|   0     0 |4273k  144k|   0     0 | 344  1661 |02-12 19:07:19
  3   4  92   0   0   2|   0     0 |4226k  145k|   0     0 | 298  1534 |02-12 19:07:20
  3   2  93   0   0   3|   0     0 |4425k  148k|   0     0 | 366  1730 |02-12 19:07:21
  1   4  93   0   0   3|   0     0 |4303k  145k|   0     0 | 364  1575 |02-12 19:07:22
  2   4  93   0   0   2|   0     0 |4304k  147k|   0     0 | 349  1501 |02-12 19:07:23
  2   4  92   0   0   2|   0     0 |4251k  143k|   0     0 | 388  1495 |02-12 19:07:24
  2   3  92   0   0   3|   0  8192B|4277k  144k|   0     0 | 352  1482 |02-12 19:07:25
  2   4  92   0   0   2|   0     0 |4252k  145k|   0     0 | 359  1645 |02-12 19:07:26
  3   4  90   0   0   3|   0     0 |4297k  150k|   0     0 | 429  1684 |02-12 19:07:27
  2   2  94   0   0   2|   0     0 |4229k  142k|   0     0 | 321  1564 |02-12 19:07:28
  1   5  92   0   0   2|   0     0 |4225k  145k|   0     0 | 311  1565 |02-12 19:07:29
  2   2  94   0   0   2|   0  8192B|4273k  144k|   0     0 | 361  1510 |02-12 19:07:30
  2   4  93   0   0   2|   0     0 |4264k  143k|   0     0 | 389  1587 |02-12 19:07:31
  3   3  91   2   0   3|   0    48k|4300k  147k|   0     0 | 360  1669 |02-12 19:07:32
  1   4  92   0   0   4|   0     0 |4238k  142k|   0     0 | 324  1619 |02-12 19:07:33
  2   4  93   0   0   2|   0     0 |4329k  145k|   0     0 | 370  1661 |02-12 19:07:34
  3   3  92   0   0   3|   0     0 |4271k  144k|   0     0 | 328  1589 |02-12 19:07:35
  3   2  94   0   0   2|   0     0 |4253k  144k|   0     0 | 356  1561 |02-12 19:07:36
  2   2  94   0   0   2|   0     0 |4230k  143k|   0     0 | 367  1570 |02-12 19:07:37
  2   4  93   0   0   2|   0     0 |4233k  142k|   0     0 | 384  1534 |02-12 19:07:38
  3   4  91   0   0   2|   0     0 |4300k  147k|   0     0 | 391  1594 |02-12 19:07:39
  2   4  92   0   0   2|   0     0 |4220k  142k|   0     0 | 366  1519 |02-12 19:07:40
  2   3  95   0   0   1|   0     0 |4294k  144k|   0     0 | 298  1617 |02-12 19:07:41
  1   3  92   0   0   4|   0     0 |4213k  144k|   0     0 | 315  1415 |02-12 19:07:42
  2   3  93   0   0   2|   0     0 |4338k  146k|   0     0 | 327  1602 |02-12 19:07:43
  2   4  93   0   0   2|   0     0 |4312k  145k|   0     0 | 375  1582 |02-12 19:07:44
  3   3  92   0   0   2|   0     0 |4230k  145k|   0     0 | 276  1375 |02-12 19:07:45
  3   3  92   0   0   3|   0     0 |4207k  141k|   0     0 | 370  1461 |02-12 19:07:46
  2   3  94   0   0   2|   0     0 |4321k  146k|   0     0 | 358  1567 |02-12 19:07:47
  2   4  92   0   0   2|   0     0 |4234k  145k|   0     0 | 327  1591 |02-12 19:07:48
  1   4  93   0   0   2|   0     0 |4229k  142k|   0     0 | 331  1573 |02-12 19:07:49
  2   4  92   0   0   3|   0     0 |4251k  143k|   0     0 | 318  1589 |02-12 19:07:50
  2   2  95   0   0   1|   0     0 |3100k  103k|   0     0 |  92   456 |02-12 19:07:51
  1   1  99   0   0   0|   0     0 |4518B 4546B|   0     0 |  46   214 |02-12 19:07:52
  0   0 100   0   0   0|   0     0 |   0     0 |   0     0 |  22    35 |02-12 19:07:53
  1   0  99   0   0   0|   0     0 |5422B 2782B|   0     0 |  28    65 |02-12 19:07:54
  0   0 100   0   0   0|   0  8192B|   0     0 |   0     0 |  24    49 |02-12 19:07:55
  0   0 100   0   0   0|   0     0 |   0     0 |   0     0 |  34    82 |02-12 19:07:56
  1   0 100   0   0   0|   0     0 |5422B 2782B|   0     0 |  31    80 |02-12 19:07:57
  0   0 100   0   0   0|   0     0 |   0     0 |   0     0 |  23    37 |02-12 19:07:58
  1   1  99   0   0   0|   0     0 |6119B 6075B|   0     0 |  35    88 |02-12 19:07:59
  8   4  88   0   0   0|   0     0 |7148B 4698B|   0     0 | 175   533 |02-12 19:08:00
  2   1  98   0   0   0|   0  8192B|1390B  754B|   0     0 |  49   240 |02-12 19:08:01
  0   0 100   0   0   0|   0     0 |   0     0 |   0     0 |  22    33 |02-12 19:08:02
  0   0  98   1   0   0|   0    36k|5422B 2782B|   0     0 |  23    72 |02-12 19:08:03
  0   0 100   0   0   0|   0     0 |   0     0 |   0     0 |  24    46 |02-12 19:08:04
  1   0 100   0   0   0|   0     0 |   0     0 |   0     0 |  22    49 |02-12 19:08:05
  1   0  99   0   0   1|   0    44k|5422B 2782B|   0     0 |  38   108 |02-12 19:08:06
  0   0 100   0   0   0|   0     0 |   0     0 |   0     0 |  21    46 |02-12 19:08:07
  0   0 100   0   0   0|   0     0 |   0     0 |   0     0 |  24    44 |02-12 19:08:08
  1   1  99   0   0   0|   0     0 |5422B 2782B|   0     0 |  30    63 |02-12 19:08:09
  1   0 100   0   0   0|   0     0 |  74B   74B|   0     0 |  21    37 |02-12 19:08:10
  2   2  97   0   0   0|   0     0 |3369B 2621B|   0     0 | 131   379 |02-12 19:08:11
